-6.00739e-34
0.000243161
0.000800844
0.000243161
-6.00739e-34
0.00092954
0.000457654
0.00102964
0.000311598
8.40468e-35
0.000162728
0.000643549
0.000457654
0.000311069
0.000690969
0.000832456
8.39513e-35
0.000162488
0.00110114
0.00114403
0.00114403
0.00102964
0.000948578
0.00110114
0.000643549
0.000499709
0.00092954
0.000800844
0.000948363
0.00104596
0.000349501
8.44357e-35
0.000193971
0.00052783
0.000370243
0.000862302
0.000730838
8.43346e-35
0.000193716
0.00110767
0.001142
0.00115833
0.00114215
0.00098572
0.00106257
0.00111799
0.000910465
0.000579079
0.000691184
0.000860634
0.000986541
0.00106586
0.000452242
0.000384767
8.47749e-35
0.000202201
0.000548208
0.000384356
0.000636928
0.000777641
8.46877e-35
0.000163169
0.00112478
0.00114791
0.00114895
0.00100586
0.00113134
0.0010785
0.000932256
0.000612383
0.000730489
0.000883002
0.00100625
0.00108954
0.00050156
0.000350182
8.49109e-35
0.000183084
0.000501252
0.000349963
0.000719066
0.000843672
8.48374e-35
0.000174587
0.00113716
0.00115099
0.00113886
0.00104072
0.00113854
0.00110168
0.000979194
0.000637411
0.000932606
0.000777869
0.00104147
0.00110236
0.000979604
0.000517681
0.000350434
8.50312e-35
0.000183237
0.000517435
0.000350242
0.00074021
0.000621851
0.000904035
8.49848e-35
0.000183146
0.00115093
0.00114292
0.00110595
0.00114039
0.00106277
0.00111587
0.00101719
0.000719298
0.000622108
0.000861699
0.00105101
0.00100268
0.00047304
0.000341013
8.50956e-35
0.000171626
0.000472829
0.00034087
0.000815401
0.000637665
0.000962262
8.5059e-35
0.000171559
0.00115038
0.00113869
0.00110944
0.00114181
0.00108216
0.00113365
0.00113894
0.00102694
0.000757676
0.000637901
0.000898851
0.00106018
0.000994196
0.000489162
0.00034114
8.51379e-35
0.000178101
0.000502132
0.00035073
0.000844
0.000679533
0.000955565
0.000178045
8.51091e-35
0.00114994
0.001131
0.00109909
0.00113796
0.00114902
0.00105502
0.000794199
0.000597988
0.000880617
0.00106891
0.00100126
0.000468888
0.000326214
8.51643e-35
0.000169925
0.000326121
0.000549302
0.000719581
0.000979034
0.000871298
0.000169882
8.5141e-35
0.00111777
0.00114432
0.0011023
0.00114283
0.00114943
0.00105363
0.00075761
0.000611625
0.000933367
0.00106162
0.00046142
0.000241111
8.51795e-35
0.000338597
0.000491386
0.000611531
0.000987989
0.000799615
0.000897293
0.000241061
8.51614e-35
0.0011473
0.0011205
0.00112107
0.00114633
0.00108018
0.000625057
0.000777764
0.000854373
0.000980326
0.0010779
0.00045387
0.000453907
0.000241136
8.51889e-35
0.000453785
0.000638184
0.000921991
0.00102139
0.000794246
0.000241099
8.51746e-35
0.00114827
0.00112313
0.00113505
0.0010924
0.000638294
0.000794383
0.00102151
0.000922128
0.0010925
0.000638327
0.000453931
0.000241152
8.51941e-35
0.000453842
0.000638244
0.00102138
0.000794296
0.000922015
0.000241121
8.51831e-35
0.00114924
0.00113505
0.00113499
0.00109236
0.000922122
0.000719921
0.000794401
0.00102147
0.00109244
0.000638354
0.000453946
0.000241159
8.51968e-35
0.000794333
0.000638286
0.000453881
0.00102138
0.000922034
8.51891e-35
0.000241137
0.00114918
0.00113499
0.00113494
0.00109234
0.000922119
0.000794417
0.0010924
0.00102145
0.000794422
0.000638367
0.000453953
0.000241163
8.5198e-35
0.000794359
0.000638311
0.000453907
0.00102138
0.000922053
8.51922e-35
0.000241147
0.00114913
0.00113495
0.00113492
0.00109233
0.00102143
0.000922113
0.00109238
0.000794425
0.000638374
0.000922109
0.000453956
8.51984e-35
0.000241165
0.000794378
0.000638334
0.000453924
0.00102138
0.000922061
8.51946e-35
0.000241153
0.00113493
0.00114911
0.0011349
0.00109232
0.00102142
0.00109236
0.00102141
0.000794426
0.000638376
0.000922105
8.51984e-35
0.000453957
0.000241165
0.000794391
0.000638348
0.000453935
0.00102138
0.00092207
8.51958e-35
0.000241157
0.00113491
0.00114909
0.00113489
0.00109232
8.51982e-35
0.00109235
0.00102141
0.000794425
0.000638377
0.000922102
0.000241165
0.000453957
0.0007944
0.000638356
0.000453942
0.00102138
0.000922076
8.51966e-35
0.000453947
0.00024116
0.0011349
0.00114908
0.00113489
0.00109232
0.000241164
8.51979e-35
0.00109234
0.0010214
0.000794424
0.000638376
0.000922099
0.000638375
0.000453956
0.000794406
0.000638361
0.000922082
0.00102139
0.00109232
8.5197e-35
0.000453949
0.000241161
0.00113489
0.00114907
0.00113488
8.51977e-35
0.000241164
0.000453955
0.00109233
0.000922098
0.0010214
0.000794423
0.000638374
0.00113489
0.00079441
0.000638366
0.000922085
0.00102139
0.00113488
0.00109232
8.51972e-35
0.000453951
0.000241162
0.000638368
8.51974e-35
0.00114907
8.51974e-35
0.000241163
0.000453954
0.000638373
0.00109233
0.000922096
0.0010214
0.000794421
0.00113488
0.000794413
0.000922087
0.0010604
0.00114109
0.00111715
0.000241163
0.000453952
0.00063837
8.51974e-35
0.000241163
0.00114907
8.51973e-35
0.000453954
0.000241163
0.00079442
0.000638373
0.00109233
0.0010214
0.000922094
0.00113488
0.00109232
0.000922089
0.000794416
0.00102139
0.00113488
0.000638371
0.000453953
0.000794417
8.51974e-35
0.000241163
0.00114907
8.51972e-35
0.000638372
0.000453953
0.000241163
0.000794419
0.000922093
0.00109233
0.0010214
0.00113488
0.00109232
0.00092209
0.00102139
0.00113488
0.000638372
0.000453954
0.000922091
0.000794417
0.000719941
8.51974e-35
0.000241163
0.000453954
8.51971e-35
0.00114907
0.000241162
0.000794418
0.000638371
0.000453953
0.000922092
0.00109232
0.00102139
0.00113488
0.00109232
0.00102139
0.00113488
0.000638372
0.000922092
0.000794418
8.51974e-35
0.000241163
0.000453954
0.000241162
8.5197e-35
0.00114907
0.000453953
0.000922092
0.000794418
0.000638371
0.00102139
0.00109232
0.00113488
0.00102139
0.00109232
0.00113488
0.000794418
0.000638372
0.00102139
0.000922092
8.51973e-35
0.000241163
8.51973e-35
0.000453954
0.000453953
0.000241162
8.5197e-35
0.00114907
0.00113488
0.000638371
0.000922092
0.000794417
0.00102139
0.00109232
0.00109232
0.00113488
0.00071994
0.000794418
0.000638372
0.00102139
0.000922092
0.000241163
8.51973e-35
0.000638372
0.000453954
8.5197e-35
0.000638371
0.000453952
0.000241162
0.00114907
0.00113488
0.000794417
0.000922091
0.00102139
0.00109232
0.00113488
0.00109232
0.000794417
0.000922092
0.000794418
0.00102139
0.000241163
8.51973e-35
0.000794418
0.000453954
0.000638372
8.5197e-35
0.000638371
0.000453952
0.000241162
0.00114907
0.00113488
0.00102139
0.000922091
0.00109232
0.00113488
0.00109232
0.000922091
0.000794417
0.00102139
0.00109232
0.000922092
0.000241163
8.51972e-35
0.000794418
0.000453954
0.000638372
8.5197e-35
0.000241162
0.000638371
0.000453952
0.00114907
0.00113488
0.00109232
0.00102139
0.00113488
0.00102139
0.000922091
0.000794417
0.00102139
0.00109232
0.000922092
0.000241163
8.51972e-35
0.000794418
0.000453953
0.000638372
0.000453952
8.5197e-35
0.000241162
0.000638371
0.000794417
0.00114907
0.00113488
0.00109232
0.00113488
0.00102139
0.000922091
0.00102139
0.00109232
0.000922092
0.000241163
8.51972e-35
0.000453953
0.000794418
0.000638372
8.5197e-35
0.000453953
0.000241162
0.000638371
0.000794417
0.00114907
0.00113488
0.00109232
0.00113488
0.000922091
0.00102139
0.00102139
0.00109232
0.000922092
0.000241163
8.51972e-35
0.000453953
0.000794418
0.000638372
0.000638371
8.5197e-35
0.000241162
0.000453953
0.000794417
0.00109232
0.00114907
0.00113488
0.00113488
0.000922091
0.00102139
0.00109232
0.000922092
0.00109232
0.00102139
8.51971e-35
8.51972e-35
0.000241163
0.000638372
0.000453953
0.000241163
0.000794418
0.000638371
8.5197e-35
0.000241162
0.000453953
0.000794417
0.000922091
0.00113488
0.00114907
0.00113488
0.00113488
0.00102139
0.00109232
0.000922092
0.000861802
0.00109232
0.00102139
8.51971e-35
0.000241163
0.000638372
0.000453953
0.000453953
0.000794418
0.000638371
8.51971e-35
8.51971e-35
0.000453953
0.000241162
0.000794417
0.000999228
0.000922092
0.00114907
0.00113488
0.00113488
0.00106041
0.00110562
0.000922092
0.00109232
0.00102139
8.51971e-35
0.000241163
0.000453953
0.000638372
0.000794418
8.51971e-35
0.000638371
0.000241162
0.000241162
0.000453953
0.000794417
0.00102139
0.000922092
0.00114907
0.00113488
0.00113488
0.00109232
0.000922092
0.00102139
0.00109232
0.000241163
8.51971e-35
0.000453953
0.000638371
0.000794418
8.51971e-35
0.000241162
0.000638371
0.000453953
0.000794417
0.000922092
0.00102139
8.51971e-35
0.00114907
0.00113488
0.00113488
0.00109232
0.000922092
0.00102139
0.00109232
0.000453953
0.000241163
0.000922092
0.000638371
0.000794418
0.000241162
8.51971e-35
0.000453953
0.000638371
0.000794417
0.000453953
0.000922092
0.00102139
0.000241163
8.51971e-35
0.00114907
0.00113488
0.00113488
0.00109232
0.00109232
0.00102139
0.000638371
0.000453953
0.000922092
0.000794418
0.000241162
8.51971e-35
0.000453953
0.000922092
0.000638371
0.000794417
0.000638371
0.00102139
0.000241163
0.000453953
8.51971e-35
0.00114907
0.00113488
0.00113488
0.00109232
0.00109232
0.00102139
0.000794418
0.000638371
0.000638371
0.000922092
8.51971e-35
0.000241162
0.000453953
0.000638371
0.000719941
0.000922092
0.000794417
0.000794417
0.00102139
0.000241163
0.000453953
8.51971e-35
8.51971e-35
0.00114907
0.00113488
0.00113488
0.00109232
0.00109232
0.00102139
0.000638371
0.000794418
0.000794418
0.000922092
0.000241162
0.000453953
0.000638371
0.000794418
0.000861801
0.00102139
0.000922092
0.000241163
0.000638371
0.000453953
8.51971e-35
0.000241162
8.51971e-35
0.00109232
0.00114907
0.00113488
0.00113488
0.00109232
0.00102139
0.000794418
0.000922092
0.00102139
0.000922092
0.000453953
0.000638371
0.000794418
0.000922092
0.00102139
0.000241163
0.000453953
0.000638371
8.51971e-35
0.000241162
0.000453953
8.51971e-35
0.00113488
0.00109232
0.00113488
0.00114907
0.000794418
0.00109232
0.000922092
0.00102139
0.000638371
0.000794418
0.000922092
0.000922092
0.00102139
0.000453953
0.000241163
0.000638371
0.000241162
8.51971e-35
0.000638371
0.000453953
8.51971e-35
0.00113488
0.000794418
0.00109232
0.00113488
0.00114907
0.000922092
0.00109232
0.00102139
0.00109232
0.000794418
0.000922092
0.00102139
0.00109232
0.000453953
0.000241162
0.000638371
0.000794418
8.51971e-35
0.000241162
0.000794418
0.000638371
0.000453953
0.000241162
8.51971e-35
0.00113488
0.000922092
0.00113488
0.00114907
0.00102139
0.00113488
0.00109232
0.00113488
0.000922092
0.00102139
0.00109232
0.000453953
0.000638371
0.000922092
0.000794418
8.51971e-35
0.000241162
0.000453953
0.000922092
0.000794418
0.000638371
0.000241162
8.51971e-35
0.00102139
0.00114907
0.00109232
0.00113488
0.00113488
0.00109232
0.00102139
0.00102139
0.000453953
0.000638371
0.000922092
0.000719941
0.000794418
8.51971e-35
0.000241162
0.000453953
0.000638371
0.00102139
0.000922092
0.000794418
8.51971e-35
0.000241162
0.00109232
0.00114907
0.00113488
0.00113488
0.00109232
0.00109232
0.00102139
0.000453953
0.000638371
0.000922092
0.000794418
0.000453953
8.51971e-35
0.000241162
8.51971e-35
0.000638371
0.00102139
0.000922092
0.000922092
0.000794418
8.51971e-35
0.000241162
0.00113488
0.00114907
0.00109232
0.00113488
0.00113488
0.00109232
0.00102139
0.000453953
0.000638371
0.000922092
0.000794418
8.51971e-35
0.000453953
0.000241162
0.000638371
0.00109232
0.00102139
0.000922092
0.000794418
8.51971e-35
0.000241162
0.000453953
0.00114907
0.00113488
0.00113488
0.00109232
0.00102139
0.000638371
0.000794418
0.000922092
8.51971e-35
0.000241162
0.000241162
0.000453953
0.000638371
0.000794418
0.00109232
0.00102139
0.000922092
8.51971e-35
0.000241162
0.000453953
0.000638371
0.00113488
0.00114907
0.00113488
0.00113488
0.00109232
0.00102139
0.000922092
0.000794418
0.000241162
8.51971e-35
0.000922092
0.000453953
0.000638371
0.000794418
0.000453953
0.00109232
0.00102139
0.00102139
8.51971e-35
0.000794418
0.000638371
0.000241162
0.000453953
0.00114907
0.00113488
0.00113488
0.00109232
0.00102139
0.000922092
0.000241162
8.51971e-35
0.000922092
0.000794418
0.000638371
0.000453953
0.00109232
0.00102139
8.51971e-35
0.000241162
8.51971e-35
0.000638371
0.000861801
0.000794418
0.000453953
0.00114907
0.00113488
0.00113488
0.00109232
0.00102139
0.000975289
0.000922092
0.000241162
0.000922092
0.000794418
0.000638371
0.000453953
0.00109232
0.00102139
8.51971e-35
0.000922092
0.000241162
8.51971e-35
8.51971e-35
0.000638371
0.000794418
0.000453953
0.00114907
0.00113488
0.00113488
0.00102139
0.00109232
0.00104179
0.000241162
0.000453953
0.000922092
0.000794418
0.000638371
0.000638371
0.00109232
0.00102139
8.51971e-35
0.000241162
0.000922092
0.000241162
8.51971e-35
8.51971e-35
0.000638371
0.000794418
0.000453953
8.51971e-35
0.00102139
0.00114907
0.00113488
0.00109232
0.00113488
0.00109232
0.000453953
0.000922092
0.000794418
0.000638371
0.00109232
0.00102139
0.000241162
0.000453953
0.000922092
0.000453953
0.000241162
8.51971e-35
0.000241162
0.000794418
0.000638371
0.000241162
8.51971e-35
0.00102139
0.00109232
0.00114907
0.00113488
0.00113488
0.000638371
0.000922092
0.000794418
0.00109232
0.00102139
0.000453953
0.000638371
0.00102139
0.000922092
8.51971e-35
0.000794418
0.000453953
0.000241162
0.000638371
0.000453953
0.000241162
8.51971e-35
8.51971e-35
0.00109232
0.00113488
0.00113488
0.00114907
0.000794418
0.000922092
0.00109232
0.00102139
0.00113488
0.000638371
0.000794418
0.00102139
0.00109232
0.000922092
0.000241162
0.000241162
0.000638371
0.000794418
0.000453953
0.000453953
0.000638371
8.51971e-35
0.000453953
0.000241162
8.51971e-35
0.000241162
0.00113488
0.00114907
0.00113488
0.000922092
0.00109232
0.00102139
0.00113488
0.000922092
0.000794418
0.000794418
0.00102139
0.00109232
0.000922092
0.000794418
0.000453953
0.000638371
0.000453953
8.51971e-35
0.000638371
0.000241162
0.000453953
8.51971e-35
0.000241162
0.00114907
0.00113488
0.00102139
0.00109232
0.00113488
0.000794418
0.000922092
0.00102139
0.000453953
0.00109232
0.00102139
0.000922092
0.000794418
0.000638371
0.000638371
0.000241162
8.51971e-35
0.000638371
0.000453953
0.000794418
8.51971e-35
0.000241162
0.00114907
0.00113488
0.00113488
0.00109232
0.000922092
0.000922092
0.00102139
0.000453953
0.000638371
0.00109232
0.00102139
0.000922092
0.000794418
0.000794418
0.000453953
0.000241162
8.51971e-35
0.000922092
0.000638371
0.000794418
8.51971e-35
0.000241162
0.000453953
0.00114907
0.00113488
0.00113488
0.00109232
0.00102139
0.00102139
0.000638371
0.000794418
0.00109232
0.00102139
0.000922092
0.000922092
0.000638371
0.000453953
0.000241162
8.51971e-35
0.000922092
0.000794418
8.51971e-35
0.000241162
0.000453953
0.000638371
0.00113488
0.00114907
0.00113488
0.00109232
0.00109232
0.00102139
0.000794418
0.000922092
0.00109232
0.00102139
0.000638371
0.000453953
0.000241162
8.51971e-35
0.000922092
0.000794418
8.51971e-35
0.000241162
0.000453953
0.000794418
0.000638371
0.000638371
0.00109232
0.00113488
0.00114907
0.00113488
0.00113488
0.00102139
0.000922092
0.00102139
0.00109232
0.00102139
0.000638371
0.000453953
0.000241162
8.51971e-35
0.000922092
0.000794418
8.51971e-35
8.51971e-35
0.000241162
0.000453953
0.000794418
0.000922092
0.000638371
0.000794418
0.00102139
0.00109232
0.00113488
0.00113488
0.00114907
0.00109232
0.00102139
0.00109232
0.000794418
0.000638371
0.000453953
0.000241162
0.000922092
0.000241162
8.51971e-35
8.51971e-35
0.000241162
0.000453953
0.000922092
0.000638371
0.000794418
0.00102139
0.00102139
0.00113488
0.00113488
0.00114907
0.00113488
0.00109232
0.00113488
0.00109232
0.000794418
0.000638371
0.000453953
0.000922092
0.00102139
0.000241162
8.51971e-35
0.000241162
8.51971e-35
0.000453953
0.000861801
0.000922092
0.00102139
0.000794418
0.000638371
8.51971e-35
0.00109232
0.00109232
0.00114907
0.00113488
0.00113488
0.00109232
0.000794418
0.000453953
0.000638371
0.000922092
0.00109232
0.00102139
0.000453953
0.000241162
0.000241162
8.51971e-35
0.000453953
0.000922092
0.00102139
0.000794418
0.000638371
0.000241162
8.51971e-35
0.00113488
0.00113488
0.00114907
0.00113488
0.00109232
0.000794418
0.000638371
0.000922092
0.00109232
0.00102139
0.000453953
8.51971e-35
0.000241162
0.000453953
0.000922092
0.00102139
0.000794418
0.000638371
0.000241162
8.51971e-35
0.00113488
0.00114907
0.00113488
0.00109232
0.000638371
0.000794418
0.000922092
0.00113488
0.00109232
0.00102139
0.000453953
8.51971e-35
0.000453953
0.000241162
0.000922092
0.00102139
0.000922092
0.000794418
0.000638371
0.000241162
8.51971e-35
0.00114907
0.00109232
0.00113488
0.000638371
0.000794418
0.000922092
0.00102139
0.00113488
0.00109232
0.000638371
0.000453953
8.51971e-35
0.000453953
0.000241162
0.00102139
0.00109232
0.000922092
0.000794418
0.000638371
0.000241162
8.51971e-35
0.00114907
0.00113488
0.000922092
0.000794418
0.00102139
0.00113488
0.00109232
0.000453953
0.000638371
0.000794418
8.51971e-35
0.000241162
0.000638371
0.000453953
0.000975289
0.00102139
0.00109232
0.000922092
0.000794418
0.000453953
0.000241162
8.51971e-35
0.00114907
0.00113488
0.000922092
0.00102139
0.00109232
0.00113488
0.000638371
0.000794418
0.000922092
8.51971e-35
0.000241162
0.000638371
0.000453953
0.00102139
0.00109232
0.000922092
0.000794418
0.00102139
0.000453953
0.000241162
8.51971e-35
0.00114907
0.00113488
0.00102139
0.00109232
0.00113488
0.00113488
0.000794418
0.000638371
0.000922092
0.000241162
8.51971e-35
0.000794418
0.000638371
0.000453953
0.00109232
0.00102139
0.000922092
0.000453953
0.000241162
8.51971e-35
0.00114907
0.00102139
0.00109232
0.00113488
0.00113488
0.00102139
0.000794418
0.000638371
0.000922092
0.000241162
8.51971e-35
0.000453953
0.000794418
0.000638371
0.00109232
0.00102139
0.000922092
0.000453953
0.000241162
8.51971e-35
0.00114907
0.00109232
0.00113488
0.00113488
0.00102139
0.000794418
0.000638371
0.000922092
8.51971e-35
0.000241162
0.000453953
0.000638371
0.000794418
0.00109232
0.00102139
0.000922092
0.000922092
0.000453953
0.000241162
8.51971e-35
0.00114907
0.00109232
0.00113488
0.00113488
0.00102139
0.000794418
0.000638371
0.000922092
0.00109232
8.51971e-35
8.51971e-35
0.000241162
0.000453953
0.000638371
0.000794418
0.000922092
0.00109232
0.00102139
0.000638372
0.000453953
0.000241163
8.51971e-35
0.00114907
0.00113488
0.00113488
0.00102139
0.000922092
0.000794418
0.00109232
8.51971e-35
0.000241162
0.000453953
0.000638371
0.000794418
8.51972e-35
0.000922092
0.00102139
0.00109232
0.000638372
0.000453953
0.000241163
8.51971e-35
0.00114907
0.00113488
0.00113488
0.00102139
0.000922092
0.000794418
0.00109232
0.000241163
0.000453953
0.000638372
0.000794418
0.000241163
8.51972e-35
0.00102139
0.000922092
0.00109232
0.000638372
0.000453954
0.000241163
8.51972e-35
0.00114907
0.00113488
0.00113488
0.000794418
0.00102139
0.000922092
0.00113488
0.00109232
0.000638372
0.000453953
0.000794418
0.000453954
0.000241163
8.51974e-35
0.00109232
0.000922092
0.00102139
0.000638373
0.000453954
0.000241163
8.51973e-35
0.00114907
0.00113488
0.000794419
0.000922092
0.00102139
0.00113488
0.00109232
0.000794419
0.000638372
0.000453955
0.000241163
8.51976e-35
0.000922092
0.00109232
0.00102139
0.000638373
0.000241163
0.000453955
8.51975e-35
0.00114907
0.00113488
0.000794419
0.000922093
0.00102139
0.00113488
0.00109232
0.000794419
8.5198e-35
0.000638373
0.000453956
0.000241164
0.00102139
0.000922092
0.00109232
0.000638374
0.000453956
0.000241164
8.51977e-35
0.00114907
0.00113488
0.00079442
0.000922093
0.00102139
0.00109232
0.00113488
0.00079442
8.51987e-35
0.000241165
0.000638375
0.000453957
0.000922093
0.00102139
0.00109232
8.51997e-35
0.000638376
0.000453958
0.000241165
8.51981e-35
0.000794422
0.00114906
0.00113488
0.000922093
0.00102139
0.00109232
0.00113488
0.000794421
0.00024117
0.000241167
0.00045396
0.000638377
0.000922093
0.00102139
0.00109232
8.52013e-35
0.000638379
0.000453961
0.000241167
8.51988e-35
0.000794424
0.00114906
0.00113487
0.000922094
0.00102139
0.00109232
0.00113487
0.000241174
0.000794423
0.000453965
0.000638379
0.00071995
0.00102139
0.000922094
0.00109232
8.52037e-35
8.51999e-35
0.000638383
0.000453964
0.00024117
0.000794426
0.000922094
9.30945e-36
9.31789e-36
0.00113487
0.00114906
0.00102139
0.00109231
0.00113487
0.000453971
0.000241179
0.000922094
0.000794427
0.00063839
0.000638384
0.00102139
0.00109231
0.00113486
8.5207e-35
0.000241187
8.52015e-35
0.000241173
0.000638388
0.000453971
0.000922095
0.00079443
1.75369e-35
2.11003e-05
1.75538e-35
0.00114905
0.00102139
0.00109231
0.00113486
0.00113486
0.00045398
0.000453991
0.000638398
0.00102139
0.000794435
0.000922095
0.00079443
0.00109231
8.52118e-35
0.000241198
0.000454006
0.000453978
8.52038e-35
0.000241179
0.000638397
0.000922096
0.000794435
1.6455e-35
2.12182e-05
1.64718e-35
0.00114904
0.00102138
0.0010923
0.00113485
0.00113485
0.000638407
0.000638421
0.00102138
0.000794441
0.000922095
0.0010923
8.52182e-35
0.000241212
0.000454024
0.000453988
8.52072e-35
0.000241187
0.000794439
0.000638407
0.000922096
0.00102138
1.6455e-35
2.12182e-05
1.64718e-35
0.00114902
0.00109229
0.00113484
0.00113483
0.000638436
0.000794454
0.000794447
0.00102138
0.000922096
0.000922095
0.00109228
8.52267e-35
0.00024123
0.000454042
8.52119e-35
0.000454002
0.000241198
0.000794446
0.000638419
0.000922095
0.00102137
0.00109228
1.6455e-35
2.12182e-05
1.64718e-35
1.6455e-35
0.000638449
0.00114901
0.00113483
0.00113482
0.000794457
0.000922093
0.00102137
0.00109227
0.00113481
8.5237e-35
0.000241248
0.000454062
0.000241211
8.52183e-35
0.00045402
0.000922092
0.000794452
0.000638433
0.00109226
0.00102136
2.12182e-05
1.64718e-35
1.6455e-35
0.000638455
0.000794454
0.00114899
0.0011348
0.000922088
0.00102136
0.00109226
0.00113479
8.52493e-35
0.000454071
0.000241267
0.000241228
8.52267e-35
0.000454041
0.000638446
0.000922088
0.000794456
0.00102135
0.00109225
2.12182e-05
1.64718e-35
1.6455e-35
0.000638444
0.000794434
0.000922072
0.00113479
0.00114897
0.00102134
0.00109225
0.00113478
8.52596e-35
0.000241277
0.00045406
8.52369e-35
0.000241247
0.000454059
0.000638453
0.000794451
0.000922078
0.00102134
0.00109224
0.000794436
2.12182e-05
1.64718e-35
1.6455e-35
8.52668e-35
8.52649e-35
0.00114896
0.00102133
0.000638409
0.000794383
0.000922055
0.00113478
0.00109224
0.00109225
0.00113479
0.000241267
0.000453999
8.52485e-35
0.000638445
0.000241265
0.000454069
0.000922059
0.00102133
0.00109224
0.000719959
0.000861762
2.12182e-05
1.64718e-35
1.6455e-35
9.31844e-36
9.31e-36
0.000241206
8.5232e-35
0.00114898
0.000638282
0.00102132
0.000794276
0.000922017
0.00113482
0.00109229
0.00113482
0.000638093
0.000453848
0.000638392
8.52602e-35
0.000454051
0.000241275
0.000975217
0.00109227
0.000794359
0.000921996
2.12182e-05
1.64718e-35
1.6455e-35
1.75548e-35
2.11015e-05
1.7538e-35
0.00045353
0.000241066
8.51484e-35
0.000240741
0.00114906
0.000794075
0.00102132
0.000921927
0.00109237
0.00113494
0.00113492
0.000637684
0.000861333
0.00079361
0.0006383
0.000453994
8.52647e-35
0.000241263
0.00102131
0.00109236
0.000794268
0.000921942
2.12182e-05
1.64718e-35
1.64549e-35
1.64728e-35
2.12194e-05
1.64559e-35
1.64728e-35
1.64559e-35
0.000452928
8.49699e-35
0.000240183
0.00114924
0.000921844
0.00102137
0.00109257
0.00113514
0.00113517
0.000636786
0.000921612
0.000793101
0.00063813
0.000794064
8.526e-35
0.00045384
0.00024121
0.00102134
0.00109256
0.000921833
1.64718e-35
2.12182e-05
1.6455e-35
2.12194e-05
1.64728e-35
1.64559e-35
0.000451686
8.46377e-35
0.00023908
0.0011496
0.00102147
0.00109295
0.00113556
0.00113593
0.00102169
0.000635417
0.000792095
0.000921314
0.000637756
0.000793699
8.5228e-35
0.000241061
0.000453566
0.00102142
0.00109294
0.000921656
1.64718e-35
2.12181e-05
1.64548e-35
2.12194e-05
1.64728e-35
1.64559e-35
1.64559e-35
0.000449734
0.000633174
8.29958e-35
8.39751e-35
0.000237357
8.51426e-35
0.00115028
0.00109365
0.00113633
0.0011367
0.0010221
0.000790474
0.000921008
0.00109552
0.000793084
0.000637083
0.000240777
0.000452908
0.00102158
0.00109364
0.000921385
1.64721e-35
2.12185e-05
1.64541e-35
1.64728e-35
2.12194e-05
1.64559e-35
8.11873e-35
0.000787973
0.000446934
0.000630278
0.000442014
0.00022932
0.000234414
8.49608e-35
0.000240218
0.00115146
0.00113766
0.00113785
0.00113989
0.00102283
0.000920423
0.00109738
0.00109484
0.000792331
0.000635929
0.000451984
0.00102208
0.00092098
1.64604e-35
2.12173e-05
1.63476e-35
1.64728e-35
2.12194e-05
1.64728e-35
1.64559e-35
0.000919593
7.80871e-35
7.38064e-35
0.000221974
0.000784159
0.000626072
0.000434273
0.000420791
8.46211e-35
0.000239199
0.0011402
0.00115486
0.00114254
0.0010241
0.0011001
0.00109684
0.00079086
0.000633992
0.000714229
0.000449974
0.0010228
0.000920389
1.62336e-35
2.12213e-05
1.60251e-35
2.12194e-05
1.64728e-35
1.64559e-35
8.40411e-35
0.000918112
0.00102621
6.64881e-35
0.000210452
0.000404625
0.00077852
0.000615448
0.000602771
0.00044731
0.000237362
0.00114628
0.00115898
0.0011463
0.00110518
0.00102406
0.00115161
0.00110007
0.00078792
0.000630255
0.000919548
1.74308e-35
2.1189e-05
1.54268e-35
5.60474e-35
2.12194e-05
1.64728e-35
1.64728e-35
1.64559e-35
1.64559e-35
0.000234375
8.28617e-35
0.000916564
0.00102963
0.000124936
0.000262548
0.000492196
0.000587958
0.000768334
0.000625002
0.000441968
0.00116972
0.00115349
0.00111301
0.00102573
0.00115898
0.00110517
0.000784103
0.000918416
2.22781e-35
2.07945e-05
1.45941e-35
4.03476e-35
0.000115402
1.64727e-35
1.6456e-35
2.12194e-05
0.000229905
8.11521e-35
0.000914814
0.00103503
0.00112472
0.000478006
0.000224851
0.000371484
0.000628546
0.000759316
0.00091351
0.00061857
0.000434229
0.00118475
0.0011817
0.00117068
0.000778478
0.00117246
0.00102824
0.00112202
0.00111296
0.00091695
3.10185e-35
1.33196e-35
2.01363e-05
1.01899e-35
2.01512e-35
-3.34805e-37
0.000168522
6.67712e-05
1.6456e-35
1.64728e-35
2.12194e-05
1.64546e-35
7.82249e-35
0.000222489
7.37528e-35
0.00104334
0.00114176
0.000638089
0.000477243
0.000321066
0.000966944
0.000803137
0.000422355
0.000607407
0.00120321
0.00121057
0.00120314
0.000770405
0.000915212
0.0011344
0.00103291
4.70953e-35
1.93329e-05
6.09358e-37
1.37396e-05
-8.05481e-36
3.00676e-05
2.90057e-06
0.00026202
0.000109828
1.64625e-35
2.1219e-05
1.63515e-35
0.000406855
0.000210289
6.64482e-35
0.00118606
0.00107504
0.000799239
0.000648428
0.000435356
0.000964614
0.000587882
0.00124237
0.00115091
0.00125747
0.00123005
0.000759287
0.000714145
0.000913488
0.00104327
0.000382227
7.31729e-35
1.61078e-05
2.02943e-06
4.86329e-05
0.000146647
1.6232e-35
2.12228e-05
1.60151e-35
1.74343e-35
0.000348986
5.599e-35
0.000124817
0.000234444
0.00121582
0.00111609
0.000825713
0.000622117
0.000975231
0.000717866
0.000504625
0.00109321
0.0012937
0.00129196
0.00118293
0.00128171
0.000870671
0.000661621
0.00101419
0.000546561
0.000264059
1.43971e-34
2.64236e-05
8.94789e-05
0.000754238
2.11921e-05
1.54553e-35
2.22754e-35
4.02465e-35
0.000369234
0.000115262
0.000235807
0.0012263
0.00110906
0.000861908
0.00104708
0.000912937
0.00135777
0.00049668
0.00109179
0.00135507
0.00130702
0.00123896
0.00066118
0.00097701
0.000819215
0.000467359
0.000260139
3.81667e-34
0.000724188
0.000980371
2.07545e-05
1.45814e-35
3.1002e-35
1.33883e-35
2.01039e-35
-4.81542e-37
6.66494e-05
0.000325501
0.000168374
0.00130892
0.00120419
0.00107045
0.00117478
0.00141727
0.00143297
0.000505126
0.00112736
0.00135797
0.00125854
0.000694157
0.000947788
0.000383815
0.000763518
3.61517e-34
0.00122929
0.00104417
1.97757e-05
4.7124e-35
1.81435e-05
1.02064e-35
2.98435e-05
-4.89091e-37
3.20971e-06
-7.69204e-36
0.000109309
0.000369001
0.000236908
0.00145739
0.00139986
0.00131332
0.00138791
0.00148583
0.00148757
0.000513814
0.00139349
0.00112195
0.00127565
0.000770069
0.000994235
0.000529198
0.000957181
2.91757e-34
0.00128372
0.00119741
7.1648e-35
1.39812e-05
4.87593e-05
1.05835e-06
0.000146612
0.000321388
0.0015224
0.00148179
0.00149183
0.00146289
0.00155698
0.000472717
0.000658133
0.00135792
0.00119895
0.000870058
0.00110007
0.000656578
0.00111735
2.58368e-34
0.00150355
0.00144206
1.44872e-34
8.89929e-05
2.58478e-05
0.000243016
0.00161227
0.00158239
0.00155817
0.00148518
0.00161885
0.00158215
0.00167347
0.000515893
0.000816949
0.001294
0.00102917
0.00115002
0.000666269
0.00129903
2.28613e-34
0.0016023
0.00147982
3.93487e-34
0.0003832
0.00169493
0.00146288
0.00164178
0.00173219
0.00157926
0.00167551
0.000743481
0.00104407
0.00128356
0.001075
0.000602312
0.00142126
2.27416e-34
0.0016928
0.00166843
3.61659e-34
0.000529741
0.00177405
0.00142098
0.00158541
0.00175471
0.00167344
0.000903711
0.00122267
0.000603408
0.00107613
0.00143219
0.00166703
0.0016235
2.38932e-34
0.00180643
0.00180684
2.91762e-34
0.000654437
0.00177868
0.00142192
0.00165149
0.00111712
0.000643819
0.00114601
0.00150214
0.00182693
0.00176692
0.00174859
2.48998e-34
2.47653e-34
0.0018654
0.00183778
2.58064e-34
0.000655433
0.00113841
0.00178348
0.00169916
0.00147977
0.000692156
0.00122582
0.00160229
0.00187505
0.001876
0.00182845
2.48775e-34
2.48651e-34
0.000688382
0.00186209
0.00182131
0.000589699
2.28515e-34
0.00107507
0.00142364
0.00166469
0.00122304
0.00160289
0.00188519
0.00190292
0.00183038
2.48633e-34
0.000687121
0.000686726
0.00122174
0.00172723
0.00168037
2.27774e-34
0.000606698
0.00107604
0.00143214
0.0017704
0.00160293
0.00182772
0.00190625
0.00183143
2.48628e-34
0.000686641
0.0012212
0.00151449
2.39054e-34
0.000643858
0.00114599
0.0016026
0.00173516
0.00160284
0.00183068
0.00190763
0.00183174
2.48652e-34
0.000686649
0.001221
0.00122512
2.47378e-34
0.000691535
0.00122306
0.00160295
0.00160277
0.00183182
0.00183158
0.00190811
2.48828e-34
0.000686838
0.00122103
0.00160273
0.000688469
2.49206e-34
0.00122175
2.49465e-34
0.00160293
0.00183171
0.00160293
0.00190817
0.00183191
0.000687508
0.00122131
0.00160265
0.00183128
2.48735e-34
0.000687152
0.00122132
0.000686786
2.66385e-34
0.000689193
2.51319e-34
2.55788e-34
0.00122116
0.00190799
0.00160298
0.00183188
0.0012244
0.00122196
0.0016026
0.00183017
0.00190752
2.48671e-34
0.000686713
3.57351e-34
2.90563e-34
0.00052692
0.000531677
0.000694343
0.000704117
0.00122128
0.00183159
0.00160312
0.00122836
0.00160249
0.00182749
0.00190454
0.00188771
2.48648e-34
0.000686794
-2.97992e-34
4.87007e-34
0.000709296
0.000944349
0.000993397
0.00111732
0.00123751
0.0012216
0.00178843
0.00160335
0.00160181
0.00182133
0.00189894
0.00182953
2.48686e-34
0.000687073
0.000890824
0.00124632
0.001261
0.00130766
0.00144186
0.00167986
0.0012225
0.0016037
0.00180855
0.0018869
0.00182559
2.48779e-34
0.000687945
0.00100786
0.00153122
0.00150286
0.00163256
0.00172976
0.00122455
0.00160409
0.0018525
0.00186376
0.00181663
2.49057e-34
0.00068974
0.00109146
0.00160781
0.00167498
0.00154599
0.00178188
0.00122897
0.00160415
0.00180739
0.0017709
2.49864e-34
0.000694956
0.00114161
0.00168812
0.00163422
0.00176497
0.00167152
0.00170422
0.00123791
0.00158945
0.00166395
2.51959e-34
0.000705848
0.00115833
0.00173622
0.0016395
0.00156296
0.00154799
0.00109697
0.00143212
2.56485e-34
0.000533159
0.00114161
0.00165806
0.00145899
0.00134467
0.00132929
0.000954927
2.67198e-34
0.00109146
0.00146526
0.00114222
0.000944705
2.92759e-34
0.00100786
0.00125123
0.000704654
3.55763e-34
0.000890824
4.86381e-34
-2.97992e-34
