2.61681e-36
2.61651e-36
6.50132e-06
4.87966e-36
4.87905e-36
4.52507e-36
4.52568e-36
6.50132e-06
4.52568e-36
4.52507e-36
6.50132e-06
4.52568e-36
4.52507e-36
6.50132e-06
4.52568e-36
4.52507e-36
6.50132e-06
4.52568e-36
4.52568e-36
4.52507e-36
4.52507e-36
6.50132e-06
4.52568e-36
4.52507e-36
6.50132e-06
4.52568e-36
4.52507e-36
6.50132e-06
4.52568e-36
4.52568e-36
4.52507e-36
4.1816e-35
6.50132e-06
4.52568e-36
4.52507e-36
4.52507e-36
0.000203096
0.000166412
0.000187374
6.19287e-35
0.000213578
0.000223327
0.000203096
0.000187374
4.52568e-36
6.50132e-06
4.52568e-36
4.52507e-36
0.00019581
0.00012875
0.000154283
4.84052e-35
0.000213578
0.000218819
0.000218819
0.00021041
0.000231632
0.000235913
4.1816e-35
0.000223606
0.000166412
0.00020115
0.000163051
6.50132e-06
4.5257e-36
4.52507e-36
4.52509e-36
9.09806e-05
0.000185662
3.60199e-35
3.96156e-35
0.000237117
0.000241892
0.000225741
0.000242597
0.000239946
6.23841e-35
0.000231937
0.000210148
0.000184576
9.59506e-05
0.000162123
6.50127e-06
4.52564e-36
4.5251e-36
0.000132463
0.000204436
3.43096e-35
6.88995e-05
0.00024151
0.000244267
0.00024094
0.000253669
0.000245857
5.38985e-35
0.000225705
0.000188092
0.000130741
6.50151e-06
4.52507e-36
4.52512e-36
0.000189873
0.000138347
0.000231705
3.34275e-35
7.38347e-05
0.000255396
0.000255051
0.000262804
0.000256412
0.00024094
3.97255e-35
0.000207699
7.30165e-05
0.000137871
6.50101e-06
4.52154e-36
4.52469e-36
3.30848e-35
0.000153825
0.000216793
0.000242399
0.000169031
9.35082e-05
9.43661e-05
0.000267187
0.000226666
0.000270252
0.000265358
0.000255391
0.000274375
3.61757e-35
0.000193915
0.000118759
5.12267e-36
6.49356e-06
4.52431e-36
4.45953e-36
3.28847e-35
3.28196e-35
9.30467e-05
0.000223305
0.000258245
0.00016793
0.000222993
0.000275277
0.000225035
0.000251014
0.000267173
0.000275277
3.42834e-35
0.000178139
0.000106278
6.94064e-36
6.37324e-06
4.25334e-36
3.27978e-35
9.28519e-05
9.27772e-05
0.00027686
0.00016734
0.000259071
0.00022282
0.00027686
0.000223235
0.000258218
0.000259049
3.34633e-35
0.000168958
9.44129e-05
3.27923e-35
9.89286e-36
6.08533e-06
3.93202e-36
9.27433e-05
0.000167134
0.000167009
0.000279292
0.000277667
0.000222721
0.000259548
0.000270733
0.000223022
0.000167915
0.000252013
3.30527e-35
9.35341e-05
9.27364e-05
3.27918e-35
5.652e-06
1.51549e-35
3.33439e-36
3.5121e-06
0.000166974
0.000222679
0.000222645
0.000277902
0.000271139
0.000279693
0.000259698
0.000259581
0.000167438
0.000222797
3.28766e-35
9.30349e-05
0.000166956
9.27352e-05
3.27918e-35
4.83145e-06
2.29e-35
2.03119e-36
2.98702e-37
2.44152e-06
0.000222635
0.00025973
0.000259748
0.00025967
0.000278137
0.000271271
0.000278155
0.000222707
0.000167156
3.28197e-35
9.28347e-05
3.27895e-35
0.000222635
0.000166956
9.27393e-05
5.7118e-06
4.41124e-35
5.17068e-06
-2.99315e-38
1.52995e-05
0.000259754
0.000278283
0.000278308
0.000222661
0.000259731
0.000278258
0.000167013
3.27991e-35
9.27684e-05
0.000259753
3.27955e-35
3.28097e-35
0.000222641
0.000166973
0.000167008
9.27628e-05
8.77202e-35
1.4996e-05
3.65507e-06
1.85245e-36
3.71937e-05
4.24949e-05
5.96201e-05
0.000278312
0.000278306
0.000222642
0.000259746
0.00027831
0.000166969
3.27918e-35
9.27433e-05
3.28766e-35
0.000278295
0.000259744
9.28349e-05
0.000222663
0.000167085
3.31232e-35
7.47739e-35
5.74154e-05
7.68261e-06
2.26896e-05
4.3563e-36
5.39926e-05
8.06641e-05
8.41198e-05
9.74562e-05
0.000278293
3.2791e-35
0.00025975
0.000166952
0.000222629
0.000259748
9.27336e-05
9.30601e-05
9.35594e-05
0.000278237
0.00025972
0.000278239
0.000167344
0.000222701
0.000259659
3.38289e-35
3.49953e-35
9.47072e-05
5.38532e-35
0.000112032
7.77183e-05
3.74765e-35
4.47151e-35
2.16121e-05
4.30858e-05
6.67283e-36
1.77856e-05
6.95406e-05
0.00011507
0.000135972
0.000132244
9.97339e-05
0.000115455
0.000259741
0.00025972
3.27899e-35
0.000222629
0.000166949
0.000222635
9.27309e-05
0.000167794
0.000278136
0.000278095
0.000222802
0.000222773
0.000259479
8.87321e-05
8.91792e-05
0.000157958
0.00015775
9.61797e-05
0.000132739
9.17463e-05
3.64093e-05
5.69588e-05
8.26197e-36
1.94329e-05
7.95185e-05
0.000158788
0.000173447
0.000145819
0.000103319
0.000126519
0.00014241
0.000222653
0.000259668
3.27881e-35
0.00016696
9.27338e-05
0.00022273
0.000277945
0.000277515
0.000259078
0.0001589
0.000158098
0.000210625
0.000188595
0.000175911
0.00016423
0.000167372
4.36742e-05
6.89757e-05
9.35125e-36
2.00821e-05
3.93601e-05
0.000100186
0.000195822
0.00017929
0.000164017
0.000123028
0.000138062
0.000150772
0.000167008
0.000222688
0.000259558
3.27889e-35
9.27536e-05
0.000248265
0.000277449
0.000276868
0.000275817
0.000209368
0.000247002
0.000208863
0.000215029
0.000211962
0.000217562
5.83768e-05
0.000177765
7.25391e-05
9.70725e-05
9.95127e-36
1.99322e-05
4.6862e-05
0.000121039
0.000216579
0.00020485
0.000190888
0.000147193
0.000172459
0.000159391
9.28249e-05
0.000167095
0.000222729
0.000259254
3.28136e-35
0.000258835
0.000268703
0.000275822
0.000264954
0.00027705
0.000245306
0.000265668
0.000232659
0.000232168
0.000242812
0.000189326
1.01879e-35
0.000110637
6.15014e-05
8.68442e-05
2.20182e-05
3.97693e-05
0.000138812
0.000122918
0.000236042
0.000223167
0.000213192
0.000200117
0.000154485
0.000164764
0.000186162
0.000175722
9.29935e-05
0.000167272
0.000222782
3.28819e-35
0.000222731
0.000274365
0.000247164
0.000268711
0.000270275
0.000265691
0.000246073
0.000258025
0.000246433
0.000196575
9.94036e-36
2.09297e-05
0.000100334
6.98753e-05
4.4474e-05
0.000147791
0.000133941
0.000116631
0.000234692
0.000224974
0.00021588
0.00020667
0.000192722
0.000160469
0.000177737
0.000170175
0.000185332
9.34779e-05
0.000167782
3.30914e-35
0.000168543
0.000210505
0.000262316
0.000244854
0.000261333
0.000254775
0.00024157
0.000246192
0.000200275
9.42861e-36
2.38011e-05
0.000112242
4.27069e-05
9.78128e-05
7.74682e-05
6.30792e-05
0.000127333
0.000155468
0.000150654
0.000230292
0.000225003
0.000212623
0.000203518
0.000195493
0.000188923
0.000165409
0.000172285
0.000180736
9.46941e-05
3.38334e-35
0.000158254
0.000204651
0.000249915
0.000217668
0.000242937
0.000232852
0.000232355
0.00019449
8.09036e-36
1.90855e-05
3.60752e-05
0.000107738
5.92819e-05
8.59094e-05
0.000144424
0.000136173
0.000121397
0.000161189
0.000155913
0.000169433
0.000214102
0.000215682
0.000203497
0.000208789
0.000193274
0.000190079
0.000185426
0.000174338
0.000179339
8.84168e-05
3.49886e-35
0.000158144
0.000167474
0.000211799
0.000209147
0.000215327
0.000191494
0.00018852
2.47373e-36
2.56245e-05
5.5696e-05
0.000104566
8.25775e-05
0.000148325
0.000127834
0.000165231
0.000159416
0.000176621
0.000173198
0.000197376
0.000196712
0.00019395
0.000188892
0.00018987
0.000182468
0.000181344
0.000183876
0.000179181
0.000180175
8.67702e-05
3.75299e-35
9.64416e-05
0.000188957
0.000164409
0.000179954
0.00018103
-2.31025e-35
4.37731e-05
2.36601e-05
0.000121416
5.36003e-05
7.69876e-05
0.000104196
0.000155637
0.000129881
0.000168616
0.000167906
0.000177938
0.000175207
0.000181808
0.000170984
0.000163899
0.000176432
0.000167111
0.000178652
0.000164147
0.000179812
0.000169959
0.000173844
0.00017791
0.000177227
4.46634e-35
9.66215e-05
0.000153712
0.000133026
8.26826e-05
0.000170229
0.000107971
0.000116728
8.55809e-05
0.000189684
0.000146538
0.000176422
0.000158847
0.000177892
0.000181547
0.000147999
0.000126494
0.000153966
0.000137029
0.000175368
0.000176471
0.000148071
0.000153185
0.000169101
0.000171119
0.000160978
0.000158927
0.000168167
5.38633e-35
8.22913e-05
0.00010947
0.00014591
0.000204275
0.000214002
0.000166431
0.000168613
0.000181866
0.000168119
0.000116208
7.99532e-05
0.000102346
0.000133573
0.000108952
0.000171168
0.000178338
0.00013423
0.000143368
0.000157495
0.000141047
0.000159386
0.000153824
7.50201e-35
5.65822e-05
0.000218866
0.000218866
0.000167112
0.000163818
3.92482e-05
8.48666e-05
6.00886e-05
0.000113814
8.93192e-05
7.55379e-05
0.000171493
0.000161879
0.000114496
0.000122879
0.000125258
0.000136663
0.000134945
0.000153865
0.000148298
8.83849e-35
0.000214002
0.000160296
1.67743e-05
5.88064e-05
3.76042e-05
8.95646e-05
6.69436e-05
4.58825e-05
0.000204275
0.000149152
9.66014e-05
0.000107766
0.000113888
0.000119485
0.000132105
0.000125913
0.000141147
6.52763e-06
4.38992e-35
0.000153528
1.87367e-05
6.99493e-06
2.29835e-05
1.32228e-06
2.4435e-06
7.92482e-05
5.95041e-05
4.00009e-05
2.19658e-05
0.000189684
0.000135094
0.000127257
8.88279e-05
9.24604e-05
0.000100475
9.82531e-05
0.000111254
4.87581e-06
2.30031e-35
1.11851e-37
9.43204e-06
7.81704e-06
1.53991e-38
2.08634e-36
3.91851e-06
4.42217e-36
6.90421e-05
4.3586e-05
1.98473e-05
1.81316e-05
0.000170229
0.000104395
0.000112539
6.06952e-05
7.95763e-05
7.58772e-05
8.54755e-05
8.05879e-05
5.85806e-06
1.51234e-35
1.97934e-36
3.41796e-36
6.81116e-36
6.46866e-05
4.5597e-05
2.05526e-05
8.44795e-36
7.81484e-05
0.00014591
8.83339e-05
4.07629e-05
5.79171e-05
6.09292e-05
3.9653e-36
5.06081e-05
6.21393e-06
9.89552e-36
4.33459e-05
3.21502e-05
2.04314e-05
9.58349e-36
5.52209e-05
0.000116728
2.25773e-05
2.14432e-05
2.42459e-05
4.25931e-36
2.58382e-05
2.44574e-05
6.39392e-06
6.95198e-36
9.5817e-36
8.23089e-36
1.02172e-35
8.26826e-05
1.04486e-35
1.01666e-35
4.46416e-36
2.6639e-36
4.37731e-05
5.13087e-36
6.50202e-06
4.53092e-36
-2.31025e-35
4.52861e-36
4.53175e-36
6.51104e-06
4.53182e-36
4.53182e-36
6.5112e-06
4.53247e-36
4.53197e-36
6.51102e-06
4.53244e-36
4.53182e-36
4.53246e-36
6.51106e-06
4.53184e-36
4.53245e-36
6.51105e-06
4.53185e-36
4.53245e-36
6.51105e-06
4.53184e-36
4.53245e-36
6.51105e-06
4.53184e-36
4.53245e-36
4.53184e-36
6.51105e-06
4.53245e-36
4.53184e-36
6.51105e-06
4.53245e-36
4.53184e-36
4.53245e-36
6.51105e-06
4.53184e-36
4.53184e-36
4.53245e-36
6.51105e-06
4.53184e-36
4.53245e-36
6.51105e-06
4.53184e-36
4.53245e-36
4.53184e-36
6.51105e-06
4.53245e-36
4.53184e-36
6.51105e-06
4.53245e-36
4.88635e-36
6.45563e-06
4.88696e-36
2.62043e-36
2.62073e-36
