0.000204275
0.000214002
-1.46316e-34
4.37731e-05
-1.46316e-34
8.26826e-05
0.000116728
0.000189684
0.000170229
0.00014591
0.000204736
0.000216518
8.26826e-05
0.000225129
0.000218866
6.43042e-05
1.75213e-35
4.37731e-05
1.83613e-35
6.47174e-05
9.96528e-05
0.000135421
0.000111936
0.000184628
0.000162163
0.000217696
0.000191738
0.000205152
0.000116728
0.00014591
0.000170229
9.95584e-05
0.000214002
0.000218866
0.000189684
0.000204275
0.000223825
0.000228809
3.25782e-05
6.88253e-05
1.69549e-35
3.33069e-05
1.66816e-35
7.26592e-05
1.66735e-35
0.000140269
0.000118869
0.000165272
0.000175482
0.000220735
0.000211073
0.000194176
0.000185226
0.00013548
0.000162338
0.000111977
8.86091e-05
0.000190565
0.000218025
0.00022564
0.00020824
0.000226479
0.000224441
0.000226943
5.61704e-05
1.66534e-35
3.84471e-05
9.35113e-05
3.18496e-05
1.64416e-35
0.00012665
0.000222516
0.000150057
0.000179705
0.000213811
0.000201197
0.000189093
3.18702e-05
0.000165714
0.000140437
0.000176122
0.000127597
0.00010635
0.000194854
0.000218336
0.000211477
0.000223357
0.000226996
0.000227315
9.71263e-05
6.50329e-05
1.64622e-35
6.50071e-05
9.99594e-05
3.37719e-05
1.63077e-35
0.000147935
0.00012874
0.000219211
0.000225751
0.000170137
0.000204553
0.000186113
0.000212635
3.37886e-05
0.000180288
0.00015346
0.000133893
0.000201997
0.000214942
0.000224368
0.000227999
0.00011642
8.74069e-05
1.63242e-35
6.97921e-05
0.000107203
3.63984e-05
1.62311e-35
0.000157113
0.000137214
0.000223418
0.000227768
0.00021915
0.000177946
0.000200083
0.000211339
6.04874e-05
0.000142978
0.000189655
0.000163016
0.000138096
0.000205949
0.000196309
0.000218601
0.000225521
0.000228076
0.000119868
9.39738e-05
1.62514e-35
9.38398e-05
0.000114723
5.76701e-05
1.61786e-35
3.39221e-05
0.000160552
0.000140415
0.000226477
0.000228554
0.000221797
0.0001866
0.000205228
0.000214337
6.53106e-05
3.40458e-05
0.000157423
0.000174801
0.000137445
0.000209717
0.000193351
0.000219097
0.000226456
8.98219e-05
0.000114893
1.62002e-35
0.000126192
9.82794e-05
6.22066e-05
1.61458e-35
3.22993e-05
0.000169216
0.000150715
0.00022769
0.000228341
0.000224615
0.000198088
0.000186066
0.000217063
3.39686e-05
8.97133e-05
0.000227063
0.000175468
0.000146468
0.000190216
0.000207847
0.000221642
0.000220871
0.000125023
1.6168e-35
0.00012026
9.20595e-05
6.39436e-05
0.000155053
3.23405e-05
1.61266e-35
3.32524e-05
0.000146569
0.00016705
0.000228996
0.000226778
0.000201613
0.000184886
0.000219514
0.000228436
6.22142e-05
0.000112813
0.000223199
0.000176121
0.000212836
0.000196997
0.000212723
0.000134708
1.61458e-35
9.46086e-05
0.000114178
0.000149602
0.000163191
3.23053e-05
1.61153e-35
4.58039e-05
0.000169508
0.000228927
0.000191867
0.000224332
0.00020794
0.000219103
0.000227545
0.000226657
9.38944e-05
0.000120365
0.000221529
0.000187819
0.000208677
0.000201762
0.000143944
1.61314e-35
0.000152595
8.65113e-05
0.000122115
0.000177438
4.58495e-05
8.65952e-05
1.6109e-35
4.57857e-05
0.000177977
0.000229138
0.000198267
0.000223597
0.000213462
0.000228706
0.000223661
0.000122221
0.00021356
0.000195119
0.000152723
1.61224e-35
8.6482e-05
0.00015258
0.00012208
0.000178106
4.58227e-05
8.65538e-05
1.61054e-35
4.57754e-05
8.6465e-05
0.000198287
0.000177976
0.000228729
0.000213516
0.000223654
0.000228758
0.000223696
0.00012217
0.000152679
0.000213581
0.000198377
0.000178085
4.58052e-05
1.61155e-35
0.000122065
0.000137947
0.000152568
8.65215e-05
0.000122134
1.61035e-35
4.57699e-05
8.64565e-05
0.000198299
0.000213538
0.000177977
0.000228775
0.000228785
0.000223692
0.000223721
0.000178063
0.000152647
0.000213593
0.000198373
4.5793e-05
1.61114e-35
0.000122053
0.000152561
0.000177979
0.000122109
8.64975e-05
1.61028e-35
4.57676e-05
8.64513e-05
0.000213553
0.000198308
0.000223727
0.000228806
0.000228806
0.000213599
0.000223749
0.000152624
0.000178046
0.000198366
8.64843e-05
4.57844e-05
1.61086e-35
0.000122049
0.000152559
0.000198316
0.000177982
0.000177983
0.000122094
1.61027e-35
4.57667e-05
8.64498e-05
0.000213567
0.000228824
0.000223739
0.000228832
0.000213602
0.000223759
0.000152607
0.00017803
0.000198361
8.64733e-05
0.000122079
4.57792e-05
1.6107e-35
0.000152559
0.000122047
0.000198322
0.000165908
0.000188791
0.000152595
1.61028e-35
4.57668e-05
8.64496e-05
0.000223764
0.000213579
0.000223747
0.000228842
0.000228836
0.000213604
0.000178021
0.000198357
0.000152589
8.64674e-05
0.000122071
1.61058e-35
4.57758e-05
0.00015256
0.000122047
0.000198328
0.000177987
1.61031e-35
4.57673e-05
8.64503e-05
0.000223767
0.000213585
0.000223755
0.000228848
0.000228843
0.000213604
0.000178014
0.000198353
0.000152582
0.000122065
8.64625e-05
4.57736e-05
1.61052e-35
0.000122048
0.000198331
0.000152561
0.000177988
1.61034e-35
4.5768e-05
8.64512e-05
0.00012205
0.000223769
0.000213589
0.00022376
0.000228848
0.000228851
0.000178009
0.000213603
0.00019835
0.000152578
0.000122062
8.64599e-05
1.61047e-35
4.57722e-05
0.000198333
0.000152563
0.00017799
0.000213591
1.61037e-35
4.57687e-05
8.64522e-05
0.000122051
0.000152564
0.00022377
0.000223764
0.00022885
0.000228852
0.000178006
0.000213602
0.000198347
0.000122059
0.000152575
8.64579e-05
1.61045e-35
4.57713e-05
0.000198335
0.000177992
0.000213593
1.6104e-35
4.57693e-05
0.000122052
8.64532e-05
0.000152565
0.00022377
0.000223765
0.000228852
0.000228854
0.000178003
0.000213601
0.000198345
0.000122057
0.000152572
8.64567e-05
1.61044e-35
4.57708e-05
0.000178001
0.000198336
0.000177993
0.000213594
1.61043e-35
1.61042e-35
4.57697e-05
0.000122053
8.64541e-05
0.000177995
0.000152567
0.000223766
0.00022377
0.000228853
0.000228854
0.000198343
0.0002136
0.000152571
0.000122056
8.6456e-05
4.57705e-05
0.000177999
0.000198337
0.000213595
0.000206602
0.000223767
4.57703e-05
1.61043e-35
1.61043e-35
4.57701e-05
0.000122054
8.64547e-05
0.000177995
0.000152567
0.000228853
0.000223769
0.000228854
0.000198342
0.000213599
0.000177998
0.00015257
0.000122055
8.64555e-05
0.000198341
0.000198338
0.000213596
0.000228853
0.000223767
4.57702e-05
1.61043e-35
1.61044e-35
4.57704e-05
0.000122054
0.000152568
8.64551e-05
0.000177996
0.000228854
0.000223769
0.000213598
0.000228854
8.64552e-05
0.000177998
0.000152569
0.000122055
0.00019834
0.000198339
0.000223767
0.000213596
0.000228853
8.64551e-05
4.57702e-05
1.61043e-35
1.61045e-35
4.57706e-05
8.64555e-05
0.000152568
0.000122055
0.000177997
0.000213597
0.000223768
0.000228854
0.000122055
0.000177997
0.000152569
0.00019834
0.000198339
0.000223768
0.000213596
0.000228853
8.6455e-05
4.57702e-05
1.61043e-35
1.61045e-35
4.57707e-05
8.64557e-05
0.000122055
0.000152569
0.000177997
0.000213597
0.000223768
0.000228853
0.000122054
0.000152568
0.000198339
0.000177997
0.000198339
0.000213596
0.000223768
0.000228853
0.000122054
8.6455e-05
4.57702e-05
1.61043e-35
1.61046e-35
4.57708e-05
8.64558e-05
0.000122055
0.000152569
0.000177997
0.00019834
0.000213596
0.000223768
0.000228853
0.000177997
0.000152568
0.000213596
0.000198339
0.000213596
0.000223768
0.000228853
0.000122054
8.6455e-05
4.57702e-05
1.61043e-35
1.61046e-35
4.57708e-05
0.000152569
8.64559e-05
0.000122055
0.000177997
0.000188804
0.000206604
0.000228853
0.000223768
0.000213596
0.000177996
0.000152568
0.000198339
0.000213597
0.000223768
0.000228853
0.000122054
8.64551e-05
4.57703e-05
1.61043e-35
1.61046e-35
4.57708e-05
0.000152569
8.64559e-05
0.000122055
0.000152568
0.000177997
0.00019834
0.000228853
0.000223767
0.000213596
0.000198339
0.000177996
0.000228853
0.000213597
0.000223768
0.000228853
0.000122054
8.64551e-05
4.57703e-05
1.61044e-35
1.61046e-35
4.57708e-05
8.64559e-05
0.000152569
0.000122055
0.000177996
0.000152568
0.000177997
0.00019834
0.000223767
0.000213596
0.000198339
0.000228853
0.000213596
0.000228853
0.000223768
8.64552e-05
0.000122054
4.57704e-05
1.61044e-35
1.61046e-35
4.57708e-05
8.64559e-05
0.000152569
0.000122055
0.000198339
0.000152568
0.000177996
0.00019834
0.000177997
0.000223767
0.000213596
0.000228853
0.000228853
0.000213596
0.000223768
0.000152568
8.64552e-05
0.000122055
4.57704e-05
1.61044e-35
1.61045e-35
4.57708e-05
8.64559e-05
0.000122055
0.000137948
0.000152569
0.000213596
0.000198339
0.000177996
0.00019834
0.000177997
0.000223767
0.000229489
0.000226946
0.000213596
0.000223768
0.000165918
0.000137947
0.000122055
8.64553e-05
4.57704e-05
1.61044e-35
1.61045e-35
4.57708e-05
8.64559e-05
0.000122055
0.000152569
0.000213596
0.000177996
0.000198339
0.00019834
0.000177997
0.000223767
0.000228853
0.000228853
0.000213596
0.000223768
0.000152568
0.000122055
4.57705e-05
8.64553e-05
1.61044e-35
1.61045e-35
4.57707e-05
8.64558e-05
0.000122055
0.000177997
0.000152569
0.000213596
0.000223767
0.000177996
0.000198339
0.00019834
0.000228853
0.000228853
0.000213596
0.000223768
0.000152568
0.000122055
4.57705e-05
8.64554e-05
1.61044e-35
1.61045e-35
4.57707e-05
8.64558e-05
0.000122055
0.000177997
0.000152569
0.000226946
0.000221701
0.000213596
0.000177997
0.000198339
0.000188804
0.00019834
0.000228853
0.000213596
0.000223768
0.000152568
0.000152568
0.000122055
8.64554e-05
4.57705e-05
1.61044e-35
1.61045e-35
4.57707e-05
8.64558e-05
0.000122055
0.000152569
0.000177997
0.000228853
0.000223767
0.000213596
0.000177997
0.000198339
0.000198339
0.000228853
0.000213596
0.000223768
0.000152568
0.000177997
0.000122055
8.64555e-05
4.57705e-05
1.61044e-35
1.61045e-35
4.57707e-05
8.64557e-05
0.000122055
0.000152569
0.000177997
0.000228853
0.000223767
0.000213596
0.000198339
0.000198339
0.000228853
0.000213596
0.000223767
0.000188804
0.000177997
0.000152569
0.000122055
8.64555e-05
4.57706e-05
1.61045e-35
1.61045e-35
4.57707e-05
8.64557e-05
0.000122055
0.000152569
0.000177997
0.000228853
0.000223767
0.000213596
0.000198339
0.000198339
0.000228853
0.000223767
0.000213596
0.000177997
0.000152569
0.000122055
8.64555e-05
4.57706e-05
1.61045e-35
1.61045e-35
4.57707e-05
8.64557e-05
0.000122055
0.000152569
0.000177997
0.000228853
0.000223767
0.000213596
0.000198339
0.000198339
0.000228853
0.000223767
0.000213596
0.000177997
0.000152569
0.000122055
8.64555e-05
4.57706e-05
1.61045e-35
1.61045e-35
4.57706e-05
0.000122055
8.64557e-05
0.000152569
0.000122055
0.000177997
0.000228853
0.000198339
0.000223767
0.000213596
0.000213596
0.000206604
0.000198339
0.000228853
0.000223767
0.000137947
0.000177997
0.000152569
0.000122055
8.64555e-05
4.57706e-05
1.61045e-35
0.000198339
1.61045e-35
4.57706e-05
8.64556e-05
0.000152569
0.000122055
0.000177997
0.000228853
0.000213596
0.000223767
0.000223767
0.000213596
0.000198339
0.000228853
0.000177997
0.000152569
0.000122055
8.64556e-05
4.57706e-05
1.61045e-35
0.000198339
1.61045e-35
4.57706e-05
8.64556e-05
0.000104891
0.000137948
0.000152569
0.000177997
0.000198339
0.000213596
0.000228853
0.000223767
0.000223767
0.000213596
0.000228853
0.000177997
0.000152569
0.000177997
0.000122055
8.64556e-05
4.57706e-05
1.61045e-35
0.000213596
0.000198339
1.61045e-35
4.57706e-05
8.64556e-05
0.000122055
0.000152569
0.000177997
0.000213596
0.000198339
0.000223767
0.000228853
0.000228853
0.000223767
0.000188804
0.000177997
0.000152569
0.000122055
8.64556e-05
4.57706e-05
1.61045e-35
0.000213596
0.000223767
0.000198339
1.61045e-35
4.57706e-05
8.64556e-05
0.000122055
0.000213596
0.000152569
0.000177997
0.000198339
0.000228853
0.000228853
0.000223767
0.000177997
0.000152569
0.000122055
8.64556e-05
4.57706e-05
1.61045e-35
0.000213596
0.000223767
0.000198339
1.61045e-35
4.57706e-05
8.64556e-05
0.000152569
0.000122055
0.000198339
0.000213596
0.000177997
0.000228853
0.000228853
0.000223767
0.000177997
0.000152569
0.000122055
8.64556e-05
4.57706e-05
1.61045e-35
0.000213596
0.000223767
0.000198339
1.61045e-35
4.57706e-05
8.64556e-05
0.000152569
0.000122055
0.000198339
0.000213596
0.000177997
0.000228853
0.000228853
0.000223767
0.000137948
0.000177997
0.000152569
0.000122055
8.64556e-05
4.57706e-05
1.61045e-35
0.000228853
0.000213596
0.000223767
0.000198339
1.61045e-35
4.57706e-05
8.64556e-05
0.000122055
0.000152569
0.000213596
0.000198339
0.000177997
0.000228853
0.000223767
0.000152569
0.000177997
0.000122055
8.64556e-05
4.57706e-05
1.61045e-35
0.000228853
0.000223767
0.000213596
0.000198339
4.57706e-05
1.61045e-35
0.000122055
8.64556e-05
0.000152569
0.000177997
0.000213596
0.000198339
0.000228853
0.000223767
0.000152569
0.000198339
0.000177997
8.64556e-05
0.000122055
4.57706e-05
1.61045e-35
0.000228853
0.000223767
0.000213596
0.000122055
4.57706e-05
1.61045e-35
8.64556e-05
0.000152569
0.000177997
0.000213596
0.000198339
0.000223767
0.000228853
1.61045e-35
0.000219317
0.000137948
0.000165918
0.000198339
0.000177997
0.000122055
8.64556e-05
4.57706e-05
1.61045e-35
0.000228853
0.000223767
0.000213596
0.000152569
0.000122055
4.57706e-05
8.64556e-05
0.000177997
0.000213596
0.000223767
0.000198339
0.000228853
1.61045e-35
0.000152569
0.000198339
0.000177997
0.000122055
8.64556e-05
4.57706e-05
1.61045e-35
0.000228853
0.000223767
0.000213596
0.000152569
8.64556e-05
0.000122055
4.57706e-05
0.000177997
0.000223767
0.000213596
0.000198339
0.000228853
1.61045e-35
0.000152569
0.000198339
0.000177997
0.000152569
0.000122055
8.64556e-05
4.57706e-05
1.61045e-35
0.000228853
0.000213596
0.000223767
4.57706e-05
0.000152569
0.000122055
8.64556e-05
0.000177997
0.000223767
0.000213596
0.000198339
0.000228853
1.61045e-35
0.000198339
0.000177997
0.000152569
0.000122055
8.64556e-05
4.57706e-05
1.61045e-35
0.000228853
0.000213596
0.000223767
4.57706e-05
0.000152569
0.000122055
8.64556e-05
0.000177997
0.000223767
0.000213596
0.000198339
0.000228853
1.61045e-35
0.000198339
0.000177997
0.000152569
0.000122055
8.64556e-05
4.57706e-05
1.61045e-35
0.000228853
0.000223767
0.000213596
8.64556e-05
4.57706e-05
0.000152569
0.000122055
0.000177997
0.000198339
0.000223767
0.000213596
0.000228853
1.61045e-35
0.000198339
0.000152569
0.000177997
0.000122055
8.64556e-05
4.57706e-05
1.61045e-35
0.000228853
0.000223767
0.000213596
8.64556e-05
4.57706e-05
0.000122055
0.000152569
0.000137948
0.000198339
0.000177997
0.000223767
0.000213596
0.000228853
1.61045e-35
4.57706e-05
0.000198339
0.000152569
0.000177997
0.000122055
8.64556e-05
4.57706e-05
1.61045e-35
0.000223767
0.000228853
0.000213596
8.64556e-05
0.000122055
0.000177997
0.000152569
0.000188804
0.000198339
0.000223767
0.000213596
0.000228853
1.61045e-35
4.57706e-05
0.000198339
0.000152569
0.000177997
0.000122055
8.64556e-05
4.57706e-05
1.61045e-35
0.000228853
0.000223767
0.000213596
8.64556e-05
0.000152569
0.000122055
0.000177997
0.000198339
0.000223767
0.000213596
0.000228853
1.61045e-35
4.57706e-05
0.000228853
0.000198339
0.000177997
0.000152569
8.64556e-05
0.000122055
4.57706e-05
1.61045e-35
0.000223767
0.000213596
8.64556e-05
0.000122055
0.000152569
0.000177997
0.000198339
0.000223767
0.000213596
0.000228853
1.61045e-35
4.57706e-05
0.000228853
0.000198339
0.000177997
0.000152569
0.000122055
8.64556e-05
4.57706e-05
1.61045e-35
0.000223767
0.000213596
8.64556e-05
0.000122055
0.000152569
0.000177997
0.000198339
0.000213596
0.000223767
0.000228853
1.61045e-35
4.57706e-05
0.000228853
0.000198339
0.000177997
0.000152569
0.000122055
8.64556e-05
4.57706e-05
1.61045e-35
0.000223767
0.000213596
0.000122055
8.64556e-05
0.000152569
0.000177997
0.000213596
0.000198339
0.000223767
0.000228853
1.61045e-35
4.57706e-05
0.000228853
0.000213596
0.000198339
0.000152569
0.000177997
1.61045e-35
0.000122055
8.64556e-05
4.57706e-05
0.000223767
0.000122055
8.64556e-05
0.000152569
0.000177997
0.000213596
0.000198339
0.000223767
0.000228853
1.61045e-35
4.57706e-05
8.64556e-05
0.000213596
0.000228853
1.61045e-35
0.000198339
0.000152569
0.000177997
0.000122055
4.57706e-05
8.64556e-05
0.000223767
0.000198339
0.000122055
0.000177997
0.000152569
0.000223767
0.000213596
0.000228853
4.57706e-05
1.61045e-35
8.64556e-05
0.000213596
0.000228853
4.57706e-05
1.61045e-35
0.000198339
0.000177997
0.000152569
0.000122055
8.64556e-05
0.000223767
0.000122055
0.000198339
0.000177997
0.000152569
0.000223767
0.000213596
0.000228853
1.61045e-35
4.57706e-05
8.64556e-05
0.000137948
0.000219318
0.000206603
0.000228853
8.64556e-05
4.57706e-05
1.61045e-35
0.000198339
0.000177997
0.000152569
0.000122055
0.000223767
0.000152569
0.000122055
0.000198339
0.000177997
0.000213596
0.000223767
0.000228853
1.61045e-35
4.57706e-05
8.64556e-05
0.000213596
0.000228853
1.61045e-35
8.64556e-05
4.57706e-05
0.000198339
0.000177997
0.000152569
0.000122055
0.000223767
0.000152569
0.000177997
0.000122055
0.000198339
0.000213596
0.000223767
0.000228853
1.61045e-35
4.57706e-05
8.64556e-05
0.000213596
0.000228853
0.000223767
4.57706e-05
1.61045e-35
8.64556e-05
0.000177997
0.000198339
0.000152569
0.000122055
0.000213596
0.000177997
0.000122055
0.000152569
0.000213596
0.000198339
0.000223767
0.000228853
0.000122055
1.61045e-35
8.64556e-05
4.57706e-05
0.000137948
0.000228853
0.000223767
1.61045e-35
4.57706e-05
8.64556e-05
0.000177997
0.000198339
0.000152569
0.000122055
0.000213596
0.000177997
0.000152569
0.000213596
0.000198339
0.000223767
0.000228853
1.61045e-35
0.000122055
8.64556e-05
4.57706e-05
0.000152569
0.000219317
0.000228853
0.000223767
1.61045e-35
4.57706e-05
8.64556e-05
0.000122055
0.000177997
0.000198339
0.000152569
0.000213596
0.000177997
0.000213596
0.000198339
0.000223767
0.000228853
1.61045e-35
0.000122055
8.64556e-05
4.57706e-05
0.000152569
0.000228853
1.61045e-35
0.000223767
8.64556e-05
4.57706e-05
0.000152569
0.000122055
0.000198339
0.000177997
0.000213596
0.000177997
0.000213596
0.000198339
0.000223767
0.000228853
1.61045e-35
0.000122055
8.64556e-05
4.57706e-05
0.000152569
0.000228853
1.61045e-35
4.57706e-05
0.000223767
0.000122055
8.64556e-05
0.000152569
0.000198339
0.000177997
0.000213596
0.000177997
0.000213596
0.000198339
0.000223767
0.000228853
1.61045e-35
0.000122055
4.57706e-05
8.64556e-05
0.000152569
0.000137948
0.000228853
8.64556e-05
1.61045e-35
4.57706e-05
0.000223767
0.000122055
0.000152569
0.000177997
0.000198339
0.000213596
0.000177997
0.000213596
0.000198339
0.000223767
0.000228853
1.61045e-35
4.57706e-05
0.000122055
8.64556e-05
0.000137948
0.000152569
0.000228853
1.61045e-35
8.64556e-05
4.57706e-05
0.000213596
0.000223767
0.000122055
0.000177997
0.000152569
0.000198339
0.000177997
0.000213596
0.000198339
0.000223767
0.000228853
1.61045e-35
4.57706e-05
0.000122055
8.64556e-05
0.000152569
0.000228853
1.61045e-35
8.64556e-05
4.57706e-05
0.000213596
0.000223767
0.000122055
0.000152569
0.000177997
0.000198339
0.000177997
0.000228853
0.000198339
0.000213596
0.000223767
1.61045e-35
4.57706e-05
0.000122055
8.64556e-05
0.000152569
1.61045e-35
0.000228853
0.000122055
8.64556e-05
4.57706e-05
0.000213596
0.000223767
0.000152569
0.000198339
0.000177997
0.000198339
0.000177997
0.000228853
0.000223767
0.000213596
1.61045e-35
4.57706e-05
8.64556e-05
0.000122055
0.000152569
1.61045e-35
4.57706e-05
0.000228853
0.000228853
0.000122055
8.64556e-05
0.000152569
0.000213596
0.000223767
0.000177997
0.000198339
0.000198339
0.000177997
0.000223767
0.000213596
1.61045e-35
4.57706e-05
8.64556e-05
0.000122055
0.000152569
0.000177997
0.000206603
8.64556e-05
1.61045e-35
4.57706e-05
0.000223767
0.000228853
0.000228853
0.000177997
0.000122055
0.000152569
0.000213596
0.000223767
0.000198339
0.000198339
0.000213596
4.57706e-05
1.61045e-35
8.64556e-05
0.000177997
0.000122055
0.000137948
0.000152569
1.61045e-35
8.64556e-05
4.57706e-05
0.000223767
0.000223767
0.000228853
0.000228853
0.000177997
0.000152569
0.000122055
0.000213596
0.000198339
0.000198339
0.000213596
1.61045e-35
4.57706e-05
8.64556e-05
0.000177997
0.000198339
0.000122055
0.000152569
0.000223767
4.57706e-05
1.61045e-35
8.64556e-05
0.000223767
0.000228853
0.000228853
0.000177997
0.000152569
0.000122055
0.000213596
0.000198339
0.000213596
4.57706e-05
1.61045e-35
1.61045e-35
8.64556e-05
0.000122055
0.000198339
0.000177997
0.000152569
0.000165918
0.000228853
0.000223767
4.57706e-05
1.61045e-35
0.000122055
8.64556e-05
0.000223767
0.000228853
0.000177997
0.000152569
0.000213596
0.000198339
0.000213596
4.57706e-05
1.61045e-35
8.64556e-05
0.000152569
0.000122055
0.000198339
0.000177997
0.000228853
0.000219317
0.000228853
4.57706e-05
1.61045e-35
0.000122055
8.64556e-05
0.000223767
0.000213596
0.000177997
0.000152569
0.000198339
1.61045e-35
0.000213596
4.57706e-05
8.64556e-05
0.000152569
0.000122055
0.000198339
0.000177997
0.000226946
0.000223767
0.000219317
0.000228853
0.000228853
1.61045e-35
0.000122055
4.57706e-05
8.64556e-05
0.000198339
0.000213596
0.000223767
0.000152569
0.000177997
4.57706e-05
1.61045e-35
0.000213596
8.64556e-05
0.000122055
0.000152569
0.000198339
0.000177997
0.000223767
0.000228853
0.000228853
4.57706e-05
1.61045e-35
0.000122055
8.64556e-05
0.000198339
0.000213596
0.000223767
0.000152569
0.000177997
4.57706e-05
1.61045e-35
0.000213596
8.64556e-05
0.000122055
0.000152569
0.000198339
0.000177997
0.000223767
0.000228853
0.000228853
8.64556e-05
4.57706e-05
1.61045e-35
0.000122055
0.000198339
0.000213596
0.000223767
0.000152569
0.000177997
0.000223767
4.57706e-05
1.61045e-35
0.000213596
0.000198339
8.64556e-05
0.000122055
0.000152569
0.000177997
0.000228853
0.000228853
8.64556e-05
4.57706e-05
1.61045e-35
0.000122055
0.000198339
0.000223767
0.000213596
0.000152569
0.000177997
0.000223767
4.57706e-05
8.64556e-05
1.61045e-35
0.000213596
0.000198339
0.000177997
0.000122055
0.000152569
0.000223767
0.000228853
0.000228853
8.64556e-05
4.57706e-05
1.61045e-35
0.000152569
0.000122055
0.000198339
0.000213596
0.000177997
0.000223767
8.64556e-05
4.57706e-05
0.000122055
4.57706e-05
1.61045e-35
0.000198339
0.000213596
0.000177997
0.000152569
0.000152569
0.000228853
0.000223767
0.000228853
0.000213596
8.64556e-05
1.61045e-35
4.57706e-05
0.000152569
0.000122055
0.000198339
0.000177997
0.000223767
1.61045e-35
8.64556e-05
0.000122055
4.57706e-05
0.000137948
0.000213596
0.000198339
0.000177997
0.000165918
0.000228853
0.000228853
0.000213596
0.000198339
0.000223767
8.64556e-05
1.61045e-35
4.57706e-05
0.000122055
0.000152569
0.000177997
0.000223767
0.000228853
0.000213596
1.61045e-35
8.64556e-05
0.000122055
4.57706e-05
0.000152569
0.000198339
0.000177997
0.000228853
0.000213596
0.000198339
0.000223767
0.000228853
0.000122055
1.61045e-35
8.64556e-05
4.57706e-05
0.000152569
0.000177997
0.000213596
0.000228853
0.000223767
1.61045e-35
4.57706e-05
0.000122055
8.64556e-05
0.000137948
0.000177997
0.000152569
0.000198339
0.000213596
0.000198339
0.000223767
0.000228853
0.000122055
8.64556e-05
1.61045e-35
4.57706e-05
0.000177997
0.000152569
0.000213596
0.000228853
0.000223767
1.61045e-35
4.57706e-05
8.64556e-05
0.000122055
0.000177997
0.000152569
0.000198339
0.000213596
0.000198339
0.000223767
0.000228853
0.000122055
8.64556e-05
1.61045e-35
4.57706e-05
0.000177997
0.000152569
0.000213596
0.000223767
0.000228853
1.61045e-35
4.57706e-05
8.64556e-05
0.000122055
0.000177997
0.000152569
0.000198339
0.000213596
0.000198339
0.000223767
0.000228853
0.000122055
8.64556e-05
1.61045e-35
4.57706e-05
0.000177997
0.000152569
0.000213596
0.000223767
0.000228853
1.61045e-35
4.57706e-05
8.64556e-05
0.000122055
0.000152569
0.000177997
0.000198339
0.000213596
0.000198339
0.000223767
0.000228853
0.000122055
8.64556e-05
1.61045e-35
4.57706e-05
0.000177997
0.000152569
0.000213596
0.000223767
0.000229489
1.61045e-35
4.57706e-05
8.64556e-05
0.000122055
0.000152569
0.000177997
0.000198339
1.61045e-35
0.000213596
0.000198339
0.000223767
0.000122055
8.64556e-05
4.57706e-05
0.000177997
0.000152569
0.000228853
0.000223767
0.000213596
0.000228853
1.61045e-35
4.57706e-05
8.64556e-05
0.000122055
0.000152569
0.000177997
0.000198339
1.61045e-35
4.57706e-05
0.000198339
0.000213596
0.000223767
0.000122055
8.64556e-05
0.000177997
0.000152569
0.000228853
0.000223767
0.000213596
0.000228853
4.57706e-05
1.61045e-35
8.64556e-05
8.64556e-05
0.000122055
0.000152569
0.000177997
0.000198339
8.64556e-05
1.61045e-35
4.57706e-05
0.000198339
0.000213596
0.000223767
0.000122055
0.000177997
0.000152569
0.000228853
1.61045e-35
0.000213596
0.000223767
0.000228853
4.57706e-05
8.64556e-05
0.000122055
0.000152569
0.000198339
0.000177997
8.64556e-05
1.61045e-35
4.57706e-05
0.000223767
0.000198339
0.000213596
0.000122055
0.000177997
0.000152569
0.000228853
1.61045e-35
0.000198339
0.000213596
0.000223767
0.000219317
0.000228853
0.000122055
8.64556e-05
4.57706e-05
0.000152569
0.000177997
0.000122055
8.64556e-05
1.61045e-35
4.57706e-05
0.000223767
0.000213596
0.000198339
0.000152569
0.000177997
0.000228853
1.61045e-35
0.000177997
0.000198339
0.000213596
0.000223767
0.000228853
0.000122055
8.64556e-05
4.57706e-05
0.000152569
0.000152569
0.000122055
8.64556e-05
1.61045e-35
4.57706e-05
0.000219318
0.000210259
0.000198339
0.000177997
0.000223767
0.000228853
1.61045e-35
0.000177997
0.000198339
0.000213596
0.000228853
0.000223767
0.000122055
8.64556e-05
4.57706e-05
0.000152569
1.61045e-35
0.000152569
0.000122055
8.64556e-05
4.57706e-05
0.000213596
0.000198339
0.000177997
0.000223767
0.000228853
1.61045e-35
0.000228853
0.000177997
0.000198339
0.000213596
0.000223767
0.000122055
4.57706e-05
8.64556e-05
0.000152569
1.61045e-35
0.000152569
8.64556e-05
0.000122055
4.57706e-05
0.000213596
0.000198339
0.000177997
0.000223767
0.000228853
1.61045e-35
4.57706e-05
0.000228853
0.000223767
0.000177997
0.000198339
0.000213596
0.000122055
8.64556e-05
0.000152569
0.000206603
1.61045e-35
4.57706e-05
0.000152569
0.000122055
8.64556e-05
0.000213596
0.000177997
0.000198339
0.000223767
0.000228853
0.000228853
1.61045e-35
8.64556e-05
4.57706e-05
0.000223767
0.000177997
0.000198339
0.000213596
0.000122055
0.000152569
0.000122055
1.61045e-35
4.57706e-05
0.000152569
0.000122055
8.64556e-05
0.000177997
0.000213596
0.000198339
0.000223767
0.000228853
0.000228853
1.61045e-35
8.64556e-05
4.57706e-05
0.000213596
0.000223767
0.000177997
0.000198339
0.000152569
0.000122055
1.61045e-35
4.57706e-05
8.64556e-05
0.000152569
0.000122055
0.000177997
0.000213596
0.000198339
0.000223767
0.000228853
0.000223767
0.000228853
1.61045e-35
4.57706e-05
8.64556e-05
0.000152569
0.000198339
0.000213596
0.000177997
0.000152569
0.000122055
0.000223767
1.61045e-35
4.57706e-05
8.64556e-05
0.000122055
0.000152569
0.000177997
0.000213596
0.000198339
0.000228853
0.000228853
0.000223767
4.57706e-05
1.61045e-35
8.64556e-05
0.000213596
0.000177997
0.000198339
0.000177997
0.000152569
0.000122055
0.000223767
1.61045e-35
4.57706e-05
8.64556e-05
0.000122055
0.000152569
0.000177997
0.000213596
0.000228853
0.000198339
0.000213596
0.000228853
0.000223767
4.57706e-05
1.61045e-35
8.64556e-05
0.000198339
0.000177997
0.000152569
0.000122055
0.000137948
0.000223767
1.61045e-35
8.64556e-05
4.57706e-05
0.000122055
0.000152569
0.000177997
0.000198339
0.000213596
0.000228853
0.000228853
0.000213596
0.000223767
4.57706e-05
1.61045e-35
8.64556e-05
0.000198339
0.000177997
0.000152569
0.000122055
0.000137948
0.000223767
1.61045e-35
4.57706e-05
8.64556e-05
0.000122055
0.000152569
0.000177997
0.000198339
0.000213596
0.000228853
0.000228853
0.000213596
0.000219318
4.57706e-05
1.61045e-35
8.64556e-05
0.000198339
0.000177997
0.000122055
0.000152569
0.000223767
0.000152569
0.000122055
1.61045e-35
4.57706e-05
8.64556e-05
0.000177997
0.000198339
0.000213596
0.000223767
0.000228853
0.000223767
0.000228853
0.000213596
1.61045e-35
4.57706e-05
8.64556e-05
0.000122055
0.000198339
0.000177997
0.000152569
0.000152569
0.000122055
1.61045e-35
8.64556e-05
4.57706e-05
0.000177997
0.000198339
0.000213596
0.000223767
0.000228853
0.000223767
0.000228853
0.000213596
1.61045e-35
4.57706e-05
8.64556e-05
0.000152569
0.000122055
0.000198339
0.000177997
0.000152569
0.000122055
1.61045e-35
8.64556e-05
4.57706e-05
0.000198339
0.000177997
0.000228853
0.000213596
0.000223767
0.000228853
0.000198339
0.000223767
0.000213596
1.61045e-35
8.64556e-05
4.57706e-05
0.000152569
0.000122055
0.000198339
0.000213596
0.000177997
0.000165918
0.000152569
1.61045e-35
0.000152569
8.64556e-05
0.000122055
4.57706e-05
0.000177997
0.000223767
0.000228853
0.000223767
0.000228853
0.000198339
0.000213596
1.61045e-35
8.64556e-05
4.57706e-05
0.000122055
0.000198339
0.000213596
0.000177997
0.000165918
0.000137948
1.61045e-35
0.000152569
0.000122055
8.64556e-05
4.57706e-05
0.000177997
0.000223767
0.000213596
0.000228853
0.000228853
0.000223767
0.000198339
1.61045e-35
4.57706e-05
8.64556e-05
0.000122055
0.000177997
0.000213596
0.000198339
0.000152569
0.000226946
1.61045e-35
4.57706e-05
0.000152569
0.000122055
8.64556e-05
0.000177997
0.000223767
0.000213596
0.000228853
0.000223767
0.000198339
1.61045e-35
4.57706e-05
0.000122055
8.64556e-05
0.000152569
0.000198339
0.000177997
0.000213596
0.000228853
1.61045e-35
4.57706e-05
0.000152569
0.000122055
8.64556e-05
0.000177997
0.000228853
0.000213596
0.000223767
0.000223767
0.000198339
1.61045e-35
8.64556e-05
4.57706e-05
0.000122055
0.000152569
0.000198339
0.000177997
0.000213596
0.000137948
0.000228853
1.61045e-35
4.57706e-05
8.64556e-05
0.000152569
0.000122055
0.000177997
0.000213596
0.000228853
0.000223767
0.000223767
0.000198339
1.61045e-35
4.57706e-05
8.64556e-05
0.000122055
0.000152569
0.000177997
0.000198339
0.000213596
0.000228853
0.000228853
1.61045e-35
4.57706e-05
8.64556e-05
0.000122055
0.000152569
0.000177997
0.000213596
0.000223767
0.000223767
0.000198339
1.61045e-35
4.57706e-05
8.64556e-05
0.000122055
0.000152569
0.000177997
0.000198339
0.000213596
0.000177997
0.000137948
0.000228853
0.000228853
1.61045e-35
4.57706e-05
8.64556e-05
0.000122055
0.000152569
0.000213596
0.000223767
0.000223767
0.000198339
0.000177997
4.57706e-05
1.61045e-35
0.000122055
8.64556e-05
0.000198339
0.000152569
0.000177997
0.000213596
0.000228853
0.000228853
1.61045e-35
4.57706e-05
8.64556e-05
0.000152569
0.000122055
0.000219317
0.000213596
0.000223767
0.000228853
0.000223767
0.000177997
0.000198339
4.57706e-05
1.61045e-35
0.000122055
8.64556e-05
0.000177997
0.000198339
0.000152569
0.000213596
0.000228853
0.000223767
0.000152569
1.61045e-35
4.57706e-05
8.64556e-05
0.000122055
0.000223767
0.000213596
0.000228853
0.000177997
0.000198339
4.57706e-05
1.61045e-35
0.000122055
8.64556e-05
0.000177997
0.000198339
0.000152569
0.000213596
0.000137948
0.000226946
0.000221701
0.000152569
1.61045e-35
4.57706e-05
8.64556e-05
0.000122055
1.61045e-35
0.000228853
0.000223767
0.000213596
0.000228853
0.000177997
0.000198339
4.57706e-05
0.000122055
8.64556e-05
0.000152569
0.000198339
0.000177997
0.000213596
0.000223767
0.000152569
0.000122055
1.61045e-35
4.57706e-05
8.64556e-05
1.61045e-35
0.000228853
0.000228853
0.000223767
0.000213596
0.000223767
0.000198339
0.000177997
4.57706e-05
8.64556e-05
0.000122055
0.000213596
0.000177997
0.000152569
0.000198339
0.000152569
0.000122055
1.61045e-35
4.57706e-05
8.64556e-05
1.61045e-35
0.000223767
0.000228853
0.000228853
0.000223767
0.000213596
0.000198339
0.000152569
0.000177997
4.57706e-05
8.64556e-05
0.000122055
0.000152569
0.000213596
0.000177997
0.000198339
0.000122055
8.64556e-05
1.61045e-35
4.57706e-05
1.61045e-35
0.000223767
0.000228853
0.000228853
0.000223767
0.000213596
0.000177997
0.000198339
0.000152569
4.57706e-05
8.64556e-05
0.000122055
0.000152569
0.000213596
0.000177997
0.000198339
0.000137948
0.000122055
8.64556e-05
4.57706e-05
1.61045e-35
1.61045e-35
0.000223767
0.000228853
0.000228853
0.000223767
0.000198339
0.000213596
0.000177997
0.000152569
4.57706e-05
8.64556e-05
0.000122055
0.000152569
0.000213596
0.000198339
0.000165918
0.000177997
0.000122055
8.64556e-05
4.57706e-05
1.61045e-35
1.61045e-35
0.000223767
0.000228853
0.000228853
0.000223767
0.000213596
0.000198339
0.000152569
0.000177997
0.000122055
4.57706e-05
8.64556e-05
0.000122055
0.000152569
0.000213596
0.000198339
0.000177997
8.64556e-05
4.57706e-05
0.000223767
1.61045e-35
1.61045e-35
0.000228853
0.000228853
0.000219318
0.000210259
0.000198339
0.000152569
0.000122055
0.000177997
8.64556e-05
4.57706e-05
8.64556e-05
0.000122055
0.000177997
0.000152569
0.000213596
0.000198339
0.000188804
4.57706e-05
0.000228853
0.000223767
1.61045e-35
1.61045e-35
0.000228853
0.000223767
0.000213596
0.000198339
0.000152569
0.000122055
0.000177997
8.64556e-05
4.57706e-05
8.64556e-05
0.000122055
0.000152569
0.000177997
0.000213596
0.000198339
4.57706e-05
0.000223767
0.000229489
0.000228853
1.61045e-35
1.61045e-35
0.000198339
0.000223767
0.000213596
0.000122055
0.000152569
0.000177997
8.64556e-05
4.57706e-05
4.57706e-05
8.64556e-05
0.000122055
0.000177997
0.000152569
0.000213596
0.000223767
0.000198339
0.000228853
0.000228853
1.61045e-35
1.61045e-35
0.000223767
0.000198339
0.000213596
0.000177997
0.000122055
0.000152569
8.64557e-05
4.57706e-05
8.64556e-05
4.57706e-05
0.000122055
0.000177997
0.000152569
0.000213596
0.000223767
0.000198339
0.000228853
0.000228853
1.61045e-35
1.61045e-35
0.000223767
0.000213596
0.000198339
0.000177997
0.000152569
0.000122055
8.64557e-05
4.57707e-05
8.64557e-05
4.57706e-05
0.000122055
0.000177997
0.000152569
0.000228853
0.000213596
0.000223767
0.000198339
0.000228853
1.61045e-35
1.61045e-35
0.000213596
0.000223767
0.000198339
0.000177997
0.000122055
0.000152569
4.57707e-05
8.64558e-05
8.64557e-05
4.57707e-05
0.000152569
0.000122055
0.000228853
0.000177997
0.000198339
0.000223767
0.000228853
0.000213596
1.61045e-35
1.61045e-35
0.000152569
0.000177997
0.000213596
0.000223767
0.000198339
4.57708e-05
0.000122055
8.64559e-05
4.57708e-05
8.64559e-05
0.000122055
0.000152569
0.000177997
0.000228853
0.000198339
0.000228852
0.000223767
0.000213596
1.61045e-35
0.000223767
1.61046e-35
0.000152569
0.000177997
0.000213596
0.000198339
4.57708e-05
0.000122055
8.6456e-05
0.000177997
4.57709e-05
8.64561e-05
0.000122056
0.000152569
0.000228852
0.000228852
0.000213596
0.000198339
0.000223766
1.61046e-35
0.000223767
1.61046e-35
0.000152569
0.000177997
0.000213596
0.000198339
4.5771e-05
0.000122056
8.64563e-05
0.000177997
8.64564e-05
4.57711e-05
0.000122056
0.000152569
0.000228852
0.000228851
0.000198339
0.000223766
0.000213595
0.000137948
1.61046e-35
0.000223766
1.61047e-35
4.57714e-05
0.00015257
0.000177997
0.000213596
0.000198339
8.64566e-05
4.57712e-05
0.000122056
0.000177997
0.00015257
8.64569e-05
0.000122056
0.000228851
0.00022885
0.000198339
0.000223765
0.000213595
1.61047e-35
0.000223766
1.61049e-35
4.57718e-05
0.00015257
0.000198339
0.000177998
0.000213595
8.6457e-05
4.57715e-05
0.000122057
8.64577e-05
0.000177998
0.00015257
0.000122057
0.00022885
0.000198339
0.000228849
0.000223765
0.000213594
1.61048e-35
0.000223765
8.64588e-05
1.61052e-35
4.57725e-05
0.000152571
0.000177998
0.000198339
0.000213594
1.6105e-35
4.5772e-05
8.64577e-05
0.000122057
0.000122058
0.000177998
0.000152571
0.000198338
0.000228849
0.000213593
0.000228848
0.000223763
0.000223764
1.61055e-35
8.64601e-05
4.57734e-05
0.00012206
0.000152571
0.000177998
0.000198339
0.000213594
1.61052e-35
4.57726e-05
0.000122058
8.64587e-05
0.000198338
0.000152572
0.000177998
0.000228847
0.000213592
0.000223761
0.000228846
0.000223762
0.000213593
1.61061e-35
4.57748e-05
8.6462e-05
0.000122062
0.000152574
0.000152572
0.000177998
0.000198338
0.00012206
1.61056e-35
4.57735e-05
8.64603e-05
0.000198337
0.000177999
0.00022376
0.00021359
0.000228844
0.000223759
0.000228844
0.000213592
1.61069e-35
4.57766e-05
8.64648e-05
0.000152575
0.000122064
0.000152573
0.000177999
0.000198337
8.64622e-05
0.000122061
1.61062e-35
4.57749e-05
0.000198337
0.000177999
0.000213588
0.000223758
0.000223757
0.000228841
0.000228841
0.000177999
0.00021359
0.000198337
1.61079e-35
4.57789e-05
8.64677e-05
0.000122067
0.000152577
0.000152575
0.000177999
8.64644e-05
0.000122064
4.57767e-05
1.6107e-35
0.000198335
0.000213586
0.000223754
0.000213584
0.000223755
0.000228837
0.000228837
0.000226929
0.000165924
0.000188802
0.000213587
0.000198335
1.61093e-35
4.5782e-05
8.64718e-05
0.00012207
0.000152578
0.000152576
0.000177999
8.64677e-05
0.000122066
4.57789e-05
1.6108e-35
0.000198333
0.000228833
0.00022375
0.000213582
0.000223752
0.000228834
0.000228832
0.000177999
0.000213585
0.000198334
1.6111e-35
4.57854e-05
8.64758e-05
0.000152579
0.000122073
0.000177998
0.000213582
0.000152577
0.000177998
8.64709e-05
0.000122069
1.61093e-35
4.57818e-05
0.000198331
0.000228832
0.000223748
0.0002193
0.00020659
0.000228831
0.000223748
0.000198332
0.000177997
8.64788e-05
1.6113e-35
4.57889e-05
0.000152578
0.000122074
0.000177995
0.00021358
0.000122071
0.000152578
8.64746e-05
4.57851e-05
1.6111e-35
0.000198327
0.000228834
0.00022375
0.000213581
0.000228834
0.000223749
0.000122072
0.000177995
0.000198328
1.61153e-35
8.64803e-05
4.57922e-05
0.000152574
0.00017799
0.000219301
0.000213579
0.000122072
0.000152575
4.57884e-05
8.64781e-05
1.61129e-35
0.000188789
0.000202616
0.000213583
0.00022884
0.000223758
0.000228847
0.000223758
0.000137954
0.00010491
0.000177988
0.00015257
0.000198324
1.61172e-35
4.57935e-05
8.64759e-05
0.00015256
0.000177977
0.000213582
8.64789e-05
0.000122069
4.57915e-05
1.6115e-35
0.000198322
0.000213592
0.000228859
0.000223778
0.000228876
0.000223781
0.000122059
0.00019832
0.000152561
0.00017798
1.61182e-35
4.57904e-05
0.000177963
8.64608e-05
0.000152528
0.000213592
8.64755e-05
0.000122061
4.57926e-05
1.61169e-35
0.00019832
0.000213612
0.0002289
0.00022382
0.000228934
0.000223827
0.000122034
0.000198316
0.000152538
0.000177964
1.61167e-35
4.57782e-05
0.000177934
8.64263e-05
0.00015249
0.000213617
8.64623e-05
0.000122035
4.57892e-05
1.61176e-35
0.000198321
0.000213654
0.000228977
0.000223899
0.000229113
0.000223913
0.000165807
0.000121983
0.000152496
0.000198314
0.000177937
1.61101e-35
4.5747e-05
0.00017787
8.63581e-05
0.000152389
0.000213664
8.64316e-05
0.000121997
4.57769e-05
1.61157e-35
0.000224038
0.000198327
0.00021373
0.00022921
0.000229345
0.000224062
0.000121891
0.000165814
0.000137836
0.000198315
0.000177878
0.000177787
1.6094e-35
4.56867e-05
0.000152242
8.62335e-05
0.000121731
0.00021375
8.63616e-05
0.000121901
4.57462e-05
1.61096e-35
0.000224211
0.000213862
0.000198344
0.000229505
0.000229618
0.000224313
0.000152403
0.000198322
0.0001778
0.000152301
0.000152006
0.00017766
1.60612e-35
4.55837e-05
0.000121466
8.6018e-05
0.000198343
0.000213977
8.62586e-05
0.000121781
4.56867e-05
1.60924e-35
0.000224468
0.000214033
0.000198382
0.000229981
0.00023001
0.000224954
0.000177683
0.000152104
0.00015173
0.000121039
0.000177527
1.60001e-35
4.53967e-05
8.56593e-05
0.000198387
0.000214274
8.6063e-05
0.000121503
4.55776e-05
1.60563e-35
0.000224962
0.000214288
0.000198456
0.000230726
0.000230772
0.000225725
0.00017756
0.000151711
0.000120491
0.000151211
0.0001772
1.5893e-35
4.50619e-05
8.50824e-05
0.000198475
0.000214749
8.57374e-05
0.000121102
4.54009e-05
1.59963e-35
0.000225735
0.000214766
0.000198587
0.000231869
0.000231938
0.000226609
0.000135952
0.000177257
0.000151316
0.000119341
0.000150244
0.00017682
1.57129e-35
4.45375e-05
8.41697e-05
0.000198635
0.000215486
8.52088e-05
0.00012047
4.50744e-05
1.58943e-35
0.00019882
0.000226912
0.000215866
0.000233577
0.000233681
0.000227831
0.000176901
0.0001506
0.000118079
0.000176449
0.000149315
8.27684e-05
1.54194e-35
4.37679e-05
0.000216607
0.000198908
8.43756e-05
4.45591e-05
0.000119502
1.56973e-35
0.000199208
0.000216892
0.000228661
0.000235394
0.000236226
0.000231187
0.000176556
0.00014928
0.000218277
0.000115957
0.00017582
0.000147714
4.25029e-05
8.06662e-05
1.49151e-35
0.000175962
0.000199574
8.30822e-05
4.38005e-05
0.000118045
1.54099e-35
0.000199839
0.000218308
0.000231207
0.000237794
0.000220748
0.000239859
0.000234811
0.000220725
0.000147663
0.000200453
7.79266e-05
0.000112883
0.000145469
0.000175013
4.0602e-05
1.42142e-35
0.0001752
0.000208863
4.25703e-05
0.000115913
8.08971e-05
1.49314e-35
0.000197557
0.00023483
0.000242048
0.000238854
0.00021818
0.000248064
0.000242285
0.000229913
0.000145951
0.000218682
0.000179779
0.000112824
6.63682e-05
9.54935e-05
0.000118767
0.000149244
0.00017806
1.30913e-35
3.3834e-05
0.000153355
0.000185306
4.06827e-05
7.78668e-05
1.42002e-35
0.000214865
0.000247545
0.000249898
0.000236492
0.00025194
0.000248964
0.000235888
0.000125491
0.000220421
0.000161158
9.12255e-05
5.99614e-05
9.28871e-05
0.000124185
0.0001531
0.000182099
1.14497e-35
2.54036e-05
0.000192466
0.000116817
0.000170057
3.32216e-05
6.27548e-05
1.30802e-35
0.000210553
0.000250764
0.000258442
0.000263833
0.000236785
0.000253624
0.000260844
0.000243613
0.000225478
0.000143013
9.1413e-05
5.91108e-05
6.14265e-05
9.36671e-05
0.000124921
0.000148293
0.00017795
3.21102e-05
8.93664e-36
0.000171746
0.000201783
0.000117449
0.000142588
2.53556e-05
1.14288e-35
0.00020462
0.000258895
0.000271768
0.000274819
0.00023529
0.000268165
0.000260128
0.00024308
9.06157e-05
5.25584e-05
3.20373e-05
6.28451e-05
0.000108483
0.000161237
0.000190424
0.0002212
3.48225e-05
1.52481e-05
5.71538e-36
0.000158794
0.000109976
8.91329e-36
0.000196672
0.000232366
0.000271669
0.000283598
0.000285132
0.000262473
0.000284281
0.000275944
0.000257826
6.91731e-05
2.87135e-05
1.54359e-05
5.989e-05
9.75933e-05
0.000145734
0.000146986
0.000229988
0.000188686
1.00466e-05
2.94229e-05
1.75842e-36
7.36303e-05
0.000106056
5.71282e-36
0.000167958
0.000211014
0.00024964
0.000286255
0.000301126
0.000294064
0.000303503
0.000274827
0.000295057
0.000262336
0.000285376
4.67847e-05
4.65104e-05
2.36933e-05
1.17507e-05
3.44024e-05
0.000106033
6.45928e-05
0.000134276
0.000129849
0.000224736
0.000191445
3.24358e-06
1.25631e-05
-1.30513e-36
9.356e-05
5.89645e-05
1.71375e-36
0.000172709
0.000253904
0.000220425
0.000295457
0.000313843
0.000311311
0.000311312
0.00028942
0.000318103
0.000256796
0.00029264
1.79499e-05
3.16745e-06
3.98843e-05
7.32735e-05
0.000141083
0.000108244
0.000208857
5.80325e-07
9.14759e-06
-1.65359e-36
7.74339e-05
2.24365e-05
-1.30495e-36
0.000152699
0.000208871
0.000256789
0.000316507
0.000328425
0.000328431
0.000300812
0.000239499
0.000317128
0.000332292
0.000284261
3.77199e-06
5.08042e-05
0.000148773
7.8412e-05
6.2753e-35
0.000191414
0.000109839
6.27965e-35
-5.06006e-07
-1.67724e-36
2.30695e-06
-1.62173e-39
6.59029e-35
5.29496e-06
-4.05056e-07
0.000223461
0.000105796
0.000180798
0.000239521
0.000284314
0.000334771
0.00033886
0.000346511
0.00032397
0.000288411
0.00033186
6.28266e-35
1.96996e-06
1.95708e-35
0.000131273
5.35456e-35
1.22066e-06
0.000354876
5.7541e-38
8.99041e-36
1.15899e-36
1.83413e-35
1.82947e-06
0.000296875
0.000229963
0.000131052
5.36358e-35
0.000221593
0.000131224
0.000288017
0.000351026
0.000332306
0.000338603
4.90075e-35
2.12296e-06
0.000361423
1.1728e-36
2.32446e-06
5.85085e-36
1.51312e-36
9.06345e-36
2.21499e-06
0.000316627
0.000278258
4.45648e-35
0.000214054
0.000120452
4.90081e-35
0.00012481
0.000219067
0.000333869
0.000295998
0.000360138
0.000356785
0.000370741
1.54242e-36
3.81469e-36
2.40033e-06
1.65504e-36
5.835e-36
2.35825e-06
0.000333474
0.000286472
4.45367e-35
0.000215212
0.000120652
4.45493e-35
0.000121273
0.00028478
0.000215013
0.000333046
0.000364368
0.000362902
0.000353215
0.00037518
2.68686e-36
1.7228e-36
1.6443e-36
3.83312e-36
2.48764e-06
2.43444e-06
0.000337662
0.000229216
0.000302922
4.52474e-35
0.00012878
4.45419e-35
0.00012025
0.000214731
0.000286499
0.000366612
0.000336594
0.000367307
0.000377129
0.00037515
1.97878e-36
1.74981e-36
1.72273e-36
2.68213e-36
2.51241e-06
2.49273e-06
0.000352038
0.000228349
0.000303001
4.50027e-35
0.00012714
4.52499e-35
0.000128795
0.000229014
0.000302936
0.000351254
0.000376218
0.00037657
1.7489e-36
1.75017e-36
1.7508e-36
1.98132e-36
2.51459e-06
2.51425e-06
0.000352614
0.000227578
0.000302953
0.000126522
4.47371e-35
4.50096e-35
0.000228212
0.000127232
0.000303022
0.000352374
0.000377451
0.000377782
1.74998e-36
1.75035e-36
1.7506e-36
1.74919e-36
2.51462e-06
2.51501e-06
0.000353085
0.000227305
0.000302879
0.000126246
4.46188e-35
4.47355e-35
0.000227586
0.000126496
0.000302942
0.000352919
0.00037803
0.000378231
1.75047e-36
1.75021e-36
1.75058e-36
1.75014e-36
2.51456e-06
2.51492e-06
0.00035322
0.000227148
0.000302832
0.000126155
4.46008e-35
0.000302871
4.46291e-35
0.000227276
0.000126242
0.000353199
0.000378343
0.000302836
0.000378427
1.75044e-36
1.75021e-36
1.75042e-36
1.75071e-36
2.51458e-06
2.51488e-06
0.00035328
0.000302813
0.000227088
0.000126125
4.45921e-35
0.000227127
4.46024e-35
0.000126162
0.000353261
0.000378471
0.000302803
0.000378515
0.000378505
1.75044e-36
1.7502e-36
1.75044e-36
1.75043e-36
1.75066e-36
2.51458e-06
2.5149e-06
0.000302811
0.000353294
0.000227077
0.000126126
4.45975e-35
0.000227077
0.000126129
4.45979e-35
0.000353275
0.000227059
0.000302779
0.000378521
0.00037853
1.75021e-36
1.75044e-36
1.75042e-36
1.75066e-36
2.51458e-06
2.51489e-06
0.000302822
0.000353303
0.000227098
0.000126138
4.45999e-35
0.000126121
4.45982e-35
0.000353268
0.000227046
0.000302767
0.000378511
0.00037853
1.75021e-36
1.75044e-36
1.75042e-36
1.75066e-36
2.51458e-06
2.51489e-06
0.00030286
0.000353316
0.00022715
0.000126171
4.46069e-35
0.000126114
4.4596e-35
0.000227043
0.000353246
0.000302751
0.000378464
0.000378471
1.75021e-36
1.75044e-36
1.75021e-36
1.75042e-36
1.75066e-36
2.51458e-06
0.00035331
2.51489e-06
0.000302955
0.000227263
0.000126236
4.46281e-35
0.00030274
0.00012611
4.45917e-35
0.000227059
0.000353177
0.000331071
0.00037825
0.000378308
1.75044e-36
1.75021e-36
1.75042e-36
1.75066e-36
2.51458e-06
0.00035325
2.51489e-06
0.000303098
0.000227448
0.000126375
4.46765e-35
4.45884e-35
0.000268081
0.00012612
0.000179793
0.000377937
0.000302736
0.000352975
0.000377858
1.75044e-36
1.75021e-36
1.75042e-36
1.75066e-36
1.75044e-36
1.75021e-36
2.51458e-06
0.000353114
0.000303266
2.51489e-06
0.000227871
0.000126705
4.48055e-35
4.46065e-35
0.00022745
0.000227198
0.000126207
0.000377099
0.000377022
0.000302774
0.000268544
0.000352429
0.000269151
1.75042e-36
1.75066e-36
1.75044e-36
1.75021e-36
2.51458e-06
0.000367133
0.000352799
0.000303736
2.51489e-06
0.000228917
0.00012743
4.51066e-35
0.000374222
0.000180459
4.46802e-35
0.000126425
0.000351733
0.000375339
0.000228282
0.000302907
1.75042e-36
3.56383e-36
1.75044e-36
1.75066e-36
1.75021e-36
2.51458e-06
0.000304345
0.000351522
0.000230705
1.75042e-36
2.51489e-06
0.000129075
4.57314e-35
0.000373181
0.000367346
0.00012707
4.48943e-35
0.000128312
0.000350535
0.000229511
0.000303091
0.000307028
1.75044e-36
1.75066e-36
1.75021e-36
2.51458e-06
0.000187426
0.000339289
0.000238062
0.00035802
1.75042e-36
2.51489e-06
0.000111818
4.70277e-35
0.000358196
0.000366467
4.54262e-35
0.000100256
0.00018452
0.000328625
0.000252031
0.000309424
1.75044e-36
1.75066e-36
1.75021e-36
1.75044e-36
2.51458e-06
0.000196982
0.000334226
0.000345682
0.000272076
0.000355755
1.75042e-36
2.51489e-06
9.48212e-05
4.96238e-35
0.000354923
0.000347457
4.65357e-35
9.37962e-05
0.000188004
0.000303649
0.000257876
1.75066e-36
1.75021e-36
1.88735e-36
1.88712e-36
2.49318e-06
0.000182017
0.000320905
0.000344697
0.00033419
0.000258998
0.000344493
1.75042e-36
1.75066e-36
2.51489e-06
5.49071e-35
0.00031643
0.00033967
4.91064e-35
9.96768e-05
0.00018774
0.000276581
1.01213e-36
1.01201e-36
0.00020561
0.000127108
0.000300063
0.000324791
0.000322117
0.00031043
0.000254011
0.00031491
1.75042e-36
1.75066e-36
2.51489e-06
6.66169e-35
0.000305337
0.000254126
0.00030396
5.43095e-35
0.000180561
0.000174781
0.000282015
0.000344864
0.000340213
0.000321946
0.000289593
0.000236395
0.000333777
1.75042e-36
1.88759e-36
2.51489e-06
9.32772e-35
0.000277313
0.000219221
0.000316048
6.67918e-35
0.000136465
0.000218819
0.000218819
0.000213578
0.000203096
0.000187374
0.000166412
0.000213578
1.01214e-36
1.88735e-36
1.01226e-36
-8.49532e-35
0.000283205
0.000233413
0.000203096
0.000166412
9.49611e-35
0.000187374
-8.49532e-35
