0.00151023
0.00149688
0.0013933
0.00150556
0.00127248
0.001446
0.00054537
0.00134412
0.00148258
0.000788012
0.000901168
0.000700227
0.000626101
0.00139958
0.000454496
0.00103347
0.000268929
0.000353378
0.00116643
0.000525415
0.00146508
0.00137212
0.00136665
0.00138254
0.00138372
0.00111158
0.00131787
0.000419985
0.00031683
0.00121864
0.000709313
0.000615335
0.000818828
0.000187092
0.000962944
3.11741e-06
7.30881e-05
0.000196158
0.000569788
0.000460174
6.16813e-05
0.000125904
0.000171507
0.0013143
0.00140601
0.0013845
0.00133614
0.00141718
0.00140859
0.00105506
0.00113506
0.000333666
0.0013355
0.000724361
0.000847623
-0.000127462
1.88587e-05
0.000156132
0.000582265
0.000468342
-0.000162755
-5.54792e-35
0.000283297
0.00116126
0.00125123
0.00131904
0.00131263
0.0013724
0.00140496
0.00134826
0.00139801
0.00112535
0.000924849
0.00125807
0.00038594
0.000650665
0.000821744
-4.11883e-05
-0.000135574
0.000128498
0.00023257
0.000523169
-0.000141018
-2.86008e-34
0.00111142
0.00120985
0.000952919
0.00114297
0.00134453
0.00140713
0.00128849
0.00139517
0.000920041
0.00115405
0.00032028
0.000501929
0.000713914
-3.39516e-05
9.7298e-05
-8.68084e-05
-1.26452e-34
0.000217278
0.000886446
0.00108605
0.00077178
0.00117673
0.000961398
0.000902627
0.00121269
0.00133581
0.00140416
0.00125335
0.00140182
0.00102492
0.000827311
0.000558915
-4.12144e-05
-7.72659e-35
8.50031e-05
0.000386168
0.00065331
0.000711236
0.000966698
0.000670626
0.00100788
0.000728298
0.000789608
0.00113462
0.00130472
0.00140251
0.00130025
0.00107143
0.00140189
0.000899775
-2.40521e-05
-4.77882e-35
0.000146683
0.000794445
0.000519692
0.000637795
0.000606296
0.000874755
0.000582263
0.000811147
0.000809885
0.00063187
0.00062482
0.00105437
0.00139604
0.00136078
0.00123078
0.00116956
0.00135346
0.000847745
0.00140062
-5.6835e-22
0.000193037
0.000865773
0.000590896
0.000563546
0.000762962
0.000600275
0.000539859
0.000529781
0.000515858
0.00110164
0.00127932
0.00136552
0.0010015
0.00125535
0.0013744
0.000636373
0.000471678
1.70868e-34
0.000289773
0.000944878
0.00067179
0.000437792
0.000723941
0.000398455
0.00040739
0.000448978
0.000418665
0.00120711
0.00132087
0.00134557
0.000756708
0.00109584
0.00129017
0.000295484
0.000308507
0.000290303
0.000186932
-2.10701e-20
0.000373115
0.000995052
0.000751342
0.000689349
0.000391437
0.000319852
0.000355449
0.000397396
0.000354411
0.00119236
0.0013307
0.00128093
0.00119221
0.00125697
0.000556718
0.000924104
0.000235201
3.53686e-05
1.42095e-19
0.000223277
9.69064e-05
-4.59925e-05
4.31788e-20
0.000477484
0.00101825
0.000836714
0.00065774
0.000342048
0.000308531
0.000288184
0.000298034
0.00115918
0.00131163
0.00127556
0.00127996
0.00104285
0.00113087
0.00073509
0.000351452
5.83267e-19
-1.39976e-19
-4.28806e-19
0.000178481
0.000290713
-7.03803e-05
1.16393e-05
-0.000107823
-2.52136e-20
0.000404224
0.000881993
0.0010557
0.000647217
0.000627432
0.000232392
0.000238172
0.00025761
0.000597337
0.00120523
0.00128921
0.0011949
0.0012838
0.000881373
0.000972183
0.000591999
0.0003332
6.95537e-19
7.36865e-19
-9.66306e-05
8.30943e-05
0.00016732
0.0002302
-0.000149644
-0.000197667
3.39085e-34
0.000344113
0.000905738
0.00108873
0.000646918
0.000232653
0.000565748
0.00121427
0.00121073
0.00127897
0.00106232
0.00128303
0.000674171
0.000799182
0.000392867
-4.21792e-20
-4.81797e-20
-8.22985e-05
-0.000202592
8.32238e-05
0.000188643
-0.000225721
0.000329644
3.3892e-34
0.000859507
0.00108611
0.000571587
3.3806e-34
0.000530432
0.00117626
0.00125881
0.00104871
0.00120726
0.00128411
0.000816217
0.00048761
-7.66845e-19
-9.57353e-35
0.0003372
0.000238717
0.000146449
0.000484893
0.000423697
7.10163e-05
0.000332608
0.000991596
0.000729897
1.87575e-20
0.000570689
0.00121496
0.00107163
0.00127095
0.00104132
0.00124793
0.00114648
0.00127928
0.000837345
0.000472512
1.99356e-19
0.000317774
0.000857461
3.36163e-34
0.000625291
0.0011198
0.0012371
0.00128173
0.000924431
0.00099929
0.00120542
0.00125443
0.000708509
-2.43339e-19
0.000389255
0.000357943
2.01263e-20
0.000698155
0.00105147
0.00120321
0.00127663
0.0012723
0.00087427
0.00097777
0.00113432
0.000724705
0.00117443
2.61318e-19
0.000359619
0.000604842
0.000368055
-2.23493e-20
0.001011
0.00115727
0.0012587
0.00128207
0.00122776
0.000754876
0.000907856
0.000671065
0.00106423
5.57784e-19
0.000428848
-8.2907e-19
0.000404435
3.33855e-34
0.00118717
0.00101979
0.00127993
0.00126149
0.00115803
0.000731094
0.000798432
0.000982679
0.000347976
0.000678579
-2.46511e-19
0.000448245
3.33119e-34
0.000331234
0.00122288
0.000839625
0.00103757
0.00116116
0.00126537
0.00128063
0.00118194
0.000824072
0.00104486
0.000485152
-6.05076e-19
0.000712431
3.32362e-34
0.000512853
0.00125653
0.00100832
0.00117886
0.00121851
0.00118142
0.0012816
0.00102033
0.000681065
0.000324021
2.57757e-19
0.000840422
3.31572e-34
0.000551274
3.30745e-34
0.00126876
0.00118819
0.00106188
0.00109078
0.00127681
0.00120895
0.000878154
0.000369723
0.000654432
5.16004e-19
0.000878208
0.000314524
0.000637084
3.2988e-34
0.00127256
0.00120695
0.0010931
0.00106108
0.00090408
0.00127504
0.00119753
0.000401394
-5.44748e-19
0.000769589
0.000920327
0.000389844
0.000718311
3.28981e-34
0.000237237
0.00127515
0.00121915
0.00110656
0.00102975
0.0012701
0.00118952
0.00043024
5.60045e-19
0.000793083
0.000963311
0.000694018
0.000380235
2.23569e-20
0.000190009
0.000187191
8.54324e-35
1.5824e-34
0.00128113
0.00116972
0.00126951
0.00103796
0.00126952
0.00119083
-8.73638e-19
0.000489527
0.000811474
0.000968262
0.000702725
0.000400588
3.271e-34
0.000232364
3.16704e-34
-6.1434e-12
3.2613e-34
0.00111098
0.00122371
0.00127215
0.00127407
0.00104025
0.00119299
2.9911e-20
0.000447546
0.000805065
0.000934434
0.000732504
0.00039789
0.00023734
6.87366e-10
9.58448e-21
0.000320163
3.25132e-34
0.000234816
0.0011926
0.00104524
0.00127118
0.00128131
0.00126918
0.00104298
0.0011916
0.000482063
2.46418e-19
0.000828934
0.000629062
0.00088421
5.46412e-34
1.15045e-20
0.000364528
-2.36179e-20
0.000237126
3.98668e-34
2.7711e-34
0.00126062
0.00118311
0.00105261
0.00126959
0.00128145
0.00105705
0.00120416
0.000316726
0.000612228
3.23034e-34
0.000866619
0.000669594
0.000863768
1.05204e-08
-5.14627e-20
0.000399249
3.22717e-34
0.000237565
0.000485288
0.000970592
2.36083e-34
0.000442179
0.00128323
0.00126629
0.0011681
0.00100316
0.00125681
0.00106884
0.00118397
0.000352222
0.000654907
3.23675e-34
0.000891192
0.000777052
4.85723e-34
3.0976e-34
0.000668772
0.000346348
3.20651e-34
0.000225563
0.00071153
0.000701095
0.000974216
1.75531e-34
0.000453817
0.000977827
0.00031082
0.00127008
0.00125683
0.0012801
0.00118206
0.000997185
0.00104403
0.00120081
0.000403876
0.000774558
-2.9108e-19
6.0393e-34
1.01704e-20
0.000632159
0.00087117
0.000342491
3.16726e-34
0.000212924
0.000827057
0.000836013
0.000729242
1.45186e-34
0.000615195
0.000981426
0.000373476
1.25156e-34
0.00098859
0.000985013
0.00117469
0.00127534
0.00121098
0.00127569
0.00127064
0.0010658
0.00105826
0.00040489
0.00065972
0.000897365
-5.14808e-19
0.000181872
1.34516e-06
2.15283e-34
0.000666118
0.000900398
0.000361234
3.07883e-34
0.000875787
0.000896886
0.000811509
0.000260207
0.00071065
0.000537293
0.000897923
1.21228e-34
0.000926111
0.000992299
0.00121292
0.000932632
0.000824979
0.00107248
0.00119808
0.00127375
0.00128138
0.00110466
0.000329058
0.000862603
0.000575235
1.97857e-20
0.000160997
0.000129269
3.0747e-34
1.49328e-34
0.000938782
0.00068877
0.000342352
-2.03689e-20
0.000905437
0.00025297
0.000502514
0.000677983
0.000954393
1.54778e-34
0.000956037
0.000996491
0.00124355
0.000950995
0.000889616
0.000803838
2.50349e-34
8.56313e-07
6.40331e-05
0.00102004
0.00118071
0.00128168
0.00122035
0.00129472
0.00116486
0.000354899
0.000743385
-2.8317e-19
0.000135101
0.000140698
9.44483e-05
9.88148e-35
0.000920067
0.00106179
0.000647938
0.00037812
0.000296739
0.000940065
0.000471599
0.000252254
0.000673879
0.000972758
6.65496e-19
0.000973154
0.00100104
0.0012761
0.00097636
0.00090174
0.000841156
1.77476e-34
6.81577e-05
4.45545e-07
3.92682e-05
0.000144591
0.00010822
9.8451e-05
0.000988123
0.0007132
0.000864534
0.00107076
0.00126507
0.00114251
0.00130729
0.00119811
0.000330416
0.000579854
5.52815e-19
0.000192163
0.000273099
0.000239686
0.000147329
0.00107591
0.000716691
0.000526218
0.000960957
0.000495063
0.000266283
0.000995197
1.39366e-34
0.000986776
0.00100638
0.00131961
0.00100244
0.000890737
2.06561e-34
0.00019307
0.000224805
0.00012352
0.0010057
0.000704464
0.00114648
0.0011773
0.00116137
0.00121573
0.0012107
0.00120441
0.00113095
0.0011939
0.000888788
0.000928096
0.000655992
0.00122818
0.00103938
0.00131392
0.0013002
0.00037891
2.2956e-20
0.000307202
0.00046943
0.0012476
0.000937134
0.000752224
0.000996572
0.000433984
0.00102095
1.82618e-34
0.00100847
0.00101296
0.00137235
0.00102988
7.37623e-07
0.000290267
0.00033257
0.000147922
0.00102826
0.000743052
0.00124358
0.00127402
0.00125098
0.00130013
0.00122144
0.00129348
0.00128845
0.00128156
0.00125046
0.0011131
0.000951432
0.00124147
0.00123013
0.00102225
0.00127023
0.00125488
0.00128943
0.00125291
0.000728031
0.00118212
0.000936552
0.0013346
0.00143373
0.000367861
-4.59322e-19
0.000519005
0.000806439
0.0011299
0.00140877
0.00104913
0.000466608
0.00105553
1.2415e-34
0.0010509
1.57064e-06
0.000448328
0.000521796
0.000222335
0.000850519
0.00126326
0.00126098
0.00126027
0.00128209
0.00131165
0.00130035
0.00131053
0.00131182
0.00128744
0.0012619
0.00109114
0.00103641
0.00131034
0.00109697
0.00103765
0.0013447
0.00132823
0.00128742
0.0012706
0.00123153
0.00138988
0.00132312
0.00141903
0.00130508
0.00106338
0.00140411
0.00137264
0.00134713
0.000629478
0.00111848
0.000846349
0.00145614
0.00126404
0.00158747
0.000330217
2.31431e-19
0.000823755
0.00118253
0.00143751
0.00108878
0.000466246
0.00110809
1.40493e-34
3.98931e-34
0.000753831
0.000461583
0.000797941
0.00103313
0.00128106
0.00122374
0.00124746
0.00126294
0.00131344
0.00127876
0.00128803
0.00131559
0.00124049
0.0011015
0.00130594
0.00118399
0.00133558
0.00136397
0.00127893
0.00143546
0.00138293
0.00136948
0.00147841
0.00143839
0.00145584
0.0014234
0.00150595
0.00150944
0.00150802
0.00151029
0.00145792
0.00059841
0.000952053
0.00148308
0.0011431
0.0017644
0.00156263
0.00167232
0.000265404
-1.25822e-20
0.00122243
0.00115471
0.000438339
0.00118564
3.90929e-34
2.90799e-06
0.000997729
0.000513125
0.00102335
0.000798942
0.00115158
0.00123777
0.00124431
0.00125048
0.00126534
0.00127697
0.0012962
0.00128584
0.00129572
0.00129519
0.00131486
0.00134182
0.00134975
0.0014166
0.00140988
0.0014839
0.00149853
0.00145378
0.00157037
0.00150299
0.00154681
0.00156228
0.00154849
0.00151072
0.00150467
0.00147597
0.0014899
0.00150352
0.00151087
0.00151049
0.00151079
0.00149817
0.00153277
0.000437045
0.000738682
0.00145464
0.00104687
0.000753141
0.00187697
0.00173237
0.0015489
0.00184242
0.000178571
-6.12756e-21
0.00123086
0.000473867
0.00123756
-4.57998e-20
8.02412e-34
0.00106603
0.00109
0.000913416
0.00120165
0.00125336
0.00126672
0.00127133
0.00128544
0.00130675
0.00130423
0.00129661
0.00134798
0.00137631
0.00146109
0.00141544
0.00148523
0.00149173
0.00154465
0.00157211
0.00152652
0.00156174
0.00154727
0.0015467
0.00150138
0.00150539
0.00154716
0.00156011
0.00150981
0.00155481
0.00155678
0.00153936
0.00150866
0.00149895
0.00150712
0.00149604
0.000763498
0.000278898
0.000477884
0.00118631
0.00164616
0.000627254
0.000777938
0.00044939
0.00192696
0.00153512
0.00191779
0.000157737
0.000113506
-3.25346e-19
0.00127569
0.00125953
0.0007213
5.48857e-34
7.16263e-34
0.00115632
0.00128637
0.00129516
0.00132256
0.00130952
0.00140843
0.00135799
0.00146029
0.00152552
0.00152081
0.00149051
0.00153404
0.0015601
0.00153364
0.0015522
0.00155009
0.0015438
0.00155222
0.00153275
0.00153857
0.0015592
0.00154062
0.00154603
0.00154342
0.00153802
0.00149193
0.00118786
2.49305e-10
0.00145852
0.00146975
0.00147776
0.00148517
0.00113827
0.00131267
0.000291029
0.000181063
0.000785679
0.000510237
0.00149075
0.000341777
0.000432896
0.000252328
0.00201551
0.00183819
0.00178525
0.000146073
0.000162906
1.85037e-19
0.000187802
0.00131472
0.00128431
0.000858963
-3.52697e-11
0.000845013
0.00132871
0.00134179
0.00137597
0.00141784
0.00148412
0.00154007
0.00152434
0.00156047
0.00153838
0.00155228
0.00152545
0.00154355
0.00154148
0.00154968
0.00152599
0.00153341
0.0015775
-4.18936e-10
0.00152113
0.0014429
0.00149713
0.00150985
0.00152726
0.00125335
0.00135231
2.7337e-10
0.00142253
0.00139319
0.00139581
0.00146497
0.000169313
0.000123549
7.95598e-34
2.94406e-06
0.000849334
0.0002309
4.06175e-34
0.00141075
0.000188126
0.000184269
0.000145291
0.00196611
0.0019908
0.000132075
0.000128963
2.69039e-34
0.000209057
1.36859e-06
0.00137479
0.00112636
0.00131554
0.00138633
0.00146342
0.00151985
0.00154633
0.00153919
0.00155013
0.00153154
0.0015302
0.00154596
0.00152472
0.00182465
0.000949127
0.00150612
0.00149621
0.00149189
0.00148032
0.00141089
0.00141418
0.0013679
0.00143509
0.00145737
0.0014415
0.00126881
0.00130059
0.00134601
0.00131347
0.00132753
0.000108021
8.62804e-05
9.02061e-05
7.1853e-34
1.58723e-06
0.000937938
0.00164652
5.65245e-07
9.73912e-05
7.67506e-05
0.0020305
0.00196165
8.22588e-05
2.8543e-34
0.000227696
3.08721e-34
6.06096e-34
0.00150393
0.00158699
0.001568
0.00188199
0.00147729
0.00152209
0.0015509
0.00155311
0.00154914
0.00154645
0.00153447
0.00152767
0.00152472
0.00149134
0.00150246
0.00147231
0.00141169
0.00141241
0.00143382
0.00128654
0.00133327
0.0012425
0.00136846
0.00138522
0.00136072
0.00155102
6.31225e-05
5.24638e-07
4.69378e-05
5.47501e-11
0.00103844
0.00170955
1.92721e-34
3.60955e-05
0.00196738
4.83604e-34
0.000236427
-4.12323e-20
0.00166139
0.00181889
0.00156467
0.00155769
0.00155046
0.00154398
0.00153201
0.00152213
0.00151181
0.00145623
0.00149775
0.0013744
0.0013832
0.00141434
0.00135738
0.00133493
0.00131385
0.00120956
0.00137692
0.0013426
0.00160673
0.00130998
1.78029e-07
-2.63583e-11
0.00108048
0.00168321
0.00179315
0.00184891
1.04188e-08
0.000237395
-3.10233e-22
0.000230444
0.00164425
0.0015437
0.00156202
0.00151818
0.00150223
0.0014488
0.00135373
0.00136888
0.00133272
0.00131093
0.0012824
0.00118509
0.0012674
0.00127822
0.00116247
4.01075e-11
0.00107012
0.00152379
0.00168371
3.39219e-34
-4.12402e-20
0.00023738
0.00156183
0.00151078
0.00147635
0.00147737
0.00146623
0.00139713
0.00133239
0.00134317
0.00128636
0.00124669
0.00122246
0.00123448
0.00113559
-1.94889e-11
0.00118276
0.00147355
5.17489e-11
0.00023629
3.16933e-34
0.00142798
0.00139815
0.00137097
0.00136277
0.0012956
0.00123254
0.00123566
0.00122818
0.00110389
0.00132056
-7.5778e-20
0.000893021
0.00131021
7.30676e-13
0.000233052
1.5825e-34
0.00133559
0.00128335
0.00123389
0.00120491
0.00120366
0.00120344
0.00107248
0.00127236
0.00126817
0.000694672
4.98065e-34
0.00112998
2.07373e-14
0.000237125
0.000191023
0.00125638
0.00123391
0.00121791
0.00117928
0.00118244
0.00116059
0.0010439
0.00120611
0.000858278
4.32702e-34
0.000512793
0.00110126
8.94031e-35
0.00119463
0.00119012
0.0011395
0.00110799
0.0010244
0.00114646
0.000884825
3.43938e-34
0.000472512
0.00104785
0.00111708
0.00113926
0.00109907
0.00104782
0.00106593
0.00101316
0.00100353
0.000814152
0.000454008
-7.17234e-20
0.00105729
0.000966313
0.00106007
0.00108834
0.00106497
0.00102346
0.00104271
0.00100614
0.00100381
0.00100079
0.00073807
0.000393682
-6.14108e-21
0.00100896
0.000910909
0.00103818
0.00103111
0.00102386
0.000990942
0.0010071
0.000974273
0.000996432
0.000651642
0.000348135
1.6662e-34
0.00094671
0.000998144
0.000822381
0.0010025
0.000983347
0.000988045
0.000956463
0.000992684
0.00096825
0.000617589
0.00034124
1.72835e-34
0.000935191
0.000819665
0.000968513
0.000963122
0.000940781
0.00098884
0.000948709
0.000832841
0.000607204
0.000342535
0.000192207
3.78754e-17
0.000918921
0.000678151
0.000934695
0.000916996
0.000985016
0.000929045
0.000839591
0.000455018
0.000265021
-1.14191e-18
0.000852151
0.000722017
0.000528097
0.000894578
0.00088334
0.000981426
0.000902483
0.000287084
3.39837e-20
0.000819158
0.000705894
0.000555652
0.000844616
0.000977827
0.000846049
0.000450769
-4.116e-20
0.000662757
0.000785036
0.000974216
0.000760302
0.000342675
1.65985e-34
0.000541418
0.000686104
0.000970592
2.36867e-34
0.000476245
3.12504e-34
2.83733e-34
