0.027 0.000828
0.027 0.001104
0.027 0
0.027 0.000552
0.0268462 0.000719201
0.0267513 0.000138
0.0269149 0.000138
0.027 0.000276
0.027 0.00138
0.0268142 0.00125815
0.026756 0.00102027
0.0267187 0
0.0267187 0.000552
0.0266506 0.000805427
0.0265817 0.000138
0.0267187 0.000276
0.0264378 0.000138
0.027 0.00276
0.0269149 0.002622
0.027 0.002484
0.0267369 0.002622
0.0265993 0.00129705
0.027 0.001656
0.0267705 0.00151035
0.027 0.001932
0.027 0.002208
0.0263847 0.00135417
0.0264745 0.00105177
0.0264422 0.000806116
0.0264375 0
0.0264375 0.000552
0.0264375 0.000276
0.0262969 0.000138
0.0261563 0.000138
0.0267187 0.00276
0.0267187 0.002484
0.0265794 0.002622
0.026438 0.002622
0.0265278 0.00160284
0.0267331 0.00177107
0.0267607 0.00200086
0.0267187 0.002208
0.0262396 0.00112112
0.0263031 0.00165766
0.0261663 0.00141226
0.0262343 0.000830046
0.0261562 0
0.0261562 0.000552
0.0260156 0.000138
0.025875 0.000138
0.0261562 0.000276
0.0264375 0.00276
0.0264375 0.002484
0.0262969 0.002622
0.0261563 0.002622
0.0264629 0.00194291
0.0264375 0.002208
0.0261766 0.00189155
0.0260067 0.000989726
0.0260268 0.0012149
0.0260399 0.00164022
0.0259064 0.00141949
0.0259707 0.000762793
0.025875 0
0.025875 0.000552
0.0257344 0.000138
0.025875 0.000276
0.0255938 0.000138
0.0261562 0.00276
0.0261562 0.002484
0.0260156 0.002622
0.025875 0.002622
0.0261562 0.002208
0.0259856 0.00201717
0.0258767 0.00181271
0.0257579 0.00096601
0.0257945 0.00118769
0.0257522 0.00160781
0.0256487 0.00139401
0.0257049 0.00075233
0.0255937 0
0.0255937 0.000552
0.0253125 0.000138
0.0255937 0.000276
0.0254531 0.000138
0.025875 0.00276
0.025875 0.002484
0.0257344 0.002622
0.0255938 0.002622
0.025875 0.002208
0.0257185 0.00200599
0.0255945 0.0017993
0.0255174 0.000961519
0.0255447 0.00117534
0.0254738 0.0015875
0.0253923 0.00137481
0.0254429 0.000740284
0.0252928 0.000930134
0.0253125 0
0.0253125 0.000552
0.0251719 0.000138
0.0250312 0.000138001
0.0253125 0.000276
0.0255938 0.00276
0.0255937 0.002484
0.0254531 0.002622
0.0253125 0.002622
0.0255937 0.002208
0.0254473 0.00200261
0.0253235 0.00178435
0.0252777 0.00114265
0.0251849 0.00155811
0.025158 0.00133682
0.025167 0.000740453
0.0250562 0.000958869
0.0250313 0
0.0250312 0.000552
0.02475 0.000138004
0.0248906 0.000137999
0.0250312 0.000276
0.0253125 0.00276
0.0253125 0.002484
0.0251719 0.002622
0.0250312 0.002622
0.0253125 0.002208
0.0251785 0.00200205
0.0250736 0.00178585
0.0249112 0.00159621
0.0249836 0.00116135
0.0249314 0.00138133
0.0248964 0.00076059
0.0247833 0.00098257
0.02475 0
0.02475 0.000552
0.0246094 0.000137994
0.02475 0.000276
0.0244687 0.00013801
0.0250313 0.00276
0.0250312 0.002484
0.0248906 0.002622
0.02475 0.002622
0.0250312 0.002208
0.0249123 0.00201175
0.0248379 0.00181729
0.0246613 0.00171376
0.0246926 0.00145458
0.0247067 0.00121246
0.024622 0.000779508
0.0245042 0.00102513
0.0244688 0
0.0244687 0.000552
0.0243281 0.000137992
0.0244687 0.000276
0.0241875 0.000137919
0.02475 0.00276
0.02475 0.002484
0.0246094 0.002622
0.0244687 0.00262201
0.02475 0.002208
0.0246373 0.00198539
0.024485 0.00155699
0.0244431 0.00179982
0.0244531 0.00132882
0.0243577 0.000772796
0.0242169 0.000957907
0.0242982 0.00116347
0.0241875 0
0.0241875 0.000551999
0.0240468 0.000138216
0.0239051 0.000136564
0.0241875 0.000276001
0.0244688 0.00276
0.0244687 0.002484
0.0243281 0.00262196
0.0241875 0.00262222
0.0243824 0.00203127
0.0244687 0.002208
0.0242707 0.00160522
0.0242232 0.00189197
0.0241844 0.0013722
0.0240686 0.000752725
0.0239452 0.000957926
0.0240467 0.00117095
0.0239063 0
0.0239062 0.000552019
0.0237629 0.000141344
0.0239062 0.00027598
0.0241875 0.00276
0.0241875 0.002484
0.0240468 0.00262163
0.0239055 0.00262288
0.0240433 0.00155284
0.0241875 0.002208
0.0240373 0.00176926
0.0240409 0.00202518
0.0239026 0.00138216
0.0237772 0.000754247
0.023687 0.000961997
0.023784 0.00118313
0.0236037 0.000119536
0.023625 0
0.023625 0.000552
0.0234645 0.000181011
0.023625 0.000276
0.0239063 0.00276
0.0239062 0.00248402
0.0237633 0.00261984
0.0236053 0.00263948
0.0238151 0.00162782
0.0239062 0.00220798
0.0238366 0.00190868
0.0236375 0.00141564
0.0234775 0.00081277
0.0235212 0.00113406
0.0233047 0.000130653
0.0233486 0
0.0232964 0.000527916
0.023142 0.000173068
0.0232964 0.000300084
0.023625 0.00276
0.0233122 0.00262744
0.023625 0.002484
0.0234656 0.00258031
0.0236189 0.00173107
0.023625 0.002208
0.0236368 0.00199099
0.0233623 0.00134721
0.0234455 0.00157745
0.0231215 0.0012842
0.0232215 0.00082065
0.0232708 0.00106098
0.0230721 0
0.0229687 0.000183691
0.02304 0.000699125
0.0229415 0.000468765
0.0229415 0.000359235
0.0233493 0.00276
0.0231571 0.0025964
0.0232964 0.00245992
0.0232964 0.00223208
0.0233696 0.00183158
0.0233908 0.002049
0.0232065 0.00162204
0.0230257 0.00255572
0.0228697 0.00131529
0.0230016 0.00151018
0.0227416 0.00114592
0.0229591 0.000991682
0.0227957 0
0.0227435 0.000183442
0.0227796 0.000702929
0.022797 0.000414
0.0230737 0.00276
0.0229415 0.00240077
0.0229415 0.00229123
0.0230978 0.00198194
0.0229907 0.00175941
0.0228526 0.0025977
0.0225123 0.00119222
0.0226098 0.00142362
0.0227619 0.0016036
0.0226117 0.000934037
0.0225374 0.000723016
0.0225624 0.000266743
0.0225193 0
0.0225026 0.000505433
0.022798 0.00276
0.022797 0.002346
0.022815 0.00208937
0.0227656 0.00185771
0.0226522 0.00253987
0.0223359 0.00103732
0.0223442 0.00138365
0.0224771 0.00170686
0.0223043 0.000757095
0.0223322 0.000245009
0.0222428 0
0.0222096 0.000475758
0.0225224 0.00276
0.0225696 0.00228032
0.0225505 0.00202451
0.0222224 0.00182962
0.0223418 0.0020027
0.0224085 0.00251741
0.0220529 0.000932053
0.0221451 0.00117204
0.0220689 0.00138046
0.022179 0.00159445
0.0219861 0.00177565
0.0220209 0.000649263
0.0218293 0.000759378
0.022054 0.00022553
0.0219664 0
0.0219195 0.000420011
0.0222467 0.00276
0.0222968 0.00226193
0.0220788 0.00207399
0.021857 0.00197123
0.0221437 0.00252321
0.0217779 0.000991672
0.0218712 0.00120102
0.0218664 0.00151615
0.0217277 0.00175219
0.0216676 0.00133938
0.0216948 0.000533955
0.0215898 0.000819542
0.02169 0
0.0217262 0.000220259
0.021971 0.00276
0.0219916 0.00232432
0.0216063 0.00199964
0.021784 0.00218595
0.0218622 0.00254502
0.0215492 0.0011141
0.0215684 0.00155659
0.0214669 0.00177207
0.0214044 0.00135496
0.0214744 0.000331512
0.0214292 0.000628471
0.0213549 0.000911054
0.0214135 0
0.0216954 0.00276
0.021362 0.00198327
0.0216704 0.00238382
0.0214766 0.0022409
0.0215866 0.00257443
0.021262 0.00115527
0.0212803 0.00158048
0.0212061 0.00177816
0.0211383 0.0013997
0.0212397 0.000223054
0.0212314 0.000489395
0.0211609 0.000729681
0.0210888 0.00095803
0.0211371 0
0.0214197 0.00276
0.0212347 0.00214431
0.0210844 0.00194629
0.0212166 0.00235408
0.0213573 0.00251749
0.0209941 0.00118587
0.0209093 0.0014167
0.0209773 0.0016548
0.0210315 0.000382953
0.0209577 0.000193897
0.020946 0.00057834
0.0208799 0.000779047
0.0208316 0.000995573
0.0208606 0
0.0211441 0.00276
0.0210028 0.00219867
0.0208746 0.00192379
0.0210473 0.00252399
0.0208678 0.00237002
0.0206026 0.00105311
0.0207343 0.00123348
0.0206988 0.0014746
0.0207116 0.00171559
0.0206893 0.000209501
0.0207645 0.000400515
0.020657 0.000602486
0.0206145 0.000818549
0.0204031 0.000982644
0.0205842 0
0.0204579 0.000196107
0.0208684 0.00276
0.0206362 0.00195521
0.0207468 0.00215105
0.0207582 0.00256465
0.0206182 0.0023467
0.0204702 0.00127337
0.0204796 0.00155965
0.0204605 0.00182313
0.0204678 0.000422121
0.0203753 0.000683967
0.0202135 0.000881731
0.0202043 0.00115351
0.0202378 0.000226499
0.0203078 0
0.0205927 0.00276
0.0204572 0.00212151
0.0204878 0.00256435
0.0203853 0.00235263
0.0202629 0.00142954
0.0202578 0.00196358
0.0202478 0.00169023
0.0200521 0.00204084
0.0201942 0.000476806
0.0200318 0.00027107
0.0200754 0.000690506
0.0200417 0.00135527
0.0199943 0.000950288
0.0199249 0.00117646
0.0200313 0
0.0203171 0.00276
0.0201845 0.00225299
0.0202209 0.00253486
0.0199271 0.00224619
0.020006 0.00157735
0.0200172 0.00180569
0.0198205 0.00198102
0.0199047 0.000492051
0.019838 0.000209241
0.019692 0.00038884
0.0198186 0.00074593
0.0197825 0.00143323
0.0197018 0.00119637
0.0197396 0.000972522
0.0197549 0
0.0200414 0.00276
0.0199922 0.00250729
0.019779 0.00246864
0.0196828 0.00221666
0.0197474 0.00171858
0.0195818 0.00196606
0.0195451 0.00154656
0.0196312 0.000596554
0.0195822 0.000188991
0.019452 0.000407763
0.019542 0.000815601
0.019522 0.00129695
0.0194855 0.00104705
0.0194785 0
0.0197658 0.00276
0.019558 0.00248204
0.0194391 0.00220872
0.0194517 0.00176826
0.01931 0.00198756
0.0193383 0.00137506
0.0192713 0.001591
0.0193663 0.000633539
0.0192094 0.000423134
0.0193263 0.000199788
0.0192782 0.000872972
0.0192623 0.00112956
0.019202 0
0.0194901 0.00276
0.0193472 0.00257783
0.0192673 0.00238069
0.0191492 0.00217987
0.0191602 0.0017929
0.0190173 0.00198695
0.0191131 0.00137239
0.0190432 0.00115531
0.0189999 0.00157982
0.0191165 0.000659729
0.0189682 0.000428211
0.0190707 0.000204418
0.019026 0.000905604
0.0188428 0.00109251
0.0189256 0
0.0192144 0.00276
0.0190821 0.00256182
0.0189764 0.0023631
0.0188551 0.00216954
0.0188763 0.00178582
0.0187259 0.00197467
0.018845 0.00134294
0.0187321 0.00157256
0.0188726 0.000658867
0.0187238 0.000420993
0.0188123 0.000204942
0.0187472 0.000870161
0.0186355 0.00111913
0.0186492 0
0.0189388 0.00276
0.0188097 0.00255887
0.0186918 0.00235943
0.0185683 0.00216049
0.0185921 0.00177643
0.0184369 0.00196382
0.0185757 0.00136866
0.0184466 0.00158327
0.0186149 0.000641857
0.0184735 0.000408215
0.0185495 0.000200892
0.0184865 0.000873816
0.0182817 0.00098605
0.0184127 0.00116249
0.0183727 0
0.0186631 0.00276
0.0185355 0.00255822
0.0184139 0.00235483
0.0182855 0.00215463
0.0182974 0.00177322
0.0181475 0.0019618
0.0182976 0.00138766
0.0181535 0.00157748
0.0183627 0.000620555
0.0182262 0.0004065
0.0182809 0.000199027
0.018209 0.000772417
0.0180497 0.000984576
0.0181486 0.00119901
0.0180963 0
0.0183875 0.00276
0.0182635 0.00255818
0.0181398 0.0023567
0.0180054 0.00216299
0.0180075 0.00176285
0.0178697 0.00196633
0.0180041 0.00138289
0.017861 0.00155606
0.0180709 0.000546173
0.0180147 0.00023355
0.0178769 0.000393431
0.0179561 0.000768374
0.0178113 0.000972667
0.0178761 0.00117549
0.0178199 0
0.0181118 0.00276
0.0179923 0.00256025
0.0178634 0.00236606
0.0177291 0.00217631
0.0177333 0.00175996
0.0176037 0.00197735
0.0177164 0.0013257
0.017598 0.00153411
0.0178008 0.000597138
0.0177289 0.000187091
0.0176373 0.000385203
0.017682 0.000809895
0.0175849 0.00107431
0.0175434 0
0.0178362 0.00276
0.0177159 0.00256528
0.0175838 0.00237928
0.0174555 0.00219134
0.0174778 0.00176043
0.0173509 0.00197758
0.017456 0.00130057
0.0173471 0.00154908
0.0175533 0.000608285
0.0174418 0.000194813
0.0174121 0.00041123
0.0174367 0.000850736
0.0172921 0.00109785
0.017267 0
0.0175605 0.00276
0.0174317 0.00257157
0.0173008 0.00239173
0.0171926 0.00217845
0.0172143 0.00176875
0.0170962 0.00197426
0.0170616 0.00121421
0.017202 0.00137319
0.0170672 0.00159612
0.0173044 0.000608088
0.0172061 0.000336491
0.0171934 0.00082946
0.01707 0.000185314
0.0170375 0.00100156
0.0169906 0
0.0172848 0.00276
0.0170352 0.00233832
0.0171306 0.00256211
0.0169049 0.00213236
0.0169191 0.00182576
0.016835 0.00119273
0.0169179 0.00140619
0.0167924 0.00158804
0.0170692 0.000589995
0.0169391 0.000396119
0.0169266 0.000791565
0.0168124 0.00019694
0.0167751 0.000972275
0.0167141 0
0.0170092 0.00276
0.016854 0.00247016
0.0166829 0.00220779
0.0166544 0.00175188
0.0166796 0.00195866
0.0164568 0.00205339
0.0166195 0.00116178
0.0166303 0.00138308
0.0164971 0.00157478
0.0167973 0.000593511
0.0166685 0.000393861
0.0166514 0.000782678
0.0165453 0.00019549
0.0165052 0.000971491
0.0164377 0
0.0167335 0.00276
0.0166027 0.00239631
0.0166328 0.00259102
0.0164121 0.00228929
0.016403 0.0017994
0.0162299 0.00195339
0.0162093 0.00217492
0.0164024 0.00119972
0.0163307 0.00139704
0.016218 0.00159567
0.016526 0.000586427
0.0163962 0.000393204
0.0163825 0.000777327
0.0162736 0.000197394
0.0162532 0.000987349
0.0161613 0
0.0164579 0.00276
0.0163839 0.002553
0.0162023 0.00244695
0.0160113 0.00227531
0.0160917 0.00177883
0.0159805 0.00201087
0.0161441 0.00119322
0.0160517 0.0013878
0.0159335 0.00157364
0.0162491 0.000587136
0.0161212 0.000397598
0.0161157 0.000785464
0.0159995 0.000201331
0.015983 0.000996319
0.0158848 0
0.0161822 0.00276
0.0160101 0.0025522
0.0158246 0.0023795
0.015766 0.00215574
0.0158257 0.00176852
0.0157203 0.00195109
0.0158609 0.00119643
0.015774 0.00137592
0.0156546 0.00155261
0.0159656 0.000594225
0.0158452 0.000405501
0.015846 0.000801355
0.0157223 0.000200071
0.0156124 0.000845366
0.0156939 0.00104088
0.0156084 0
0.0159065 0.00276
0.0157368 0.00256165
0.0155852 0.00231188
0.0154908 0.00204339
0.0155398 0.0017831
0.0155343 0.00126821
0.0154126 0.00156126
0.0155853 0.000403766
0.0156659 0.000607149
0.0154346 0.000239297
0.0154303 0.000741243
0.0153971 0.00100507
0.0153319 0
0.0156309 0.00276
0.0154815 0.00253278
0.0153433 0.00228105
0.0152457 0.00205692
0.0152674 0.00181256
0.0152919 0.00137934
0.0152204 0.00118459
0.0151381 0.00159297
0.0153581 0.00052367
0.0152021 0.00017809
0.0151597 0.000375386
0.0152067 0.000776042
0.015092 0.00098724
0.0150555 0
0.0153552 0.00276
0.0152276 0.0025159
0.015073 0.00227571
0.015024 0.00199609
0.0149622 0.00178194
0.0150211 0.00138238
0.0149229 0.0011868
0.0148501 0.00157711
0.0150581 0.00057734
0.0149477 0.000196545
0.0148723 0.000392686
0.0149298 0.000781866
0.014813 0.000986028
0.0147791 0
0.0150796 0.00276
0.0149871 0.00253902
0.0148063 0.00241793
0.0148447 0.00217979
0.0147453 0.00197458
0.0146764 0.00176908
0.0147311 0.00137982
0.0146395 0.00118883
0.0145624 0.0015562
0.0147678 0.000585094
0.0146788 0.000199068
0.0145883 0.000398331
0.0146505 0.00077481
0.014569 0.000964407
0.0144001 0.0010942
0.0145026 0
0.0148039 0.00276
0.0146108 0.00251953
0.0145903 0.00221048
0.0144281 0.00233678
0.0144695 0.00197743
0.014425 0.00176093
0.0144236 0.00135855
0.0142224 0.00121776
0.0142859 0.00158214
0.014479 0.000601837
0.0144038 0.000197381
0.0143129 0.000394792
0.0143591 0.000823252
0.0141634 0.000992721
0.0142262 0
0.0145282 0.00276
0.014359 0.00257001
0.014217 0.00237738
0.0142724 0.00212853
0.0141932 0.00185212
0.0141159 0.00140288
0.0139824 0.00119528
0.0140345 0.00161449
0.0142128 0.000601951
0.014121 0.000197109
0.014041 0.000397207
0.0140711 0.000789873
0.0138977 0.000981313
0.0139498 0
0.0142526 0.00276
0.0140303 0.0022933
0.0140856 0.00256063
0.0140152 0.00203983
0.0139155 0.00181805
0.0138271 0.0022332
0.0137921 0.00161671
0.0137354 0.00119524
0.0138179 0.00140182
0.0139289 0.000600362
0.0138293 0.00020449
0.0137768 0.000406733
0.0137762 0.000783512
0.013629 0.00100789
0.0136733 0
0.0139769 0.00276
0.0138536 0.00251483
0.0137505 0.00198682
0.0136286 0.00178382
0.0136135 0.0021868
0.0136466 0.00243672
0.0135626 0.00153831
0.0135022 0.00128905
0.0136338 0.000564087
0.013531 0.000279688
0.0135036 0.000773529
0.0133905 0.000988359
0.0132838 0.00116632
0.0133969 0
0.0132775 0.000184992
0.0137013 0.00276
0.0133837 0.0017788
0.0134804 0.00199687
0.013407 0.00226274
0.0134636 0.00252486
0.013321 0.0015497
0.0132058 0.00137
0.013241 0.000382241
0.0133726 0.000541961
0.0132254 0.000738418
0.0131271 0.000942662
0.0130413 0.00116578
0.0131205 0
0.0130197 0.000229294
0.0134256 0.00276
0.0131512 0.00178893
0.0132422 0.00204429
0.0132525 0.0025641
0.0131896 0.00234348
0.0130474 0.00158887
0.0129396 0.00138862
0.0130374 0.000512324
0.0129379 0.000722849
0.0128794 0.00095
0.0128044 0.00118083
0.012844 0
0.0128169 0.000307521
0.0125676 0
0.0131499 0.00276
0.0129965 0.00197946
0.0128775 0.00181193
0.0130252 0.00218227
0.0130078 0.00254484
0.0128822 0.00233884
0.012781 0.00160935
0.0126833 0.00139803
0.0127185 0.000512733
0.0126784 0.000761462
0.012646 0.000985611
0.0125568 0.00118345
0.0125776 0.000202226
0.0124729 0.000388934
0.0122912 0
0.0128743 0.00276
0.01264 0.00185406
0.0127612 0.00208572
0.0127404 0.00254591
0.012623 0.00230876
0.0125207 0.00161364
0.0124046 0.0018054
0.0124337 0.00141028
0.0124659 0.000639255
0.0123385 0.00116172
0.012436 0.000908304
0.0122594 0.000477676
0.0122526 0.00020751
0.0120711 0.000336454
0.0120147 0
0.0125986 0.00276
0.0124719 0.00207248
0.0124794 0.00254264
0.0123681 0.00232403
0.012231 0.00191633
0.0122197 0.00138788
0.0120534 0.00176639
0.0122126 0.0016133
0.0120923 0.00120274
0.0120045 0.00101781
0.0122305 0.000726891
0.0122047 0.000958187
0.0120283 0.000564809
0.0119197 0.00017456
0.0118364 0.000377971
0.0117383 0
0.012323 0.00276
0.0121921 0.00214815
0.0122098 0.00255288
0.0121034 0.0023577
0.0119862 0.00201357
0.0118327 0.00182896
0.0119814 0.00141696
0.0118726 0.00160813
0.0118208 0.00119165
0.0118127 0.000951857
0.0119737 0.000785026
0.0116316 0.000427396
0.0117886 0.000607826
0.0116238 0.000201159
0.0114619 0
0.0120473 0.00276
0.0118925 0.00223152
0.0119162 0.00252748
0.011717 0.00236472
0.0117166 0.00202785
0.0116204 0.00179576
0.0117102 0.00139282
0.0116133 0.00157414
0.0115466 0.00122837
0.0116084 0.00100114
0.0116686 0.000779634
0.0114201 0.000389153
0.0115051 0.000613173
0.0113395 0.000176494
0.0111854 0
0.0117716 0.00276
0.0115747 0.00217371
0.0116269 0.00256384
0.0114543 0.00236581
0.0114031 0.00102418
0.0114247 0.00195954
0.0114017 0.00168769
0.011405 0.00143495
0.0112858 0.00121841
0.0113849 0.000801848
0.0111924 0.000352695
0.0112392 0.000577494
0.0110421 0.000195887
0.010909 0
0.011496 0.00276
0.0112933 0.00215825
0.0112005 0.00236426
0.0113434 0.00256638
0.0111831 0.000982246
0.0112198 0.00181943
0.0111144 0.00199117
0.0111645 0.00159078
0.0111308 0.00139845
0.0110325 0.00120667
0.011094 0.000745444
0.0107829 0.00024997
0.0109705 0.000468431
0.0106325 0
0.0112203 0.00276
0.0110128 0.00221038
0.0110603 0.00253107
0.0108729 0.00236624
0.010944 0.000966063
0.0109757 0.00174182
0.0108612 0.00196946
0.0108227 0.00121218
0.0108795 0.00148366
0.010519 0.000269175
0.0108372 0.000720655
0.01069 0.000511982
0.0103561 0
0.0109447 0.00276
0.0107326 0.00216009
0.0107933 0.00256938
0.0106304 0.00236577
0.0107059 0.000955206
0.0106096 0.00114888
0.0107322 0.00174146
0.0105854 0.00196221
0.010628 0.00137287
0.0105835 0.00157239
0.01027 0.000323344
0.0104245 0.000556725
0.0105508 0.000764483
0.0100797 0
0.010045 0.000193804
0.010669 0.00276
0.0104604 0.00216508
0.0103983 0.00238698
0.0105252 0.00257729
0.010425 0.000992428
0.0104098 0.00121444
0.0104457 0.00179324
0.0102792 0.0020066
0.0103252 0.00160198
0.0103495 0.00140677
0.0100464 0.000486711
0.0102088 0.000619762
0.0102611 0.000854985
0.00986367 0.000353372
0.00980324 0
0.00972578 0.000178532
0.0103933 0.00276
0.0102043 0.00227927
0.010241 0.00255
0.0101902 0.00118622
0.0100194 0.00217268
0.010167 0.00175668
0.0100319 0.00194707
0.0100824 0.00149482
0.0098134 0.00058488
0.00999135 0.000787097
0.010044 0.00102126
0.00974498 0.000804219
0.00961994 0.000382159
0.00952681 0
0.00944448 0.000188764
0.0101177 0.00276
0.00998681 0.00248756
0.00982429 0.00228496
0.0099408 0.00129011
0.00978408 0.00200501
0.00989435 0.00174725
0.00980434 0.00154556
0.00956287 0.000591161
0.00961242 0.000979628
0.00981136 0.0010706
0.0094743 0.000782796
0.00936802 0.000392937
0.00925037 0
0.00917522 0.000199759
0.00984203 0.00276
0.00969147 0.00250353
0.0095335 0.00199754
0.00960165 0.00222544
0.00968409 0.00133987
0.00954331 0.00156309
0.00959429 0.00177368
0.00928876 0.00059509
0.00937827 0.00100117
0.0095303 0.00119392
0.00922019 0.000798733
0.00910261 0.000411598
0.00897394 0
0.00891497 0.000207864
0.00956637 0.00276
0.00944917 0.00257879
0.0094133 0.00237582
0.0093142 0.00190853
0.00932523 0.00215265
0.0093876 0.00141143
0.00928107 0.00165467
0.00909229 0.00184571
0.00900471 0.000628632
0.00915235 0.00104047
0.00925136 0.001229
0.00900187 0.000895872
0.00883761 0.000430014
0.0086975 0
0.00866769 0.000210257
0.00929071 0.00276
0.00919463 0.00255475
0.00913943 0.00233609
0.00905585 0.00209499
0.00910194 0.00142784
0.00885862 0.0018824
0.00896245 0.00163629
0.00881406 0.000770214
0.00867937 0.000626717
0.00895241 0.00118876
0.0087913 0.00100574
0.00857543 0.000438582
0.00845278 0.000217035
0.00842107 0
0.00901505 0.00276
0.00888635 0.0023281
0.00893508 0.00254989
0.00877031 0.00211507
0.00863436 0.00230277
0.00880789 0.00140449
0.00861954 0.00191432
0.00867107 0.00165939
0.00856807 0.000871781
0.00838642 0.000669381
0.00862324 0.00115252
0.00834753 0.000434249
0.00822713 0.000220364
0.00814463 0
0.00812322 0.000484327
0.00873939 0.00276
0.00866883 0.00254083
0.00843376 0.00241656
0.00847275 0.00210228
0.00827801 0.00218175
0.00854252 0.0014061
0.00839678 0.00159709
0.00840119 0.00181702
0.00837071 0.00120698
0.0081174 0.000745255
0.0083217 0.000964472
0.00799824 0.00021206
0.00788718 0.000393024
0.0078682 0
0.00786166 0.000607838
0.00846373 0.00276
0.00829103 0.00257454
0.008162 0.00236361
0.00820231 0.00193601
0.0080318 0.0021244
0.00823188 0.00141589
0.00811945 0.00166326
0.00809685 0.00118442
0.00783494 0.000832341
0.00802816 0.00097679
0.00772655 0.00019817
0.0076444 0.00041925
0.00759176 0
0.00762947 0.000877597
0.00756697 0.000640765
0.00818807 0.00276
0.00803097 0.0025611
0.00790782 0.00234139
0.00793163 0.00187499
0.00778413 0.00210522
0.00794575 0.001398
0.00782556 0.00163326
0.00777645 0.00112923
0.00745669 0.000204821
0.00739891 0.000416486
0.00731533 0
0.00749117 0.00102381
0.00736638 0.000797621
0.00724661 0.000551057
0.00791242 0.00276
0.00777299 0.00256175
0.00766112 0.00235037
0.00754385 0.00214323
0.0074386 0.0019601
0.00765026 0.00186398
0.00766881 0.00138561
0.00757295 0.00162085
0.0074615 0.00122798
0.00702563 0.000387808
0.00717803 0.000237757
0.00703889 0
0.00723182 0.00104415
0.00712087 0.000784932
0.0069873 0.00061706
0.00763676 0.00276
0.00750884 0.00256111
0.00740368 0.00235395
0.00726136 0.00215172
0.0072173 0.0019167
0.00735104 0.00172446
0.00738148 0.00145974
0.00718389 0.00130331
0.00699734 0.000939881
0.00679664 0.0004672
0.00686017 0.000213363
0.00676246 0
0.00698092 0.00117481
0.00679209 0.00076865
0.0073611 0.00276
0.00716298 0.00238219
0.00724323 0.00257177
0.00701117 0.00225202
0.00701766 0.00201786
0.00704589 0.00175902
0.00711988 0.00155231
0.00691133 0.00140546
0.00679572 0.0010074
0.00662617 0.000581406
0.00658067 0.000289278
0.00648602 0
0.00672111 0.00121897
0.00658603 0.000980377
0.00648241 0.000788508
0.00708544 0.00276
0.00679804 0.00213647
0.00696332 0.00254524
0.00682087 0.00238024
0.00663239 0.00142524
0.00659942 0.00203607
0.00681228 0.00187799
0.00680094 0.00162742
0.00641425 0.000572525
0.00634806 0.000377722
0.00629593 0.000191678
0.00620959 0
0.00646943 0.00119556
0.00632171 0.000974806
0.00618306 0.000775386
0.00680978 0.00276
0.00660047 0.0023119
0.006659 0.00255432
0.00641746 0.00221215
0.00635953 0.00139745
0.00647957 0.00160158
0.00636445 0.00196971
0.00657128 0.00179479
0.00619277 0.000569947
0.00608959 0.000386225
0.00602738 0.000194533
0.00593315 0
0.00611523 0.00136152
0.00620658 0.00117023
0.00604069 0.000976185
0.00595858 0.000615004
0.00586745 0.000807915
0.00653412 0.00276
0.00637567 0.00247753
0.00620943 0.00219267
0.00610399 0.00194492
0.00617689 0.00157433
0.00627618 0.00176108
0.00584244 0.000415711
0.00577897 0.000208216
0.00565672 0
0.0059157 0.00144458
0.00592851 0.00119365
0.0057518 0.00102232
0.00567644 0.000618378
0.00558092 0.000814057
0.00625846 0.00276
0.00614685 0.00257236
0.00607751 0.00237418
0.00594674 0.00214994
0.00585038 0.00192744
0.00596407 0.00171318
0.0055863 0.000419006
0.00554462 0.000179073
0.00574155 0.00156015
0.00538028 0
0.00567212 0.00128675
0.00549291 0.0010627
0.00534582 0.000852738
0.00536201 0.000599651
0.0059828 0.00276
0.00587749 0.0025582
0.00580342 0.00234353
0.0056732 0.00209784
0.00565852 0.00178726
0.00547756 0.0019695
0.00538407 0.000314404
0.00521736 0.000175973
0.00517987 0.000412548
0.0055175 0.00152503
0.00510385 0
0.00538928 0.00128901
0.00520389 0.00106874
0.00511988 0.000792443
0.00503439 0.00055346
0.00570714 0.00276
0.00560279 0.00255337
0.00556304 0.00233726
0.00539318 0.00220985
0.00538373 0.00175782
0.00522891 0.00201321
0.00497807 0.000238255
0.00526344 0.0015314
0.00482741 0
0.0051253 0.00133677
0.00496924 0.00119021
0.00492235 0.000981339
0.004852 0.000764159
0.00482561 0.000387332
0.00477022 0.000578456
0.00543148 0.00276
0.00532658 0.00251153
0.00516168 0.0023104
0.00512963 0.00174879
0.00499992 0.00192454
0.00499417 0.00214504
0.00469146 0.000201997
0.00497861 0.00154976
0.00455098 0
0.0048171 0.00137355
0.0047081 0.00115112
0.00464486 0.000902455
0.00456115 0.000665125
0.00455962 0.000424973
0.00515582 0.00276
0.00503386 0.00254533
0.00475353 0.00218987
0.00487588 0.00236527
0.00483053 0.00174284
0.00476945 0.0019643
0.00442145 0.000229425
0.00466875 0.00157091
0.00427454 0
0.0045236 0.00134018
0.00446487 0.00105929
0.00437543 0.000782266
0.0043054 0.000503441
0.00488016 0.00276
0.00473067 0.00254072
0.00455059 0.00206165
0.00455752 0.00231138
0.00453697 0.00182205
0.00417946 0.000240793
0.00440533 0.00160457
0.00399811 0
0.00427767 0.00142376
0.00427376 0.00118231
0.00422508 0.000944099
0.00403031 0.000456182
0.00409906 0.000713227
0.0046045 0.00276
0.00445958 0.00253443
0.00428704 0.00230773
0.00433621 0.00207266
0.0041298 0.00197987
0.00425142 0.00180804
0.00394225 0.000197714
0.00410283 0.00160872
0.00378465 0.000312773
0.00372167 0
0.00407526 0.0012959
0.00401782 0.00102356
0.0038815 0.000816703
0.00380189 0.000593104
0.00432884 0.00276
0.00420227 0.00255402
0.00405542 0.00236999
0.00402073 0.00215305
0.00393413 0.00187539
0.00391925 0.0014221
0.00385072 0.00161566
0.00371234 0.00175792
0.0035998 0.000427935
0.00354301 0.000204881
0.00344524 0
0.00383508 0.00119224
0.00372659 0.000993455
0.00361459 0.000787168
0.00349147 0.000604085
0.00405318 0.00276
0.00392444 0.00256524
0.00380936 0.00234726
0.00365994 0.00195333
0.00374345 0.00212704
0.00368773 0.00138605
0.00357535 0.00157512
0.00346972 0.00180001
0.00334129 0.000398134
0.00327018 0.000201288
0.0031688 0
0.00356565 0.00117537
0.00344743 0.000975708
0.00332681 0.000781979
0.0032089 0.000584233
0.00377752 0.00276
0.00365143 0.00254702
0.00354262 0.00231154
0.00343461 0.00206033
0.0034303 0.001369
0.00332884 0.00158322
0.00325008 0.00181925
0.00301511 0.000181292
0.00304423 0.000383537
0.00289237 0
0.00329359 0.0011657
0.00316876 0.000969244
0.00304299 0.00078363
0.002954 0.000600041
0.00350187 0.00276
0.0033814 0.00253198
0.00328484 0.00228584
0.00317039 0.0020346
0.00317953 0.0013692
0.00309306 0.00158702
0.00301044 0.0018008
0.00276625 0.000231394
0.00277284 0.00048144
0.00261593 0
0.00302551 0.00115945
0.00288513 0.000955142
0.00274043 0.000744472
0.00322621 0.00276
0.00311332 0.00250729
0.00303717 0.00223708
0.0029109 0.00200249
0.00293591 0.00136824
0.00285425 0.00158409
0.00275648 0.00179694
0.00255354 0.000379097
0.00246838 0.000199213
0.00252413 0.000586577
0.00233949 0
0.00275827 0.00116071
0.00261808 0.000966457
0.00244997 0.000797748
0.00285613 0.00238329
0.00295055 0.00276
0.00287134 0.00258162
0.00276696 0.00217007
0.0026307 0.00197677
0.00260491 0.00235136
0.0026999 0.00136733
0.00261993 0.00159973
0.00248578 0.00179538
0.00227465 0.00064517
0.00220105 0.000208358
0.0022816 0.00042202
0.00206306 0
0.00247344 0.00117375
0.00234308 0.000990077
0.00214239 0.000844714
0.00263633 0.00256531
0.00267489 0.00276
0.00249298 0.00215624
0.00234796 0.00198242
0.00242901 0.00254483
0.00234855 0.00234543
0.00249357 0.00139316
0.0023774 0.00158749
0.00227269 0.00133886
0.00222356 0.00179194
0.00203838 0.000602742
0.00194711 0.000180005
0.00198841 0.000383031
0.00178662 0
0.00214851 0.00112661
0.0018523 0.000774437
0.00194415 0.000993026
0.00239923 0.00276
0.00206597 0.00199228
0.00221315 0.00216517
0.00220567 0.00256287
0.00209113 0.00236086
0.00216079 0.00156505
0.00202336 0.00133884
0.00197787 0.00179004
0.00176551 0.000530545
0.00171291 0.000235657
0.00151019 0
0.00182033 0.00119504
0.0015822 0.00075894
0.00167972 0.000984939
0.00212357 0.00276
0.00177936 0.00196871
0.00192486 0.00217725
0.00183103 0.0023769
0.00194602 0.00256451
0.00195268 0.00157253
0.00177974 0.00145246
0.00173922 0.00170991
0.00149564 0.000572971
0.0015611 0.000378721
0.00141001 0.000198847
0.00123375 0
0.00128249 0.000668415
0.00159754 0.00133957
0.00149462 0.00116209
0.00140734 0.000938913
0.00184791 0.00276
0.00150975 0.00179683
0.00155318 0.00201033
0.00164092 0.0022357
0.00165379 0.00252285
0.00151691 0.0015652
0.00129227 0.000414201
0.0011958 0.000902986
0.00112548 0.000215127
0.000957319 0
0.00103375 0.000451241
0.00103793 0.000721141
0.00132902 0.00138818
0.00119586 0.00116146
0.00123836 0.00165229
0.00157225 0.00276
0.00137622 0.00214665
0.00128117 0.0019245
0.00138532 0.00235685
0.00140219 0.00257004
0.000850693 0.000583173
0.000982242 0.00098767
0.00084504 0.000228164
0.000680884 0
0.000702564 0.000422886
0.000786534 0.000810446
0.00105354 0.00140877
0.000880656 0.00121724
0.000947607 0.00162126
0.00102739 0.00187112
0.00129659 0.00276
0.00112143 0.00217568
0.00113731 0.00248684
0.000607475 0.000649449
0.000720047 0.00101095
0.000542452 0.000242566
0.000404605 0
0.000407204 0.00052391
0.000482002 0.00085018
0.000719023 0.00143311
0.000568406 0.00116163
0.000726796 0.00176272
0.000851143 0.00205775
0.00102093 0.00276
0.000876262 0.00255409
0.000876797 0.00232363
0.000300086 0.000254489
0.000615945 0.00198806
0.000178973 0.000458083
0.000171633 0
0.000505938 0.0015912
0.000220107 0.000723721
0.000319547 0.00102336
0.000379335 0.00133222
0.000399793 0.00185135
0.000609402 0.00225184
0.000745272 0.00276
0.000603693 0.00249757
0.00012698 0.000210072
0.000400821 0.00212273
0 0.000245394
0 0.000491232
0 0
0.000275769 0.00160387
0 0.000729779
0.000140913 0.000910541
0.000167507 0.00115019
0.000156842 0.00139476
0.000197496 0.00210374
0.00016734 0.00184816
0.000293792 0.00235468
0.000469863 0.00276
0.000368239 0.00254944
0.00011555 0.00162539
0 0.00149609
0 0.00176091
0 0.00228908
0 0.00097212
0 0.00123107
0 0.00202589
0 0.00253462
0.000168714 0.00256487
0.000215329 0.00276
0 0.00276
