-1.06917e-12
-1.64313e-11
1.27281e-50
2.01677e-39
2.17169e-12
2.34893e-14
5.46654e-15
2.29502e-50
-3.45393e-11
-3.00906e-11
-1.24284e-11
-5.3711e-41
3.75228e-39
-2.46567e-13
-7.78906e-14
5.3711e-41
-7.65348e-14
-1.47234e-50
-6.08514e-15
-2.58495e-50
-2.38735e-14
-5.22005e-11
-4.00835e-11
-4.50502e-11
-2.5996e-11
-2.01677e-39
-8.3227e-11
-7.38704e-11
-2.54693e-11
-1.07422e-40
3.471e-39
1.07422e-40
3.52781e-13
3.40834e-13
5.38084e-41
-5.38084e-41
8.97703e-14
8.79806e-14
-3.5645e-11
-4.10448e-11
-2.08738e-11
-3.75228e-39
-3.4816e-10
1.12379e-10
-1.49236e-13
-1.69347e-10
-1.61133e-40
3.18973e-39
-1.56301e-12
-1.51258e-12
1.61133e-40
1.07617e-40
-1.07617e-40
-4.00899e-13
-3.8812e-13
-1.7999e-11
-3.471e-39
2.34153e-10
-1.26839e-09
-9.0497e-10
9.47652e-10
3.73166e-10
-5.76805e-10
-2.14844e-40
2.90846e-39
6.93422e-12
2.14844e-40
6.71138e-12
1.61425e-40
-1.61425e-40
1.77906e-12
1.72185e-12
-3.18973e-39
4.01919e-10
2.27706e-09
-4.50124e-09
-3.22863e-09
4.40012e-09
6.68118e-10
-2.16547e-09
-2.68555e-40
2.62718e-39
-2.97794e-11
2.68555e-40
-3.07681e-11
2.15234e-40
-2.15234e-40
-7.8939e-12
-7.64016e-12
-2.90846e-39
2.08154e-09
9.69354e-09
-1.34001e-08
-1.04231e-08
1.47085e-08
-1.88416e-10
-6.9168e-09
-3.0891e-08
-3.22266e-40
2.34591e-39
1.36523e-10
1.32135e-10
3.22266e-40
-7.08009e-29
-2.69042e-40
3.50266e-11
3.39007e-11
-2.62718e-39
7.85562e-09
3.03737e-08
-3.12549e-08
3.63408e-08
-7.94169e-09
-2.01974e-08
-6.92189e-08
-3.75977e-40
2.06466e-39
-5.86192e-10
-6.05759e-10
3.75976e-40
3.2285e-40
-3.22851e-40
-1.55419e-10
-1.50421e-10
-2.34591e-39
2.26714e-08
6.70174e-08
6.4639e-08
-6.13253e-08
5.98976e-09
-4.77453e-08
-7.59877e-08
-4.29687e-40
1.78344e-39
2.68708e-09
4.29692e-40
2.59188e-09
3.76659e-40
-3.76658e-40
6.89607e-10
6.67306e-10
-2.06466e-39
4.42469e-08
8.91595e-08
-3.15014e-08
1.97009e-09
2.30358e-08
-5.37242e-08
3.94518e-07
-4.83398e-40
1.50319e-39
-1.19508e-08
4.83376e-40
-1.1384e-08
4.30467e-40
-4.30472e-40
-3.0593e-09
-2.95041e-09
-1.78349e-39
3.2392e-08
-3.98124e-07
-6.41374e-07
2.16916e-07
6.09641e-07
3.34662e-06
1.969e-06
-5.37116e-40
1.22111e-39
5.46835e-08
5.35967e-08
5.37216e-40
4.84276e-40
-4.8425e-40
1.36116e-08
1.29582e-08
-2.76837e-07
-1.50283e-39
-2.26145e-06
-2.57198e-06
2.05725e-07
2.26268e-06
1.62059e-05
7.88888e-06
-5.90743e-40
9.58109e-40
-2.83891e-07
5.90331e-40
5.38089e-40
-5.38202e-40
-6.21105e-08
-6.24135e-08
-6.84559e-06
-1.22195e-39
-1.02382e-05
-2.18716e-06
-1.73774e-07
2.38015e-05
5.25047e-05
2.38159e-05
-3.51934e-07
-6.39773e-40
7.23063e-40
5.7112e-08
7.0068e-40
5.91819e-40
-5.91347e-40
3.03834e-07
3.81953e-07
-2.51993e-05
-9.57719e-40
-2.32852e-05
-7.99789e-06
0.000100504
6.72685e-05
-3.10878e-07
-6.8057e-40
3.85086e-40
-3.94376e-06
8.45758e-40
6.39971e-40
1.43059e-07
-7.02228e-40
-2.44267e-07
-6.31048e-05
-7.22582e-40
-5.07291e-05
1.46004e-05
-6.79467e-05
6.45994e-05
0.000194861
0.000145642
-7.32655e-40
-1.14773e-05
0.000234648
1.40856e-40
6.76231e-40
6.80103e-40
3.53614e-06
-8.45746e-40
-3.78069e-40
-0.000140369
-0.000103709
-0.000134396
1.17914e-05
5.79623e-05
-0.000102458
0.00022011
0.000280312
-7.15456e-40
1.50071e-05
0.000446476
4.31876e-40
7.33854e-40
-6.80861e-40
-1.71144e-40
-0.000235713
-0.000264784
9.2851e-06
0.000177954
-4.30223e-05
-0.000209261
0.000392728
0.000470666
0.00013628
-4.84054e-40
0.000392358
3.78109e-22
-4.38043e-40
-0.000421985
-0.000391761
-7.19358e-05
0.000266729
-2.75466e-06
-0.000291732
0.00036519
0.000115202
-3.94184e-40
0.000239622
-1.83391e-22
-0.000386569
-0.000470591
-0.00028262
-0.000381066
-0.000118867
0.000212837
0.000134291
-2.49914e-07
-0.000145564
-0.000174251
0.000213514
0.000148436
5.79048e-05
-4.18017e-40
0.000109933
-8.11972e-22
-0.00029288
-0.00024464
-0.000157337
-7.73693e-05
0.000112602
7.22176e-05
-5.5279e-05
-9.75848e-05
1.10078e-05
8.43275e-05
8.37708e-05
-4.71233e-40
2.35726e-05
-2.14715e-22
-0.00013706
-8.67951e-05
-0.00011382
-3.28637e-05
5.02805e-05
-3.65457e-05
-5.35803e-05
3.81307e-06
2.35467e-05
4.88692e-05
4.35522e-05
-5.35591e-40
1.66775e-22
-4.55057e-05
-4.9407e-05
-4.5471e-05
-1.15555e-05
2.07301e-05
-1.94655e-05
-2.65902e-05
-1.24907e-06
5.37443e-06
2.06553e-05
2.51076e-05
1.95964e-05
-6.01432e-40
-3.24489e-21
-2.72773e-05
-2.04626e-05
-1.48102e-05
-9.39262e-06
8.40415e-06
-1.19435e-06
-1.04406e-05
7.42974e-06
1.63403e-06
1.03539e-05
1.06906e-05
8.38239e-06
2.93285e-23
1.72025e-23
-1.18954e-05
-1.04825e-05
-3.20173e-06
-4.26495e-06
3.47826e-06
2.87444e-06
-1.56199e-06
-5.03827e-06
6.50527e-07
3.08756e-06
3.90515e-06
4.29364e-06
1.79068e-06
-7.26618e-40
1.8549e-07
5.95517e-24
-4.50136e-06
-5.42096e-06
-7.43031e-07
-1.79487e-06
8.5299e-07
-1.29116e-06
-2.24196e-06
9.79272e-07
1.41971e-06
7.97557e-07
5.39769e-07
4.75755e-08
-7.88367e-40
1.06466e-22
-1.80403e-06
-2.03682e-07
-5.80631e-07
-1.15928e-07
-8.86132e-07
-7.34632e-07
-2.01637e-07
2.74471e-07
-1.90738e-08
2.63588e-07
5.75243e-08
2.17496e-07
1.03334e-07
-8.49861e-40
-4.95172e-26
-2.685e-07
-3.36016e-08
3.09516e-08
-1.16294e-07
-2.09795e-07
3.87365e-08
-3.10223e-08
-3.50459e-08
-7.40352e-08
-2.12734e-08
1.8107e-08
-1.30557e-09
-1.90646e-08
-9.11314e-40
-3.24269e-25
3.05641e-08
5.63533e-08
1.00249e-07
3.64943e-08
1.06345e-07
4.52746e-08
-9.50537e-08
-2.60552e-08
-6.85676e-08
-9.06509e-08
-5.97542e-09
-5.99049e-08
-9.72821e-40
-4.39022e-23
4.77752e-08
9.5406e-08
8.69747e-08
9.50756e-08
6.45601e-09
4.91467e-08
-8.94746e-08
-5.03204e-08
-1.98167e-08
-7.91183e-08
-4.38488e-08
-1.03446e-39
1.53882e-25
1.74038e-08
5.03597e-08
6.60273e-08
6.86434e-08
6.04676e-08
2.8167e-09
-3.06782e-08
3.13384e-08
-6.47238e-08
-3.21543e-08
-1.24641e-08
-5.41762e-08
-2.7653e-08
-1.09624e-39
1.32809e-25
1.24134e-08
3.02958e-08
3.74114e-08
4.10835e-08
3.2882e-08
-2.3744e-09
1.74705e-08
-4.081e-08
-1.81305e-08
-6.92142e-09
-3.26501e-08
-1.6755e-08
-1.15819e-39
-3.40429e-27
6.67964e-09
1.57382e-08
1.91029e-08
2.1434e-08
1.60751e-08
-3.02598e-10
8.96206e-09
-2.25608e-08
-9.26178e-09
-3.4029e-09
-1.80553e-08
-9.92214e-09
-8.74461e-09
-1.22031e-39
2.2783e-26
3.23079e-09
7.5991e-09
8.90494e-09
9.80568e-09
7.04741e-09
3.80825e-12
3.64302e-09
-1.16952e-08
-4.67637e-09
-1.56783e-09
-9.02304e-09
-5.49173e-09
-4.08239e-09
-1.2826e-39
-1.04149e-26
1.43472e-09
3.30254e-09
3.67781e-09
3.95552e-09
2.82024e-09
-4.54191e-10
1.03985e-09
-4.57512e-09
-9.49466e-10
-1.58087e-09
-4.49954e-09
-2.94075e-09
-2.36183e-09
-6.85384e-27
-6.02261e-27
5.61078e-10
1.21945e-09
1.31003e-09
1.41591e-09
9.71141e-10
-8.31896e-10
1.01267e-10
-2.31459e-09
-2.44169e-10
-7.06971e-10
-2.10028e-09
-1.43756e-09
-1.4077e-39
6.4571e-27
1.73276e-10
3.45975e-10
3.46861e-10
3.76222e-10
2.23152e-10
-6.3863e-10
-1.48339e-10
-1.10705e-09
-9.66781e-11
-3.7562e-10
-1.04805e-09
-6.79766e-10
-1.4705e-39
1.43092e-39
2.79645e-11
3.81969e-11
1.48827e-11
-3.88582e-11
-5.81773e-11
-3.77189e-10
-3.70208e-10
-2.05334e-10
-5.03642e-10
-1.24009e-10
-5.12817e-10
-1.93472e-11
-3.75372e-10
3.82843e-28
-1.70929e-28
-4.76792e-11
-1.50068e-11
-9.57429e-11
-1.5107e-10
-2.49449e-10
-2.58923e-10
-1.99059e-10
-2.26026e-10
-6.75357e-11
-2.29566e-10
-8.50067e-12
-1.9697e-10
-1.59661e-39
1.38834e-26
-3.75583e-11
-8.80978e-11
-1.59683e-10
-1.32553e-10
-9.69697e-11
-1.65875e-10
-1.80105e-10
-1.47836e-10
-9.78237e-11
-2.61854e-11
-1.08273e-10
-2.75124e-12
-1.08431e-10
-1.65993e-39
1.4054e-28
-4.65831e-11
-1.32613e-11
-5.4569e-11
-1.1923e-10
-8.14758e-11
-5.46674e-11
-1.14973e-10
-1.14353e-10
-9.83011e-11
-4.36428e-11
-1.1271e-11
-5.59254e-11
-1.15386e-12
-6.63034e-11
-1.72341e-39
-7.16034e-30
-1.35034e-11
-2.05764e-11
-2.93348e-11
-7.54186e-11
-4.93722e-11
-7.1298e-11
-7.0286e-11
-5.96721e-11
-2.16356e-11
-5.6891e-12
-3.17468e-11
-6.08162e-13
-3.91011e-11
-1.78706e-39
1.67698e-28
-6.76001e-12
-1.34359e-11
-2.44857e-11
-4.61933e-11
-3.16301e-11
-4.12133e-11
-4.06007e-11
-3.37007e-11
-1.1679e-11
-3.1758e-12
-1.86276e-11
-3.02747e-13
-1.23854e-11
-2.29877e-11
1.11502e-29
1.82636e-39
-3.33115e-12
-1.00919e-11
-1.61785e-11
-2.45841e-11
-2.18755e-11
-1.91041e-11
-1.62701e-12
-6.20364e-12
-1.92117e-13
-5.65888e-12
-1.04873e-11
5.25293e-30
-5.97157e-29
-2.22052e-12
-5.91758e-12
-8.11087e-12
-1.19416e-11
-1.29846e-11
-8.65929e-12
-8.9048e-12
-1.72739e-12
1.91807e-14
-1.63343e-13
-3.16178e-12
-3.89042e-12
-1.97903e-39
-8.60224e-30
-1.17582e-12
-2.49494e-12
-4.37529e-12
-4.51658e-12
-5.56186e-12
-2.91965e-12
-2.98795e-12
-5.58468e-13
1.01112e-13
2.27794e-13
-8.06481e-13
-8.42293e-13
-2.04336e-39
-1.30384e-28
-3.59077e-13
-3.02683e-13
-1.26481e-12
-1.19523e-12
-9.45385e-13
-1.28639e-12
-1.54681e-13
-9.19444e-14
3.21224e-13
1.46339e-13
4.25848e-13
4.63069e-13
5.4461e-13
9.81324e-13
-2.10785e-39
3.52457e-31
6.00477e-14
1.58922e-14
2.98713e-13
3.34334e-13
5.33249e-13
7.56673e-13
1.29604e-12
1.04595e-12
7.24629e-13
1.51451e-13
4.63865e-13
1.01718e-12
1.27585e-12
-2.17252e-39
-1.32764e-31
1.07441e-13
3.68737e-13
6.49828e-13
1.01352e-12
1.37645e-12
1.40171e-12
1.32235e-12
8.12965e-13
1.35038e-13
4.2681e-13
1.07505e-12
1.22796e-12
-2.23735e-39
7.25527e-31
5.05061e-13
1.2794e-13
8.8457e-13
1.14804e-12
5.54189e-13
1.25933e-12
1.25548e-12
1.35501e-12
7.32138e-13
1.14483e-13
3.61826e-13
9.16572e-13
1.0319e-12
-2.30235e-39
2.30047e-39
1.6145e-13
8.69582e-13
9.99549e-13
5.23822e-13
2.16747e-13
1.08474e-12
1.03283e-12
5.19029e-13
1.42992e-13
6.8347e-13
7.61698e-13
7.27788e-13
-1.51298e-30
4.4174e-14
6.98122e-29
7.54919e-13
6.58335e-13
3.26914e-13
9.72938e-14
7.91341e-13
6.65278e-13
1.53921e-13
3.4541e-13
4.15824e-13
4.49247e-13
4.30442e-13
-2.43285e-39
3.45283e-14
-5.73118e-31
4.95542e-13
4.20337e-13
4.87032e-14
1.66596e-13
4.42457e-13
3.28497e-13
1.5311e-13
1.83733e-13
2.00718e-13
1.57176e-13
-2.49836e-39
2.13093e-14
-1.28549e-31
6.37224e-31
2.59183e-13
2.03872e-13
1.85615e-13
3.12816e-14
6.31204e-14
1.31633e-13
2.92274e-14
1.40093e-14
4.11273e-15
-1.62891e-14
-1.037e-13
-9.75444e-15
-5.45429e-14
-2.62986e-39
2.57748e-39
-1.88248e-14
5.68304e-14
4.57798e-15
-1.89189e-14
-1.35496e-13
-2.13879e-13
-2.26278e-13
-1.1289e-13
-2.99044e-13
-1.84431e-13
-1.39713e-13
-3.59626e-14
-1.09281e-13
-2.69587e-39
1.20243e-31
-1.1706e-13
-1.93413e-14
-9.2539e-14
-2.99494e-13
-4.03581e-13
-4.39384e-13
-3.88769e-13
-4.69692e-13
-4.66024e-13
-2.57374e-13
-3.52699e-13
-2.48484e-13
-4.10235e-14
-1.60012e-13
-2.76204e-39
-3.76522e-32
-2.22055e-13
-3.80322e-14
-1.38652e-13
-3.59839e-13
-4.64437e-13
-5.26111e-13
-5.24013e-13
-5.27984e-13
-4.71702e-13
-3.82866e-13
-1.93445e-13
-3.10196e-13
-6.00267e-14
-1.53316e-30
7.29596e-30
-2.51002e-13
-6.86133e-14
-1.7596e-13
-3.7153e-13
-4.0338e-13
-5.01478e-13
-4.21351e-13
-3.46209e-13
-4.01116e-13
-3.80264e-13
-1.33872e-13
-2.47882e-13
-3.83623e-14
-2.89487e-39
-4.75362e-31
-2.67853e-13
-5.70042e-14
-1.45609e-13
-1.23659e-13
-1.97196e-13
-1.09712e-13
-8.17302e-14
2.42977e-13
-1.43052e-13
-2.95825e-14
-3.89602e-15
6.3987e-15
-2.96154e-39
1.94401e-30
-6.41385e-14
-2.63986e-14
-4.41962e-14
4.67052e-13
3.03087e-13
4.46749e-13
7.02959e-13
9.46279e-13
1.46147e-12
4.7909e-13
2.0807e-13
3.29683e-13
-3.02838e-39
-1.37487e-31
3.82194e-13
8.61879e-15
3.66795e-13
1.65498e-12
1.56157e-12
1.65561e-12
3.24724e-12
2.75486e-12
6.15398e-13
1.53508e-12
1.32834e-12
-3.09537e-39
5.15029e-30
1.57257e-12
1.02598e-13
9.54369e-13
3.69065e-12
5.87586e-12
3.6851e-12
4.04295e-12
6.03033e-12
6.44771e-12
1.7923e-12
3.37564e-12
4.15837e-12
-3.16254e-39
1.11625e-12
-3.35341e-30
3.4679e-12
1.68771e-12
2.7407e-13
8.19488e-12
1.00773e-11
7.55345e-12
7.98838e-12
1.19064e-11
1.20192e-11
6.42203e-12
6.85701e-12
9.97021e-12
5.21639e-12
-3.22987e-39
1.85447e-12
7.54398e-31
4.42151e-12
8.26815e-13
1.6232e-11
9.40783e-12
1.48121e-11
1.51501e-11
2.09107e-11
1.403e-11
1.57009e-11
1.93954e-11
2.57104e-11
9.55148e-12
-3.29736e-39
3.46112e-12
-3.4732e-28
2.45598e-12
9.62539e-12
2.77001e-11
2.1947e-11
2.56803e-11
3.47291e-11
2.23354e-11
4.08488e-11
3.14616e-11
3.91774e-11
1.54041e-11
-5.49751e-31
5.98809e-12
-2.49593e-29
3.97193e-12
3.43236e-11
1.77194e-11
4.41683e-11
5.35869e-11
4.23959e-11
3.50332e-11
6.05107e-11
5.46539e-11
5.90828e-11
2.50443e-11
-3.43285e-39
9.42024e-12
3.43469e-39
3.1511e-12
1.3736e-11
5.58036e-11
3.42114e-11
7.08754e-11
7.5862e-11
8.26647e-11
5.68931e-11
8.65248e-11
8.42372e-11
9.08983e-11
3.84411e-11
-3.50084e-39
1.31824e-11
2.2285e-29
6.12732e-12
2.49869e-11
5.77471e-11
1.05514e-10
1.05627e-10
1.16925e-10
9.51286e-11
8.34048e-11
1.2231e-10
1.30474e-10
5.35015e-11
1.77545e-11
-3.56899e-39
1.29419e-29
3.64723e-11
9.32308e-12
7.86609e-11
5.3886e-11
1.49835e-10
1.3036e-10
1.58261e-10
1.41065e-10
1.18981e-10
1.70249e-10
6.45437e-11
2.23328e-11
-3.6373e-39
8.76886e-11
9.48181e-30
1.41383e-11
4.08039e-11
1.08623e-10
1.0482e-10
1.92288e-10
2.03514e-10
1.73979e-10
2.10159e-10
1.55285e-10
1.86048e-10
2.37077e-11
6.70636e-11
-3.70578e-39
1.19655e-10
1.19298e-28
1.53669e-11
6.34778e-11
1.69302e-10
1.30778e-10
2.29945e-10
2.18347e-10
2.26528e-10
1.60276e-10
2.00888e-10
2.1232e-11
6.22793e-11
-3.77443e-39
1.03777e-10
7.29e-11
6.16396e-29
2.0882e-11
7.44352e-11
1.81237e-10
1.23783e-10
2.23036e-10
1.89116e-10
1.72918e-10
1.58623e-11
2.10009e-11
-3.84324e-39
4.42941e-12
-6.37143e-11
-7.32103e-11
-2.95242e-28
2.19321e-11
6.31469e-11
6.6873e-11
-9.2414e-13
1.15176e-10
1.25934e-10
6.43056e-11
-4.75378e-11
-1.23928e-10
-9.36805e-12
-3.91221e-39
-3.47274e-10
-3.71559e-10
-4.07705e-10
8.24987e-28
1.76048e-11
2.46655e-11
-8.09971e-11
-2.55377e-10
-1.49972e-10
-1.55772e-10
-5.34862e-10
-8.13546e-10
-4.57621e-10
-7.19144e-11
1.17647e-26
-1.09871e-09
-1.15881e-09
-1.99227e-26
-4.62775e-11
2.63217e-12
-2.40018e-10
-5.06242e-10
-7.35878e-10
-6.7196e-10
-1.45729e-09
-1.66913e-09
-1.13798e-09
-3.34148e-10
-4.05064e-39
-2.40724e-09
-2.80174e-09
-2.69287e-09
2.58665e-27
-7.82848e-10
-4.20321e-11
-2.68296e-10
-3.11435e-09
-1.76332e-09
-1.33246e-09
-1.83763e-09
-1.88088e-09
-1.02164e-09
-3.14933e-10
-4.1201e-39
-4.38091e-09
-5.06407e-09
-5.02948e-09
-1.99063e-27
-7.41716e-10
-1.29758e-10
-1.7139e-09
-5.81969e-09
-4.19062e-09
-3.51958e-09
-2.8422e-09
-3.03772e-09
-1.87736e-09
-5.77684e-10
-4.18972e-39
-9.50652e-09
-7.52729e-09
-8.85099e-09
-5.45163e-09
-9.62475e-09
5.80624e-27
-5.38072e-10
-2.90601e-09
-6.31943e-09
-8.0536e-09
-5.71672e-09
-3.45318e-09
-1.05768e-09
-4.2595e-39
-1.36308e-08
-1.28087e-08
-1.53641e-08
-8.99704e-09
-1.55677e-08
-1.46105e-27
-4.07022e-10
-1.91802e-09
-5.53865e-09
-1.04138e-08
-1.09571e-08
-5.43364e-09
-1.17895e-09
-1.77244e-08
-4.32945e-39
-2.03146e-08
-2.37642e-08
-2.32218e-08
-1.38607e-08
-1.32791e-27
-8.34407e-10
-3.7544e-09
-1.02495e-08
-1.72299e-08
-1.80081e-08
-4.43958e-09
-1.91794e-09
-9.55842e-09
-2.5516e-08
-4.39955e-39
-3.0946e-08
-3.53419e-08
-2.83041e-08
-1.86205e-08
1.03052e-26
-1.46023e-09
-5.87451e-09
-1.20239e-08
-2.69735e-08
-2.40477e-08
-4.62589e-09
-3.64378e-08
8.60685e-27
-4.39943e-08
-5.0055e-08
-4.49271e-08
-3.59571e-08
-1.297e-08
-2.61005e-08
-1.13036e-26
-3.29612e-09
-1.2184e-08
-3.8356e-08
-3.7256e-08
-2.51049e-08
-4.58502e-09
-5.13274e-08
-4.54024e-39
-6.15835e-08
-6.23368e-08
-5.2051e-08
-3.72064e-08
-1.87656e-08
-2.30264e-27
-3.8984e-09
-3.01008e-08
-1.44273e-08
-5.44851e-08
-4.58574e-08
-6.98914e-09
-6.91207e-08
-4.61082e-39
-7.6504e-08
-6.73413e-08
-4.9422e-08
-2.68217e-08
2.06516e-27
-6.07302e-09
-4.86918e-08
-2.58531e-08
-6.68771e-08
-7.88992e-09
-8.15545e-08
-4.68156e-39
-8.47238e-08
-7.62752e-08
-6.09351e-08
-1.98416e-08
-4.01882e-08
4.79241e-39
-8.8225e-09
-3.35229e-08
-5.68569e-08
-7.11694e-08
-7.95095e-08
-4.5723e-09
-8.47699e-08
-5.26144e-09
-4.10129e-25
-7.51544e-08
-5.53614e-08
-2.91571e-08
-1.23853e-08
9.51461e-25
-9.7029e-09
-3.1396e-08
-5.70183e-08
-7.40839e-08
-6.52933e-08
-6.35939e-08
-4.45029e-08
7.88532e-09
2.85744e-09
-5.21665e-25
-3.86801e-08
-5.62901e-09
2.24844e-08
3.99601e-08
2.32936e-26
-1.08488e-08
-3.62964e-08
-4.40716e-08
-5.31012e-08
-1.0572e-08
1.59496e-08
3.31714e-08
3.94717e-08
1.42197e-08
-4.89466e-39
4.7718e-08
9.82434e-08
1.27719e-07
1.21567e-07
2.15898e-25
-1.36587e-08
-3.07212e-08
2.59467e-09
1.17404e-07
1.70614e-07
1.76931e-07
2.51662e-08
9.18761e-08
3.5205e-25
2.20351e-07
2.82963e-07
2.95733e-07
2.35289e-07
-1.08082e-24
-1.11525e-08
9.22486e-09
1.52585e-07
3.52099e-07
4.50712e-07
4.97442e-07
6.07651e-08
2.14989e-07
-5.03756e-39
5.12625e-07
5.57878e-07
4.68438e-07
1.73992e-24
7.02116e-09
1.38757e-07
5.04985e-07
7.42209e-07
9.54205e-07
1.13624e-06
1.54477e-07
4.81374e-08
3.2792e-07
-5.1094e-39
9.61764e-07
8.87571e-07
6.29382e-07
1.50005e-07
1.36612e-25
2.4121e-08
5.44579e-07
1.32936e-06
4.73894e-07
1.34132e-06
1.79478e-06
2.44033e-06
1.50817e-07
-2.06672e-08
1.25547e-08
-5.18165e-39
1.64699e-06
1.19208e-06
2.96048e-07
8.85544e-08
2.86728e-25
1.39185e-06
2.98935e-06
2.40304e-07
1.13343e-06
2.16808e-06
3.24277e-06
3.10243e-06
4.82413e-06
-7.87434e-07
-2.10536e-07
-6.74405e-07
-5.2544e-39
2.09529e-06
-2.20156e-06
4.23728e-07
8.56737e-25
6.31842e-06
3.11624e-06
4.2935e-07
2.30979e-06
5.22386e-06
4.69866e-06
8.82869e-06
-3.18262e-06
-1.09071e-06
-5.32812e-39
3.17728e-06
-7.75794e-06
-2.48496e-06
9.50235e-24
1.34363e-05
6.76632e-06
4.56316e-06
9.07012e-07
8.22518e-06
9.29524e-06
1.48485e-05
-9.51733e-06
-4.4464e-06
-2.55856e-06
4.08279e-23
-2.06421e-05
8.2185e-06
2.58277e-07
-1.12162e-05
-3.58997e-23
2.58719e-05
2.2494e-05
1.24317e-05
3.18802e-06
1.92783e-05
-1.24331e-05
-2.39454e-05
-6.73314e-06
-5.47568e-39
-2.86026e-05
-4.1588e-05
1.41636e-05
-6.5047e-06
3.81708e-05
-1.37512e-23
2.91312e-05
4.35878e-05
1.65126e-05
4.14263e-06
-5.82602e-05
-3.47867e-05
-1.78174e-05
-2.34682e-21
-5.61276e-05
-6.82754e-05
2.01989e-05
-1.10774e-05
5.69103e-05
7.18625e-05
5.27727e-22
4.95419e-05
1.69409e-05
-0.000104051
-6.28255e-05
-2.67044e-05
-5.17358e-39
-0.000130876
-8.39009e-05
2.82383e-05
-4.29001e-05
0.000102375
0.000101343
4.31536e-22
2.11265e-05
6.21276e-05
-6.76397e-05
0.000143945
-6.31347e-05
-4.16263e-39
7.77323e-05
-0.000157612
-5.70696e-05
-2.24536e-06
0.000130772
0.000111207
-4.21842e-22
6.83746e-05
-4.56222e-05
0.000161894
8.02397e-42
-1.60089e-42
-1.28676e-39
6.00338e-05
-4.56e-20
-8.53989e-05
-2.8983e-05
-2.10643e-05
0.000192489
0.000144603
0.00016433
-9.40908e-21
9.1399e-05
3.78142e-05
2.24011e-21
-1.10592e-20
1.80955e-40
1.05134e-41
4.05292e-21
-8.15473e-21
1.2366e-21
1.33013e-05
3.94723e-19
1.61048e-39
