2.29955e-23
-1.64993e-35
2.00144e-07
2.12738e-36
2.59199e-35
7.46003e-23
-4.24214e-35
-3.97666e-35
-1.8831e-35
-6.26671e-35
2.82598e-35
-3.84213e-35
-6.55012e-22
-5.23543e-35
-1.64048e-21
-1.38902e-36
2.46396e-21
-1.89822e-35
-3.21584e-35
-4.96293e-06
4.54915e-35
-1.03392e-06
-1.35803e-06
-1.1549e-06
8.70233e-07
3.28306e-06
1.59998e-06
-5.31634e-06
-1.21141e-05
-8.27346e-06
-1.5967e-06
-8.4381e-06
2.61747e-06
-1.13885e-05
-2.68826e-06
-5.54285e-05
-9.43903e-06
-9.52799e-35
-1.08314e-05
-7.57882e-06
-3.85794e-21
-1.64473e-21
-2.0043e-05
3.74253e-06
-8.11774e-22
1.54779e-07
-1.0489e-06
1.06118e-06
-7.29298e-07
-2.99251e-06
-2.75868e-06
-1.83864e-05
-1.74383e-06
-5.71797e-06
9.90403e-07
-2.66497e-05
-5.45641e-05
-3.17417e-05
-1.28803e-05
-1.13099e-05
-4.48906e-05
-7.10705e-35
-2.49338e-05
2.36712e-06
3.32823e-06
5.7756e-22
5.69994e-06
-1.96449e-06
1.63683e-07
7.36584e-06
1.11007e-06
-2.76847e-06
-3.32747e-06
-7.82028e-06
-2.70895e-05
-2.05983e-05
-7.95834e-07
-6.97295e-05
-5.6541e-05
-4.56114e-05
-3.64568e-05
-1.53861e-05
-5.27984e-05
-6.18476e-34
5.8078e-06
6.09508e-22
3.13308e-06
9.39271e-06
-3.34102e-06
-1.16416e-07
8.21986e-06
7.0054e-06
-5.3921e-06
-6.58199e-06
-4.57325e-05
-2.56816e-05
-1.71951e-05
-6.75806e-05
-6.13423e-05
-3.83718e-05
-1.03068e-33
-6.90908e-05
5.93645e-06
6.83519e-35
9.15926e-06
1.46183e-05
1.40765e-05
1.22328e-05
-1.09362e-05
-9.00549e-06
-4.82647e-07
1.85351e-05
7.02368e-06
-6.76912e-06
-6.29995e-06
-4.06873e-05
-6.77861e-05
-1.45531e-33
-7.69436e-05
-7.36129e-05
-4.38458e-05
2.68597e-05
9.15182e-35
1.00336e-05
2.57834e-05
3.68142e-05
3.9405e-05
-1.32434e-05
-1.61739e-05
-1.22058e-06
2.81719e-05
3.91071e-05
9.50452e-06
-1.45597e-05
-3.10712e-05
-2.52668e-33
-6.96414e-05
-3.44675e-05
-7.35284e-05
6.98013e-06
-7.75971e-08
5.15801e-35
-3.71662e-06
-3.80176e-35
5.41945e-05
9.56624e-06
4.20631e-05
-2.15165e-05
-2.77704e-06
-1.1449e-05
-2.37735e-05
5.12917e-05
3.16864e-05
7.92417e-05
8.13125e-06
-1.31242e-22
-4.64861e-05
-4.32092e-05
-6.16535e-05
1.6986e-05
9.83135e-35
7.94971e-05
4.24089e-05
4.7674e-05
6.82502e-05
-3.37948e-05
-2.43507e-05
-2.12357e-06
8.81833e-05
5.96144e-05
2.78244e-05
0.000118537
0.000112937
-7.64873e-33
-2.50524e-05
-4.5694e-05
-4.00747e-05
3.422e-05
9.90977e-35
9.17345e-05
3.42716e-05
4.20766e-05
7.40397e-05
-2.87917e-05
-2.3922e-06
3.17703e-05
0.000112384
8.96219e-05
5.78771e-05
8.67059e-05
0.000120826
0.00010525
0.000117486
2.73835e-22
-1.21316e-05
-3.38224e-05
-2.15538e-05
9.94493e-36
-3.16631e-07
6.96963e-05
1.23464e-05
4.35775e-05
3.59157e-05
-1.70563e-05
2.15137e-05
1.36616e-06
6.95394e-05
4.8318e-05
7.6736e-05
8.91107e-05
2.98638e-05
6.33599e-05
4.35291e-20
8.94693e-05
0.000102918
9.19803e-05
-1.94773e-22
-7.75793e-06
-1.76985e-05
-9.59769e-06
3.25206e-35
2.08605e-05
5.75867e-05
5.61694e-05
5.10893e-05
-5.91614e-06
1.83552e-05
3.32801e-05
7.92365e-06
6.41758e-05
4.45761e-05
5.8042e-05
2.00649e-05
1.18066e-20
5.74464e-20
8.98435e-21
6.56601e-05
5.76156e-05
9.10164e-05
9.25718e-05
3.73546e-05
2.17928e-23
-2.63359e-06
-2.66884e-06
-3.79091e-06
-3.04176e-06
-3.07359e-21
1.17857e-05
3.94217e-05
1.51275e-05
4.94625e-35
2.8294e-06
1.99205e-05
2.98481e-05
9.88919e-06
4.1954e-05
2.94535e-05
2.7097e-05
6.74806e-06
-5.35366e-22
-8.13993e-20
7.48093e-05
5.7782e-05
4.51484e-05
2.03934e-05
6.32901e-05
7.22071e-05
-1.03941e-32
-5.77502e-07
4.05242e-08
1.00524e-06
-5.52151e-07
-1.49042e-05
-1.76691e-35
4.62311e-06
1.90856e-05
1.35526e-05
2.16521e-05
8.58696e-06
1.74574e-05
1.28361e-05
3.91427e-06
-7.66548e-23
9.12035e-21
5.51901e-05
2.6055e-05
3.9317e-05
2.89866e-05
6.32274e-05
-3.34448e-08
-1.03103e-32
7.95565e-07
2.25672e-06
2.40383e-07
-1.02264e-32
2.06852e-35
3.2019e-06
5.46467e-06
1.33264e-05
1.14342e-05
7.88434e-06
6.8031e-06
3.15636e-06
-2.5532e-22
9.37954e-35
1.09281e-34
-4.11282e-21
6.49285e-21
6.99472e-35
1.42268e-34
-1.60812e-20
1.28259e-07
1.63397e-06
6.93803e-07
5.83751e-25
3.91042e-07
2.63768e-06
1.74676e-06
4.32366e-06
7.43141e-06
7.28843e-06
6.36611e-06
4.71786e-06
3.92302e-06
1.36274e-06
4.21875e-23
1.02292e-07
9.44016e-07
-1.00573e-32
3.68627e-07
1.39393e-06
1.88607e-06
2.77652e-06
8.10073e-07
3.17647e-06
4.40714e-06
2.84835e-06
1.74175e-06
2.01307e-23
3.87928e-07
7.641e-08
-4.00976e-25
3.30793e-07
7.25833e-07
1.08724e-06
1.43624e-06
1.66891e-06
3.75189e-07
1.32808e-06
2.5612e-06
9.48951e-07
1.51498e-06
2.28449e-24
1.24437e-07
1.45661e-07
3.46643e-08
2.83565e-25
3.04207e-07
5.84726e-07
7.04356e-07
8.24683e-07
8.7377e-07
1.19598e-07
6.1924e-07
3.54419e-07
6.47683e-07
2.83817e-24
5.20543e-08
-1.99838e-24
1.42376e-08
-9.79802e-33
3.20259e-07
1.09177e-07
3.42118e-07
3.88195e-07
4.08842e-07
3.49006e-08
2.1766e-07
1.69014e-07
3.46168e-09
4.35975e-08
-1.53715e-24
-2.62301e-09
-9.71002e-33
-6.28596e-09
1.55509e-07
-2.78034e-10
-1.0004e-09
4.44754e-08
9.39111e-08
1.05942e-07
1.669e-07
-2.66059e-10
4.36905e-08
-9.9475e-09
1.03621e-23
-2.2011e-08
-9.62125e-33
-1.65741e-08
5.73283e-09
-4.40422e-08
-3.94126e-08
-4.99549e-08
1.1276e-08
-2.30486e-08
-3.59843e-08
-3.09079e-08
-8.81518e-09
-1.70367e-24
-4.17537e-08
-9.53175e-33
-1.96225e-08
-9.44154e-33
-6.479e-08
-7.3797e-08
-6.62493e-08
-6.82015e-08
-7.96516e-08
-8.36246e-08
-4.98317e-08
-1.1557e-08
-3.2084e-08
-1.75134e-24
-4.77806e-08
-6.29593e-09
-2.53847e-08
-9.35066e-33
-8.97439e-08
-8.42818e-08
-7.01663e-08
-6.85472e-08
-5.46306e-08
-9.19993e-08
-7.98302e-08
-1.10068e-08
2.00075e-24
-3.55944e-08
-5.06321e-08
-9.74661e-09
-3.20013e-08
-9.25912e-33
3.60412e-10
-8.98156e-08
-7.8794e-08
-6.76352e-08
-5.37488e-08
-8.31448e-08
-6.28578e-08
-8.68338e-09
-1.36049e-24
-2.58136e-08
-5.46676e-08
-3.25674e-08
-1.12069e-08
-5.63203e-26
-2.31177e-09
2.23584e-09
3.49124e-39
-1.80572e-39
-7.9937e-08
-6.8503e-08
-7.08175e-08
-3.61147e-08
-6.56704e-08
-4.10752e-08
5.91696e-25
-5.91543e-09
-1.18617e-08
-5.85351e-08
-3.97821e-08
-1.6716e-08
-9.07413e-33
-2.50657e-09
-6.33057e-34
7.35615e-17
-8.98068e-33
-6.68931e-08
-6.25139e-08
-6.02701e-08
-5.00014e-08
-1.38551e-08
-1.85623e-08
6.37726e-26
1.62468e-10
5.17003e-09
-6.15359e-08
-4.87091e-08
-2.02321e-08
2.31823e-08
7.70677e-14
6.04465e-25
-1.29183e-08
-8.88656e-33
-1.19744e-07
-5.46161e-08
-5.4275e-08
-4.22483e-08
-4.49273e-08
-3.07538e-08
9.00148e-09
2.51227e-09
8.08414e-09
-4.11292e-25
2.35615e-08
-2.65619e-08
-3.518e-08
2.96716e-33
2.18695e-24
3.47542e-09
1.44493e-24
4.21623e-07
1.30693e-35
3.7754e-34
-2.31858e-08
1.91518e-09
5.05739e-08
-1.64175e-08
-1.9091e-08
2.63927e-08
6.79238e-09
7.6666e-09
2.58536e-08
8.96681e-33
3.68644e-08
9.60134e-08
7.21479e-08
7.3302e-11
4.81559e-23
1.02956e-07
-8.69581e-33
-1.81508e-06
-6.23575e-05
-6.32337e-35
1.34874e-34
-4.99653e-05
-1.28913e-08
5.28425e-08
2.2284e-07
4.16879e-07
-1.85111e-08
1.60776e-08
-4.01885e-08
1.38953e-08
2.97907e-08
8.91894e-33
9.95758e-09
4.85769e-07
3.4164e-33
-3.16686e-33
8.44605e-07
3.08556e-07
-8.59875e-33
-7.45646e-06
-0.000146195
-0.000138284
-7.62488e-35
9.28765e-35
-5.92293e-05
-3.40208e-18
-2.46965e-05
-6.69562e-08
2.42728e-07
-9.74324e-08
8.44e-07
1.40128e-06
-8.8449e-08
-2.16935e-07
1.48638e-08
-6.44348e-08
-7.86032e-24
3.56783e-33
-4.87999e-23
2.06144e-06
2.56794e-06
9.05682e-07
-8.50025e-33
-1.18691e-05
-0.000146281
-0.000184269
-0.000154205
7.01464e-35
-0.000103591
1.56992e-20
-3.67211e-05
4.99555e-35
-6.17288e-21
3.79025e-18
2.03487e-06
3.29525e-07
-6.29785e-07
-4.53005e-07
9.83999e-07
4.00984e-06
-3.87666e-07
-1.81986e-08
-2.53312e-07
-4.77341e-07
-2.69713e-23
-2.2405e-05
-2.40081e-07
-4.13839e-33
5.49203e-06
6.37475e-06
2.44664e-06
-8.40071e-33
-0.00020998
-0.000195821
-0.000191185
-1.69383e-05
-0.000140752
-7.68903e-05
-0.000139583
4.08684e-35
-0.00010721
5.88048e-18
4.03384e-06
-0.000227397
-0.000195472
-1.29239e-06
-1.78076e-06
-1.35396e-06
1.5935e-06
9.11501e-06
-7.67139e-08
-1.28802e-06
-5.83089e-07
-2.89276e-24
-3.54302e-05
-3.60315e-05
9.31196e-34
-5.72079e-33
1.52221e-05
1.27424e-05
4.93525e-06
-4.26651e-23
-0.000235817
-1.59061e-05
-6.56685e-05
-0.000124961
-0.000201607
4.0825e-35
-0.000127794
6.22842e-21
7.41708e-06
-0.000247384
-0.000229272
-0.000181083
-8.21471e-33
-3.37027e-07
1.32524e-06
-3.43168e-06
-3.99383e-06
-2.33161e-06
-6.58032e-06
1.33329e-06
1.73039e-05
-4.19763e-07
-2.23754e-06
1.44185e-22
-8.92472e-07
-4.87675e-05
-4.4206e-05
-7.56043e-33
3.67042e-05
2.81102e-05
2.28541e-05
1.31572e-05
1.82514e-05
-0.000255276
-5.63474e-05
-1.54442e-05
-0.000120847
-0.000219669
-2.74178e-22
-0.000114903
-9.87987e-18
1.2662e-05
-0.000266392
-0.000233272
-0.000196228
-8.1989e-33
-3.19813e-05
-2.32641e-07
6.84645e-07
5.67761e-05
1.04449e-05
5.70856e-05
-0.000195479
-0.000134413
-6.32606e-06
-8.45591e-06
-9.13628e-06
-1.62743e-05
-4.94293e-06
3.63017e-05
-1.24545e-06
-2.65026e-06
-5.18425e-22
2.88853e-05
6.68549e-05
3.66046e-05
1.53202e-05
6.95756e-05
5.32036e-05
7.00717e-05
-0.000264975
-6.11726e-05
-1.69383e-05
-0.000255637
8.88851e-36
-0.000111983
-6.91083e-18
1.38292e-05
-0.00028202
-0.000219353
3.24798e-35
0.000112808
9.39788e-05
8.13389e-05
-0.000209864
-0.000127136
-1.10416e-34
-4.0872e-35
3.51477e-18
-1.70828e-35
-1.70081e-35
-2.73448e-35
-1.14633e-34
-2.91188e-35
-0.00021229
-1.54587e-05
-7.87557e-06
-2.47143e-05
-3.15568e-05
-2.32585e-05
4.90093e-05
-4.30126e-06
-5.31666e-23
0.000109123
0.000120338
9.90611e-05
0.000109511
0.000140268
-0.000276988
-4.47735e-05
-0.00027306
-1.74079e-35
-0.000125776
5.1901e-17
7.44905e-07
-0.000290461
2.74349e-07
0.000147537
0.000158578
7.01745e-05
-0.000231313
-0.000137821
-3.49356e-05
-2.29397e-05
-2.29157e-05
-1.59028e-05
-2.08011e-35
-1.03231e-05
-1.93157e-05
-1.84358e-05
-5.61116e-05
-1.49764e-20
-0.000241349
1.06124e-18
1.55545e-21
-1.30557e-17
-3.77729e-35
-3.62676e-35
-3.35327e-05
-5.03852e-05
-2.15774e-05
-5.23872e-05
-5.185e-05
-5.79175e-05
2.33317e-05
-9.39128e-06
2.63198e-21
0.000186894
0.00020429
0.000169519
9.85449e-05
-0.000297968
-5.00736e-05
-0.000277501
-3.57619e-35
-0.000174413
5.84501e-07
0.000163715
0.00021639
7.80635e-05
-0.000178251
-8.02196e-05
-4.46177e-05
-4.81012e-05
-3.86653e-05
-1.78808e-05
-3.16738e-05
-3.3232e-05
-1.88154e-05
-3.29451e-05
-8.26067e-05
-1.90472e-34
-0.000286336
-1.70611e-05
-0.000174364
-1.11906e-34
-9.81578e-06
-8.95654e-06
-1.44462e-18
-4.76019e-05
-6.518e-05
-2.29903e-18
-1.25705e-19
-2.37188e-18
1.92126e-19
-1.27873e-34
-3.18321e-35
3.49562e-18
4.66676e-22
-3.84383e-05
-9.36365e-05
-8.28428e-05
-5.71057e-05
-0.000132379
2.76242e-05
-1.86336e-05
-2.8405e-21
0.000249401
0.000225313
0.000146752
-0.000301448
-4.78004e-05
-0.000273445
-7.64886e-35
-9.79748e-34
0.00021754
0.000114183
-0.000147462
-0.000268232
-0.000134418
-0.000100323
-7.60004e-05
-6.78732e-05
-3.58759e-05
-5.55506e-05
-5.40578e-05
-3.25317e-05
-0.000102106
-0.000308881
-2.62356e-05
-0.000170994
-1.93946e-05
-1.55508e-05
-7.02073e-05
-5.16622e-06
-5.44196e-06
-1.17949e-05
-4.92958e-06
2.70653e-19
-6.39507e-06
-1.24277e-05
-1.1883e-22
-5.28744e-35
-2.83017e-35
-3.20502e-19
-1.17438e-18
-8.20826e-05
-0.000145764
-0.000123616
-0.000212244
4.83419e-05
0.000147138
-5.80087e-05
-2.9612e-05
3.08254e-22
0.000225587
-0.000313016
-4.08094e-05
-0.000279091
-3.70978e-34
5.24066e-07
0.000183157
8.24444e-05
-0.000250577
-0.000141715
-0.000321609
-0.000169202
-0.000195017
-0.00014556
-0.000105182
-0.000104584
-5.78977e-05
-8.58424e-05
-7.78932e-05
-4.51117e-05
-3.51075e-05
-3.1667e-05
-2.08728e-05
-1.21478e-05
-2.21211e-05
-9.59e-06
-5.47959e-06
-1.11742e-05
3.94786e-07
-3.69228e-19
8.05674e-07
-6.63186e-06
4.78984e-06
-4.38046e-18
-3.25021e-06
4.40358e-19
-3.13594e-19
3.55716e-19
8.79856e-19
4.29892e-19
-2.09242e-19
1.22788e-19
-5.2359e-06
-0.000102101
-0.000176836
-0.000186712
-0.000247169
-0.000235151
-2.3098e-05
-8.94419e-05
0.000148606
6.19914e-05
-2.75992e-05
3.68739e-23
-0.000338525
-4.57665e-05
-0.000283183
-9.10526e-22
-3.70223e-33
0.000118568
-0.000277721
-0.00018154
-0.000342832
-0.000247523
-0.000213132
-0.000160807
-0.000139035
-6.34772e-05
-9.64084e-05
-0.000124891
-5.33258e-05
-2.68178e-05
-1.65975e-05
-2.46687e-05
-7.41352e-06
-1.48747e-05
-9.07254e-07
-4.45209e-06
3.55941e-06
1.55694e-06
4.91133e-06
-1.99983e-06
1.12651e-23
-6.85277e-23
1.05169e-06
-3.61736e-06
4.50192e-20
-3.71451e-07
9.43011e-07
-7.9396e-06
-9.58641e-20
3.74902e-36
-3.46234e-23
-5.42212e-19
5.009e-05
-8.12042e-05
-0.000167155
-0.000180964
-0.000120931
-0.000230504
-0.000209061
-0.000195179
-3.3077e-05
8.65454e-05
3.68219e-05
-5.47709e-06
2.16789e-05
-4.07768e-20
-0.00035032
-0.000372681
-0.000105402
-1.38449e-33
-4.23103e-33
-0.000306224
-0.000306066
-0.000207241
-9.83117e-05
-0.000156689
-4.47441e-05
-6.79055e-05
-2.69259e-05
-4.62859e-06
-8.01628e-06
-2.21698e-05
-3.52341e-06
-3.82433e-06
1.55887e-06
-2.36929e-06
4.39441e-06
1.19504e-06
1.61513e-06
5.5637e-07
2.21106e-06
3.83444e-07
1.08651e-07
9.81243e-07
-9.43728e-06
2.89903e-06
-4.11122e-23
3.59194e-05
-7.22457e-13
1.83342e-18
2.40723e-18
3.84057e-37
-1.07516e-18
-0.000278278
-0.000300933
-0.000123461
-2.83316e-05
-9.91231e-05
-0.000118009
-9.41401e-05
-0.000168275
-0.00016394
-0.000132886
5.78868e-07
-4.03482e-05
3.52416e-05
3.74635e-05
4.40714e-05
5.56759e-21
2.3401e-05
-0.000377501
-0.000373418
-0.000135116
1.17326e-13
1.92453e-06
-0.000230001
-0.0001579
-9.35556e-05
-5.7893e-05
-3.93358e-05
-6.62619e-06
-1.5007e-05
-8.82321e-06
5.52749e-07
-6.62883e-07
6.22768e-06
2.3392e-06
3.08537e-06
1.32344e-06
2.94558e-06
2.31859e-06
8.02687e-06
-3.80103e-12
6.45316e-06
3.94765e-19
3.99502e-06
2.86082e-06
1.43149e-06
-0.000302435
-0.000320698
1.44954e-11
2.87412e-35
3.19681e-19
-0.00013573
5.84105e-06
-5.84324e-05
2.39087e-05
3.68523e-33
-5.19408e-07
-5.31966e-05
-8.21117e-05
9.99295e-34
-3.79848e-05
-9.35071e-05
-0.000112154
-7.75933e-05
-8.4708e-06
5.44786e-06
5.70188e-05
3.41549e-05
3.65581e-33
1.44703e-05
2.48838e-07
-0.000379906
-0.000161613
-2.83943e-05
-0.000216781
-7.52676e-05
-3.10848e-05
-9.31992e-06
-6.48809e-06
1.1069e-06
5.28402e-06
6.00649e-06
3.97098e-06
6.09423e-06
-1.63158e-05
-4.56418e-05
9.31197e-06
5.17945e-06
6.60519e-06
9.89759e-06
-0.0003364
-0.000314382
3.8346e-18
8.36342e-06
-0.000130227
1.29104e-05
-1.64598e-19
7.74544e-18
6.33328e-35
3.90028e-18
-2.85218e-22
-2.07249e-05
4.29582e-05
3.10119e-05
4.2445e-33
-6.05373e-07
-1.09645e-05
-1.38809e-06
-2.31936e-07
-6.76783e-05
-3.76416e-05
-4.17284e-06
1.48804e-05
3.15042e-05
-8.75453e-34
7.53878e-06
3.16308e-33
-3.57769e-33
-0.000314212
-0.000268387
-0.000135237
-5.34945e-05
-0.000191022
-6.51914e-05
-2.154e-05
-1.27175e-05
1.69317e-06
6.72361e-06
7.92612e-06
1.09809e-05
8.26357e-06
1.53502e-05
1.31195e-05
1.46436e-05
9.41339e-06
1.75382e-05
2.24395e-05
7.48586e-18
1.17582e-05
1.12567e-18
1.10583e-05
8.28132e-06
1.42308e-05
-0.0001711
1.49505e-05
2.11317e-07
2.32826e-05
2.59771e-14
1.04292e-05
4.49129e-05
-5.48929e-36
1.45634e-05
1.76566e-05
-3.4112e-33
2.37318e-06
1.92952e-23
-0.000155158
-0.000119077
-4.40211e-05
-1.49381e-05
-2.79529e-07
1.55199e-05
1.68474e-05
1.94644e-05
1.40311e-05
2.73326e-05
2.19131e-05
1.98024e-05
3.08378e-05
3.57351e-05
1.29883e-05
2.52426e-05
1.36274e-05
2.24814e-18
2.22479e-05
2.63831e-05
-2.80645e-05
2.89886e-05
1.00957e-07
-2.58882e-13
4.65015e-05
0.000131243
1.1311e-05
9.0912e-05
-5.43594e-12
-3.96474e-07
-2.98215e-26
5.82068e-08
9.89031e-05
4.06861e-05
8.43192e-05
3.95696e-05
3.20135e-05
4.43708e-05
4.29411e-05
5.53539e-05
3.28126e-05
4.40135e-05
1.84066e-05
-2.4609e-22
4.80288e-05
3.37163e-05
1.18159e-34
2.92301e-13
0.000117699
0.000245529
0.000209588
-2.14825e-33
3.2658e-25
-1.61496e-08
0.000269795
0.000227942
9.24564e-05
0.000153903
6.22373e-05
7.73921e-05
6.71284e-05
9.93252e-05
7.8049e-05
1.84166e-05
4.08719e-05
6.73609e-05
-2.03985e-17
-2.61797e-13
0.000229429
0.000332915
2.29708e-14
-6.00549e-09
6.33224e-34
0.000349469
0.000291316
0.000201425
0.000137631
0.000126671
0.00011497
4.11406e-05
8.37856e-05
2.18947e-34
0.000303931
5.35497e-22
0.000147491
0.000349348
3.91854e-17
1.54405e-09
-1.28092e-39
0.000367887
0.000226156
0.000198028
0.000157658
6.39241e-05
0.000115521
-4.30538e-21
0.000339679
0.000365911
9.65559e-05
7.50977e-34
0.000284781
-5.58221e-19
-1.89739e-11
-1.28787e-09
0.000368522
0.000310129
0.000241736
0.000226209
0.000163998
8.4944e-05
-1.60185e-17
0.000351172
0.000161646
4.04421e-34
5.5621e-05
0.000291287
-2.06323e-39
0.000342585
0.000301779
0.000246327
0.000149925
-1.60664e-18
0.000328295
0.000182688
1.86477e-34
4.90952e-05
0.00027602
0.000320094
0.000310556
0.000267605
0.000141651
0.000233879
-1.64199e-17
9.60511e-05
0.000158455
4.69805e-05
-4.62893e-22
0.000295014
0.000241977
0.00030376
0.000307093
0.000290334
0.000172749
0.000251526
7.07254e-35
0.000178504
6.72547e-35
0.00013313
3.61309e-05
7.31322e-24
0.000281172
0.000221032
0.000297962
0.000287419
0.000256013
0.000174293
0.000248705
0.000121311
-6.24208e-18
0.000105488
2.8915e-05
-1.40873e-35
0.000251227
0.000283842
0.000179591
0.000278326
0.000211339
0.00025576
0.000122184
1.29742e-17
0.000201006
9.64665e-05
2.83488e-05
-3.15156e-35
0.000250873
0.000182799
0.000268744
0.000249456
0.000124886
7.01474e-35
0.000216958
0.000193906
9.44177e-05
2.88549e-05
8.9039e-06
7.79088e-20
0.000245364
0.000122793
0.000250353
0.00013765
-4.66046e-18
0.000224907
0.000200272
5.27801e-05
1.76707e-05
-5.03254e-21
0.000209822
0.000143557
7.3037e-05
0.000234097
0.000150105
4.22322e-18
0.00022197
2.08695e-05
-1.07459e-23
0.000198268
0.000139492
8.24581e-05
0.000164842
8.20083e-35
0.000205203
5.32326e-05
1.25554e-21
0.000126502
0.000170763
9.54549e-35
0.000163744
3.23477e-05
-7.68745e-35
8.61052e-05
0.000167093
1.73933e-18
-1.33211e-34
5.16781e-05
-2.89135e-35
-4.00865e-34
