-2.42668e-43
-2.42668e-43
-3.5543e-07
-3.5543e-07
0.00304114
0.00168952
0.00270323
0.00297319
-1.63307e-39
0.00110095
-4.85336e-43
-4.85336e-43
-3.5543e-07
-3.5543e-07
-2.20437e-43
-2.20437e-43
-3.22868e-07
-3.22868e-07
0.00270323
0.00296688
0.00168952
-1.63307e-39
0.00300857
0.00245697
0.00157809
6.92106e-40
0.00303819
-4.85336e-43
-3.5543e-07
-4.85336e-43
-3.5543e-07
-4.40873e-43
-4.40873e-43
-3.22868e-07
-3.22868e-07
0.00282549
0.00236326
6.92106e-40
0.00133977
0.00157913
0.00256339
6.92106e-40
0.00276153
0.00271558
0.00303634
-4.85335e-43
-3.5543e-07
-4.85336e-43
-3.5543e-07
-4.40873e-43
-4.40873e-43
-3.22868e-07
-3.22868e-07
6.92106e-40
0.00164491
0.0019046
0.00171431
6.92106e-40
0.00239734
0.00294324
0.00303417
0.00277088
-4.85337e-43
-3.5543e-07
-4.85335e-43
-3.55429e-07
-4.40873e-43
-4.40873e-43
-3.22868e-07
-3.22868e-07
6.92106e-40
0.0012607
0.00223438
0.00137209
6.92106e-40
0.00231249
0.00290209
0.00304056
0.00284254
-4.85329e-43
-4.85337e-43
-3.55436e-07
-3.5543e-07
-4.40873e-43
-4.40873e-43
-3.22868e-07
-3.22868e-07
6.92106e-40
0.00132311
0.00229379
0.00131352
6.92102e-40
0.00229315
0.00288124
0.00304088
0.00288481
-4.85365e-43
-3.55432e-07
-4.85332e-43
-3.554e-07
-4.40873e-43
-4.40871e-43
-3.22868e-07
-3.22871e-07
6.92104e-40
0.00136627
0.00237605
0.00124807
6.9209e-40
0.00217375
0.00281947
0.00303274
0.00293306
-4.85197e-43
-4.85347e-43
-3.5558e-07
-3.55421e-07
-4.40874e-43
-4.40882e-43
-3.22869e-07
-3.22857e-07
6.92094e-40
0.00137222
0.00290546
0.00236549
0.00123782
6.92049e-40
0.00284826
0.00227186
0.00304091
0.00287584
-4.85984e-43
-3.54686e-07
-3.55472e-07
-4.85322e-43
-4.40866e-43
-4.40832e-43
-3.22865e-07
-3.22926e-07
6.92059e-40
0.00131183
0.00227737
0.00234955
0.0013238
6.91934e-40
0.00288038
0.00230317
0.00304025
0.00289941
-4.82297e-43
-3.55209e-07
-4.85223e-43
-3.59193e-07
-4.40918e-43
-4.41071e-43
-3.22883e-07
-3.22592e-07
6.91967e-40
0.0013581
0.00226901
0.00138157
6.91948e-40
0.0029397
0.00238117
0.0030398
0.00280547
-4.99416e-43
-3.56392e-07
-4.8682e-43
-3.37351e-07
-4.40618e-43
-4.39952e-43
-3.22759e-07
-3.24402e-07
6.91902e-40
0.00116723
0.00186012
0.0013695
6.91436e-40
0.00286705
0.00228038
0.00303795
0.00292549
0.0023895
-4.19365e-43
-4.73819e-43
-3.47159e-07
-4.42556e-43
-4.45205e-43
-3.22865e-07
-3.17547e-07
-1.66547e-19
0.00120116
0.00131441
7.01222e-40
0.0028641
0.00227771
0.00302663
0.00278139
0.00183892
-1.39303e-42
-5.68631e-43
-4.56324e-07
-4.80306e-07
-4.34261e-43
-4.2223e-43
-3.15055e-07
-3.77724e-07
6.99607e-40
0.00133342
7.68886e-40
0.00227911
0.00286205
0.00299093
0.00249767
0.00142686
-1.68297e-42
7.64262e-23
-1.59708e-07
-5.34136e-43
-1.08659e-42
-3.41846e-07
-8.12822e-08
7.67067e-40
7.62061e-40
0.00166134
0.00272612
0.002808
0.0029169
0.00216453
0.00113411
9.87397e-07
1.22825e-41
-1.85102e-42
-1.91712e-09
-5.73848e-44
-1.98262e-42
7.62503e-40
3.45094e-07
5.57399e-40
0.0017321
0.00118888
0.00251346
0.00265614
0.00277937
0.00154776
4.57137e-40
-3.92736e-06
3.57704e-05
-1.03586e-20
-2.33579e-42
8.99419e-42
5.55915e-40
-7.61604e-06
0.000643775
0.00132159
0.00224561
0.00268566
0.00225572
0.00239141
0.00262951
0.00143083
-2.04435e-22
0.000254057
2.72672e-05
0.000972675
-3.20695e-41
3.48726e-05
5.6532e-40
0.000762518
0.00132638
0.00192667
0.00202726
0.00243916
0.00226374
0.00242476
0.0015556
-1.88959e-20
0.000275157
0.000799561
0.000765052
-3.91794e-42
0.000254572
0.00143804
0.0019678
0.0020841
0.00221815
0.00202035
0.00172533
0.00138722
0.00124066
-2.53002e-20
0.000376522
0.000820488
1.08287e-40
0.000774758
0.000277564
0.00172439
0.00146193
0.00193785
0.00201427
0.00204998
0.00174177
0.0012457
0.00145944
0.00108165
-1.81942e-21
0.000517179
1.84292e-40
0.000669872
0.00041211
0.00176773
0.00147061
0.00170373
0.00190735
0.00192984
0.00172625
0.0010913
0.00142534
0.000754834
0.00126428
3.64875e-21
2.17783e-40
0.00078061
0.000421387
0.00182334
0.00161976
0.00186402
0.00184964
0.00169253
0.00146612
0.00107349
0.000531383
0.00105104
0.00141476
-5.31389e-20
2.33911e-40
0.000565231
0.00179923
0.00165839
0.00184114
0.00167666
0.00180498
0.000901415
0.00151262
0.00125045
0.000863274
0.000470834
0.00120358
0.00147521
2.43029e-40
2.40028e-40
0.000566511
0.00179764
0.00168385
0.00183108
0.00175694
0.00153784
0.00117415
0.000882387
0.000893601
0.000501026
0.00122874
0.00151659
6.95371e-21
2.42564e-40
0.000479391
0.00180773
0.00172336
0.00181929
0.00171781
0.00150685
0.00092764
0.00125248
0.00166471
0.00157881
0.000466851
0.000914484
0.00133246
2.43833e-40
2.43375e-40
0.000481505
0.00163631
0.00181439
0.00179453
0.000916186
0.00129805
0.00177557
0.00128684
0.00145064
0.00167089
0.000527034
0.000957569
1.89893e-20
2.43533e-40
0.000545111
0.00149967
0.00173288
0.0018225
0.0010936
0.00140725
0.00182398
0.00178948
0.00112162
0.00179405
0.00167561
0.00146748
0.000587122
2.31838e-20
0.000886732
2.43514e-40
0.000609783
0.00165151
0.00178744
0.00111123
0.00147897
0.000692186
0.00182122
0.00181986
0.00124194
0.00172045
0.0015284
0.000481485
2.43655e-40
0.000916134
2.43462e-40
0.00171505
0.00116474
0.0015062
0.000715004
0.00178946
0.00182356
0.00178081
0.00130127
0.00159997
0.0004926
1.91933e-20
0.00094667
2.43417e-40
0.000458649
0.00164064
0.00128736
0.000902204
0.00176249
0.00182451
0.00176298
0.00133138
0.00159476
0.000505201
-7.93566e-21
0.000967773
2.4339e-40
0.000495958
0.00158007
0.00124736
0.00146068
0.000906234
0.00176611
0.00182456
0.0017651
0.00182356
0.00134224
0.00161897
0.000488162
5.4155e-21
0.000900645
0.00120424
2.43373e-40
0.000496254
0.00165799
0.0012124
0.00148375
0.000897541
0.00178519
0.00177082
0.0018245
0.00164574
0.00146254
0.000472586
-2.09172e-20
0.000867165
0.00122026
2.43364e-40
0.000491725
0.00167188
0.00123702
0.00150134
0.000910926
0.00177684
0.00178861
0.00182369
0.00167668
0.00142059
0.000508871
4.44779e-20
0.000980256
2.43359e-40
0.000492404
0.00167869
0.00125144
0.00150703
0.000910191
0.00179355
0.0018159
0.00172431
0.00150776
0.00118914
0.000616694
-6.98271e-20
2.43357e-40
0.000486955
0.00169858
0.00150749
0.00124185
0.000893874
0.00181311
0.00179816
0.00165815
0.00101198
0.00142979
0.000599178
2.90443e-20
-1.44838e-32
0.000475195
0.00170676
0.00150276
0.00123102
0.000880822
0.00181963
0.00180442
0.00171483
0.00115415
0.00151316
0.000439275
0.000863464
2.43566e-40
2.43356e-40
0.000474058
0.00169033
0.00147942
0.000884637
0.00122333
0.00181478
0.00180112
0.00172128
0.00125178
0.00152148
0.000483358
0.000910572
-1.54948e-20
2.43355e-40
0.000591111
0.00168533
0.00148625
0.00116959
0.00100125
0.00182328
0.00179246
0.00178659
0.00167993
0.00125945
0.00148249
0.000911116
0.000492368
2.4356e-40
2.43355e-40
0.000604431
0.00165087
0.0013668
0.00115311
0.00182431
0.00178947
0.00178397
0.00166197
0.0017781
0.0011708
0.00145869
0.00064413
2.43556e-40
2.43355e-40
0.000827397
0.00041218
0.00169285
0.0015066
0.00103089
0.00138321
0.00182461
0.00178821
0.00166012
0.00179254
0.00113408
0.00145643
0.000466332
0.000751499
2.43553e-40
2.43355e-40
0.000509239
0.000739786
0.00165502
0.00122156
0.00151052
0.0018243
0.00177933
0.0017905
0.00167066
0.00118587
0.00147716
0.000503122
0.000902786
6.40732e-21
-6.36999e-20
0.000498586
0.00105712
0.000843149
0.00167299
0.00144438
0.00182441
0.00178847
0.00179053
0.00167978
0.00152129
0.00124552
0.000505491
0.000937541
2.45562e-20
0.000439562
2.43355e-40
0.000450802
0.00123306
0.000927223
0.00167121
0.00149909
0.00182427
0.00178694
0.00174099
0.0015821
0.00127612
0.000920795
2.43543e-40
0.000707039
0.000430022
2.43355e-40
0.000470006
0.000905572
0.00131333
0.00163605
0.00181993
0.0017882
0.00147135
0.00171977
0.00116635
2.28174e-21
0.000890295
0.000484214
-6.36999e-20
0.000595435
0.00113297
0.00143909
0.00166564
0.00182378
0.00178608
0.00178755
0.00149441
0.0016737
0.00122616
2.43536e-40
0.000898707
0.000489825
-4.86878e-20
0.00106734
0.000536726
0.00145484
0.00166779
0.0018246
0.00178801
0.00178687
0.00148216
0.0016725
0.00122192
2.05817e-20
0.000906867
0.000486929
-2.56722e-20
0.0012067
0.000777799
0.0014746
0.00167405
0.00182461
0.00178819
0.00179456
0.00146966
0.00165536
0.00124018
-1.56994e-20
0.000887245
0.000459362
0.000573309
-1.44837e-32
0.00114055
0.00146775
0.00168101
0.00182398
0.00174346
0.00178284
0.00151729
0.00120941
-1.74486e-20
0.000763107
0.00091914
2.43355e-40
0.000466938
0.00124544
0.00160149
0.0017961
0.00182423
0.00167328
0.00176852
0.00148096
0.00121071
-1.5686e-20
0.000447743
0.000913241
2.43355e-40
0.000662775
0.00104771
0.00141021
0.00164609
0.00178541
0.00182445
0.00166687
0.00177706
0.001481
0.00120005
0.000716826
-1.85977e-20
2.43355e-40
0.00114032
0.000632093
0.00147934
0.0016699
0.00182443
0.00178881
0.00169061
0.001794
0.000452813
0.00147013
0.00112559
0.00167602
0.000616536
2.43516e-40
-5.31867e-20
0.00124435
0.000879147
0.00147283
0.00167382
0.00181461
0.00177752
0.00179728
0.000561669
0.00143297
0.00106873
0.00163417
0.000556428
-1.1345e-19
2.43355e-40
0.00166884
0.00111786
0.00144653
0.000856722
0.00182447
0.00177929
0.00178618
0.000473077
0.000976973
0.00137256
0.00164214
0.000559166
-1.73224e-20
2.43355e-40
0.00166539
0.00147096
0.00119396
0.000877657
0.00182461
0.00178099
0.00178286
0.000501525
0.0014406
0.0011014
0.00165874
0.000639663
2.43506e-40
2.43355e-40
0.00164956
0.0014712
0.00122318
0.000960735
0.00178324
0.00182461
0.00177987
0.00051597
0.00143749
0.00113328
0.0016516
0.000995896
0.000487705
0.000808088
4.28258e-21
2.43355e-40
0.00162921
0.00134825
0.000963027
0.00169635
0.00178561
0.00182461
0.00178541
0.000504683
0.00165173
0.00140646
0.00119809
0.000875943
0.0004296
-1.50103e-20
2.43355e-40
0.0014934
0.000895084
0.00122931
0.00170173
0.00165859
0.00179473
0.001791
0.00182449
0.00056046
0.00148496
0.00164378
0.00125342
0.000947564
0.000497951
-1.5601e-20
2.43355e-40
0.00142301
0.000898019
0.00112257
0.00162872
0.00178605
0.0017769
0.00182461
0.000482501
0.00147789
0.00168316
0.000437294
0.00125431
0.000859461
-7.17579e-21
2.43355e-40
0.00141965
0.000894821
0.00122334
0.00165556
0.0017902
0.00180096
0.0018246
0.00169728
0.000476165
0.00149269
0.000620615
0.00115681
4.39803e-20
0.000517091
2.43355e-40
0.00150096
0.000894881
0.00124314
0.00173423
0.0017958
0.00182225
0.00165942
0.000554452
0.000928755
0.00141837
0.00104783
2.43486e-40
0.000521413
2.43355e-40
0.00164424
0.00146704
0.000891578
0.0011628
0.00178737
0.00178646
0.00182461
0.00163019
0.000469643
0.00104128
0.00134473
5.03876e-21
0.000595619
2.43355e-40
0.00170109
0.00089571
0.00149387
0.00124382
0.00178926
0.00181678
0.00162425
0.00176483
0.000453775
0.00116362
0.00143566
-3.00024e-20
0.000773695
-2.9455e-20
2.43355e-40
0.00086097
0.00170405
0.00124279
0.00150609
0.00182433
0.00179158
0.00179714
0.00167468
0.00053762
0.00128478
0.00156125
0.000535556
0.00107918
0.000419133
8.11801e-21
2.43355e-40
0.000431153
0.00109574
0.00166526
0.00146301
0.00182394
0.00177701
0.00178899
0.000862708
0.00149977
0.00170401
0.000891956
0.00126183
0.00150715
0.00072115
0.000425211
-3.64299e-20
0.000526187
2.43355e-40
0.00127939
0.00169001
0.00153425
0.00181144
0.00181697
0.00106042
0.000717845
0.00173183
0.00166609
0.00117511
0.00146354
0.000892145
0.000494927
2.43466e-40
2.43355e-40
0.000431225
0.00146007
0.00169724
0.00179893
0.00182276
0.00117565
0.00146978
0.000899978
0.0017893
0.00168236
0.00149979
0.00123069
0.000933467
0.000512512
-3.00771e-20
2.43355e-40
0.000500089
0.00167857
0.00179386
0.001824
0.00126654
0.00156319
0.00095624
0.00180196
0.00171478
0.0015995
0.00128423
0.000956505
0.000515371
2.43459e-40
2.43355e-40
0.000515444
0.00175575
0.00162417
0.00182276
0.00134414
0.000970131
0.00178935
0.00146668
0.00169034
0.00127178
0.000954032
0.000496593
2.96363e-21
2.43355e-40
0.000525001
0.00158466
0.00176451
0.00182415
0.000980598
0.00130827
0.00177473
0.00157492
0.00133179
0.000957955
0.000938973
0.000542474
0.00105657
-1.35049e-20
0.000500422
2.43355e-40
0.00182391
0.00156188
0.00175261
0.00135499
0.00127508
0.00179595
0.00165522
0.00142981
0.00052894
0.000934536
0.000629858
0.0011688
3.15239e-20
2.43355e-40
0.00182329
0.00178027
0.00165083
0.00154843
0.00129984
0.00166135
0.00178488
0.00151572
0.000480615
0.000925362
0.000788236
0.00128008
5.27515e-20
0.000466693
2.43355e-40
0.00182452
0.00174998
0.00157467
0.00128567
0.00175733
0.00161697
0.000478661
0.000901164
0.000906424
0.00153236
0.00116528
2.43442e-40
0.000530108
2.43355e-40
0.00122934
0.00179927
0.00182271
0.00170786
0.00147783
0.00153661
0.00176493
0.000483053
0.000906817
0.000886807
0.001485
0.00171495
0.0012991
2.43439e-40
0.000539968
2.43355e-40
0.00125111
0.00182461
0.00179112
0.00155547
0.00169405
0.0018165
0.000865065
0.000461538
0.00109834
0.00106283
0.00162126
0.00178296
0.0014746
0.000879529
-1.77523e-20
0.000462389
2.43355e-40
0.00143695
0.00179506
0.00169178
0.00182369
0.000528227
0.00127076
0.000877625
0.00127225
0.0016934
0.00180138
0.00167733
0.000845869
0.0015011
0.00122642
-4.40114e-20
0.000463178
2.43355e-40
0.00158859
0.00176755
0.00182243
0.0014133
0.000488549
0.000972657
0.00179462
0.00167395
0.00117992
0.000861588
0.0014728
2.43429e-40
0.000474059
2.43355e-40
0.00166292
0.00177835
0.00182395
0.00150437
0.00121808
0.000889264
0.000514017
0.00178959
0.00166716
0.00124232
0.000908821
0.00149843
2.43425e-40
0.000497581
2.43355e-40
0.00168441
0.00178148
0.00182429
0.00151657
0.00124927
0.000900885
0.000477119
0.00178744
0.00168938
0.00125238
0.000942903
0.0014984
0.000575782
5.12429e-20
2.43355e-40
0.00168579
0.00177996
0.00182445
0.00152484
0.00126213
0.000933957
0.000487533
0.00180759
0.00171649
0.0015229
0.00118442
0.000750545
2.43419e-40
-5.36366e-20
0.00166571
0.00180543
0.00132625
0.00149239
0.000947558
0.000498463
0.00181536
0.00170772
0.00145472
0.0010825
-8.67787e-21
0.000530125
2.43355e-40
0.00168723
0.00179963
0.00116991
0.0014389
0.000613544
0.00182461
0.00179025
0.0016661
0.00143289
0.00111242
3.96881e-20
0.000636668
2.43355e-40
0.00179258
0.00169077
0.00100169
0.00153635
0.00125918
0.000528914
0.0018244
0.00177476
0.00161993
0.00136518
0.000982336
-2.66313e-20
0.000537336
2.43355e-40
0.0017907
0.00169409
0.000890432
0.00149432
0.00119043
0.000530385
0.00182299
0.00173688
2.70938e-20
0.00153771
0.00127397
0.00096369
0.000526958
2.43354e-40
0.00177768
0.00163882
0.000991593
0.00137889
0.000547331
0.000503741
0.00182295
0.0017873
0.00164691
3.19587e-22
0.00139541
0.0010089
2.43353e-40
0.00177575
0.00165238
0.00148315
0.00100337
0.00136703
0.000507604
0.000892752
0.000877507
0.00046532
0.00181771
0.00182281
0.00176989
0.0017018
9.82791e-21
0.00152071
0.00125034
2.43351e-40
0.00159487
0.00126289
0.000482959
0.000963882
0.000917283
0.000491621
0.00179098
0.00182458
0.00164885
0.00178578
0.00168035
1.02842e-20
0.00148758
0.00123528
2.43348e-40
0.00135589
0.000490761
0.000938146
0.000475866
0.000896858
0.00178419
0.00182453
0.00163704
0.00178479
0.00166745
-9.40885e-21
0.00120497
0.00147639
0.00140452
2.43342e-40
0.00104205
0.000524441
0.000782115
0.00178044
0.0018245
0.00165294
0.00178594
2.43391e-40
0.00166129
0.000499124
0.00122044
0.0014803
0.00109893
0.00144396
3.88666e-20
0.000579326
0.000722611
0.00102342
0.00177747
0.00182445
0.001665
0.00178664
2.66038e-20
0.00164895
0.000728825
0.00143567
0.00117653
0.00147249
2.43319e-40
0.000873654
0.000419409
0.00121131
0.00177732
0.00182444
0.00166447
0.00178126
-4.15499e-20
0.000516779
0.00165781
0.000962948
0.00151065
0.00123361
0.0014875
6.36875e-20
0.000895879
0.000469329
0.00130538
0.00178477
0.00182425
0.00178635
0.00166421
-1.04627e-20
0.000445113
0.000867367
0.00170389
0.00124454
0.00154768
0.00125067
0.00147861
2.43299e-40
0.00093129
0.000488264
0.00181842
0.00179698
0.00166504
1.63763e-20
0.000567165
0.00112798
0.00175361
0.00146426
0.00166713
0.00120332
0.00145324
-2.50073e-20
0.00072527
0.00182128
0.00179041
0.00166916
0.000846177
0.0011879
1.27071e-20
0.000481735
0.00145016
0.00178836
0.00167091
0.00110146
0.00149147
6.24271e-20
0.000500699
0.00181758
0.00172037
0.000906215
1.5209e-21
0.00134529
0.000504244
0.00181836
0.00163624
0.00177384
0.00166027
0.00146137
0.000735779
0.00115593
-1.985e-21
0.00178761
0.000449198
0.00102704
0.00160356
2.51641e-40
0.00141338
0.000785743
0.00174263
0.00181421
0.00176741
0.00153173
0.0012345
0.000824163
1.3626e-20
0.00119196
0.0016645
0.000585957
2.68291e-40
0.00150021
0.00125215
0.00158259
0.00108432
0.00174664
0.00180287
0.0017703
0.0012048
0.000643802
2.47775e-40
0.00166902
0.000601795
0.001065
2.93262e-40
0.00151091
0.00137875
0.00166028
0.0014623
0.0017256
0.00178013
0.000972032
0.000514002
2.59751e-40
0.000520172
0.000543909
0.000966842
-1.82681e-39
0.00165003
0.00146985
0.00173613
0.00110639
0.00157971
0.0012688
0.00172657
0.000623503
7.94804e-20
0.00174077
0.00131939
0.00168074
0.00107285
0.00165243
0.00145453
0.00144976
0.00177745
0.000572752
-2.136e-20
0.00173706
0.000966842
0.000543909
0.00144956
0.0012688
0.00150978
-1.85643e-39
