0 0.000552846
0 0.0013809
0 0.00110546
0 0.0016566
0 0.000276423
0 0.00193168
0 0.000829263
0.000229992 0.000531726
0.000170318 0.00126928
0.000205368 0.00154787
0.000156835 0.000982082
0.000200211 0.00182935
0.000167602 0.000199768
0 0
0.000193198 0.00209224
0 0.0022073
0 0.00276
0 0.00248358
0.00032213 0.00113377
0.00033034 0.000866958
0.000520734 0.000474241
0.000378601 0.000258014
0.000479955 0.000696381
0.000408833 0.00139108
0.000403957 0.00169695
0.000414911 0.00196505
0.000277157 0
0.000226699 0.00236488
0.00039837 0.00222573
0.000206617 0.00258443
0.000277349 0.00276
0.000535213 0.00113956
0.000586491 0.00158422
0.000630316 0.000918698
0.000652482 0.00022243
0.000764801 0.00068582
0.000763018 0.000433249
0.000554313 0
0.00069638 0.00137595
0.000650577 0.00185825
0.000610646 0.002166
0.000504198 0.00248048
0.000554699 0.00276
0.000793079 0.0011697
0.000811594 0.00161785
0.000905383 0.00094597
0.000945223 0.000230102
0.00083147 0
0.00105687 0.000764744
0.00098906 0.000488396
0.00098942 0.00141975
0.000914794 0.00184525
0.000836653 0.00207914
0.000816283 0.00233745
0.000811803 0.00256973
0.000832048 0.00276
0.00103326 0.00118711
0.00105556 0.0016554
0.00119143 0.000554841
0.00120185 0.00102719
0.00110863 0
0.00122139 0.000267948
0.00134753 0.000757422
0.00127382 0.00158226
0.00125589 0.00133425
0.0012076 0.00184774
0.00107817 0.00202791
0.00108659 0.00223796
0.00109033 0.00248782
0.0011094 0.00276
0.00138853 0.000483134
0.00138675 0.00276
0.00142791 0.000983196
0.00162283 0.000817208
0.00146518 0.00123028
0.00138578 0
0.00151747 0.00026731
0.00158701 0.000571555
0.00145723 0.00178716
0.00153678 0.00149474
0.00135743 0.00206552
0.00133296 0.00231869
0.00138681 0.00256955
0.0016641 0.00276
0.00164741 0.00106916
0.00185169 0.000967487
0.00183497 0.000683504
0.00177007 0.00127343
0.00166294 0
0.00175369 0.000190815
0.00177899 0.000414993
0.0017218 0.00172392
0.00164092 0.00197341
0.00182152 0.00151564
0.00160857 0.00219611
0.00157239 0.00241046
0.00172823 0.00256679
0.00194145 0.00276
0.00206109 0.000814297
0.00202809 0.00113939
0.00201301 0.000509906
0.00205112 0.00140298
0.0019401 0
0.00199522 0.000225894
0.00203604 0.00169411
0.00189976 0.00189911
0.00189503 0.00212882
0.0018494 0.00235051
0.00202501 0.00253399
0.00221879 0.00276
0.00233143 0.000817105
0.00222735 0.00102494
0.00222767 0.000587919
0.00230494 0.00126707
0.00218657 0.000310862
0.00228826 0.00253583
0.00229146 0.00153999
0.00221725 0
0.00215158 0.00199105
0.00229553 0.0017626
0.00214605 0.00228183
0.00249614 0.00276
0.00248388 0.000622973
0.00259854 0.000842401
0.00248279 0.00103946
0.00241119 0.000402169
0.00258532 0.00123325
0.00251835 0.00145116
0.00236551 0.000177397
0.00255905 0.00256874
0.00243939 0.00235864
0.00283209 0.000820979
0.00273343 0.000622576
0.00259645 0.00167261
0.00249441 0
0.0024451 0.00191086
0.00239175 0.00212827
0.00277349 0.00276
0.00264679 0.00040717
0.00277631 0.00106932
0.00260928 0.000198825
0.00278243 0.00137665
0.00273503 0.00243766
0.00263228 0.00221307
0.00300687 0.000632655
0.00302364 0.000905127
0.00287686 0.000433317
0.00268033 0.00197437
0.00291285 0.00158174
0.00283113 0.00178812
0.00277157 0
0.00293125 0.00257786
0.00305084 0.00276
0.00286258 0.000205191
0.00301544 0.00117435
0.00306199 0.00137593
0.00286786 0.00217585
0.00298753 0.00236659
0.00308002 0.000331571
0.00324955 0.000781415
0.00320665 0.000542823
0.00320093 0.00104589
0.00299501 0.0019775
0.0031127 0.00176495
0.00321702 0.00153629
0.00304872 0
0.00319988 0.00248839
0.00332819 0.00276
0.00333353 0.0012672
0.00314842 0.0021959
0.00335886 0.000375036
0.00322466 0.000184454
0.00350496 0.00081251
0.00344105 0.000592753
0.00339561 0.00100678
0.00346774 0.0015102
0.00329704 0.00198959
0.0033796 0.00177032
0.00332588 0
0.00344336 0.00251248
0.00340157 0.00223805
0.00360554 0.00276
0.00358388 0.00107595
0.00362953 0.0013013
0.00361287 0.000385773
0.00348917 0.000184904
0.00372826 0.000848547
0.0036651 0.000603816
0.00359935 0.00174776
0.00373197 0.00152973
0.00386841 0.000631011
0.00361583 0.00200683
0.00360304 0
0.00368303 0.00255616
0.00364703 0.00231545
0.00388289 0.00276
0.00382023 0.00107749
0.00389828 0.00130271
0.00376486 0.000193868
0.00386327 0.000408173
0.0039689 0.000842076
0.0038333 0.00177428
0.00397927 0.00153523
0.00407055 0.000576138
0.00384184 0.00218818
0.00395593 0.00195563
0.00388019 0
0.00391384 0.00251514
0.00416024 0.00276
0.00406568 0.00105936
0.00415312 0.00129461
0.00404681 0.000260932
0.00421504 0.000803194
0.00411813 0.00174498
0.00421906 0.00151517
0.00424333 0.000472131
0.00400892 0.0023424
0.00411648 0.00210414
0.00421123 0.00232215
0.00440176 0.000645575
0.00429585 0.00188901
0.00415735 0
0.00421989 0.00255182
0.00443759 0.00276
0.00431132 0.00107792
0.00442287 0.00135166
0.00431264 0.000222971
0.00448007 0.000874192
0.00440232 0.00163888
0.00449943 0.000420272
0.00436332 0.00212896
0.00441888 0.00237062
0.00464531 0.000653083
0.00460702 0.0017692
0.00454475 0.0019617
0.00443451 0
0.00452892 0.00257963
0.00471494 0.00276
0.00456528 0.00111155
0.00465914 0.00153701
0.00467914 0.0013149
0.00459939 0.000209053
0.00474271 0.000901031
0.00476599 0.000430451
0.00460854 0.00216587
0.00464806 0.00239389
0.00490049 0.000677316
0.00484572 0.0023691
0.00482388 0.00217015
0.00488697 0.00169523
0.00481764 0.00193721
0.00471166 0
0.00484669 0.00256978
0.00499229 0.00276
0.00485053 0.0011428
0.00491029 0.0014171
0.00488012 0.000214364
0.00500851 0.000938582
0.0050307 0.000447628
0.00516242 0.000695158
0.00504049 0.00234485
0.00503286 0.00209039
0.00511711 0.00187739
0.00511208 0.00157054
0.00498882 0
0.00514426 0.00252857
0.00526964 0.00276
0.0051001 0.00124662
0.00515075 0.000213299
0.00523032 0.000998608
0.00528708 0.000428066
0.00536904 0.000825708
0.00542472 0.000609588
0.0052333 0.0022097
0.00559885 0.000826357
0.00537933 0.00196364
0.00533106 0.00171125
0.00531944 0.0014443
0.00526598 0
0.00539543 0.00247715
0.00554699 0.00276
0.00533981 0.00122273
0.00542261 0.000203717
0.00549553 0.00105018
0.00556435 0.000393577
0.00566728 0.000605037
0.00545439 0.00220971
0.00583203 0.000842281
0.00573204 0.00105682
0.00587789 0.000624387
0.00563865 0.0020454
0.00558595 0.00177088
0.00554051 0.00154097
0.0055796 0.0013035
0.00554313 0
0.00562836 0.00255913
0.00565699 0.00232511
0.00582434 0.00276
0.00571133 0.000195442
0.00583075 0.000393071
0.00606522 0.000783029
0.00599509 0.00104479
0.00581237 0.00126907
0.00605966 0.00051084
0.00586526 0.00218142
0.00579304 0.00186502
0.00578933 0.00153058
0.00582029 0
0.00587996 0.00251621
0.00610168 0.00276
0.00601591 0.000227054
0.00625542 0.000914177
0.00627751 0.000651366
0.00602335 0.00131457
0.00620807 0.00115595
0.00622892 0.000392771
0.00600288 0.0023666
0.00615868 0.00222549
0.00599553 0.00197889
0.00593391 0.00170429
0.00609205 0.00151687
0.00609745 0
0.00619084 0.00252036
0.00637903 0.00276
0.00632158 0.000206814
0.00649294 0.000780404
0.00643615 0.00107983
0.00645727 0.000475126
0.0063169 0.00135822
0.00646241 0.00257541
0.00641265 0.00237014
0.00620818 0.00198382
0.00639659 0.00213692
0.00615182 0.00175843
0.00633535 0.00163909
0.0063746 0
0.00665638 0.00276
0.00659616 0.000261845
0.00668603 0.000548568
0.00666657 0.00102419
0.00673445 0.000780472
0.00659672 0.00127947
0.00650548 0.0014983
0.00669994 0.00252297
0.00662278 0.00224324
0.00640238 0.00188797
0.00662518 0.00198333
0.00659194 0.00173331
0.00665176 0
0.00693373 0.00276
0.00682587 0.000193185
0.00688386 0.000408697
0.00696253 0.000658482
0.00690688 0.000954637
0.00685492 0.0012533
0.00673596 0.00152065
0.00698693 0.00253923
0.00683127 0.00233592
0.00684088 0.00208144
0.00684799 0.00180204
0.00692892 0
0.00721108 0.00276
0.00707707 0.000208238
0.00715167 0.000424325
0.00713782 0.00085481
0.00723855 0.000628812
0.00708947 0.00112258
0.00711572 0.00135918
0.00695521 0.00154715
0.00704538 0.0022729
0.0072317 0.00251079
0.00706787 0.00200127
0.00713464 0.00177255
0.00720607 0
0.00748843 0.00276
0.00734169 0.000203608
0.00741693 0.000403895
0.00731438 0.00102598
0.00741099 0.000835016
0.00750206 0.000613776
0.00734709 0.00123663
0.00721111 0.00157737
0.00739889 0.00146585
0.00726153 0.00221174
0.00742593 0.00243362
0.00760955 0.00257375
0.00765791 0.000806398
0.0073428 0.0019523
0.00745261 0.00172366
0.00748323 0
0.00776578 0.00276
0.00762656 0.000196352
0.00766368 0.000408587
0.00757684 0.00105865
0.00779022 0.000578529
0.00759203 0.00128721
0.00765172 0.0015087
0.00750296 0.00215508
0.00764988 0.00234081
0.00785122 0.00249102
0.00781601 0.00102326
0.00789874 0.000815485
0.0076481 0.00194634
0.00774623 0.00173863
0.00776039 0
0.00804313 0.00276
0.00789723 0.000285594
0.00783323 0.00124962
0.00801804 0.000580564
0.00789268 0.00148637
0.00778886 0.00216612
0.00799654 0.00226418
0.00807685 0.00255083
0.00806579 0.00106238
0.00810924 0.000813928
0.00796136 0.00173155
0.00819671 0.00235912
0.00798767 0.00196905
0.00803754 0
0.00832048 0.00276
0.00816736 0.000192452
0.00811037 0.000405845
0.00810543 0.00130359
0.0082684 0.000636201
0.00812076 0.0015414
0.00823486 0.00211994
0.00831738 0.00254844
0.00832641 0.00118944
0.00829439 0.000921134
0.00819532 0.00175688
0.00841869 0.00230573
0.00834391 0.00192596
0.0083147 0
0.00859783 0.00276
0.00853789 0.00255082
0.00833935 0.000385195
0.00845046 0.000188638
0.00833918 0.0014583
0.00849353 0.000772657
0.00848499 0.000560243
0.00855624 0.00208176
0.00856942 0.0012422
0.00851407 0.00100439
0.00843276 0.00168537
0.0086369 0.00233555
0.0086399 0.00178611
0.00859186 0
0.00887518 0.00276
0.00879905 0.00253838
0.00860723 0.000370473
0.008731 0.000184083
0.00860655 0.00148686
0.00872216 0.000804538
0.00870897 0.00058575
0.00882439 0.00226295
0.0088111 0.00200971
0.00880926 0.00128056
0.00874682 0.00102953
0.00887861 0.00153691
0.00888453 0.001775
0.00886901 0
0.00915253 0.00276
0.00904896 0.00246559
0.00886684 0.000380741
0.00900522 0.000192937
0.00895219 0.000812525
0.0089374 0.000594311
0.00903408 0.00219423
0.00907847 0.0019654
0.0089707 0.0010459
0.00904721 0.00129694
0.00918079 0.00148849
0.009119 0.0017117
0.00914617 0
0.00942988 0.00276
0.00929779 0.0024925
0.00927202 0.00220805
0.00913326 0.000404319
0.00926903 0.000214389
0.00918105 0.000619309
0.00918816 0.000853834
0.00931603 0.00191678
0.00918836 0.00108075
0.0093127 0.00126011
0.00938201 0.00167089
0.00944479 0.00145733
0.00942333 0
0.00955078 0.00255116
0.00970723 0.00276
0.00953829 0.00232092
0.00951838 0.00206655
0.00941935 0.000442662
0.00950715 0.000205887
0.00940576 0.000704512
0.00941713 0.000999856
0.00957442 0.00180478
0.0095586 0.00125247
0.00965765 0.00153849
0.00970048 0
0.00981345 0.00247085
0.00998457 0.00276
0.00976535 0.00218377
0.0097541 0.00196079
0.00969506 0.000283515
0.00966456 0.000562423
0.00959067 0.000813041
0.00967448 0.0010376
0.00983057 0.00173951
0.00979185 0.00128387
0.00987451 0.000407912
0.00992014 0.0015046
0.00997764 0
0.00996314 0.000192389
0.00999094 0.00224794
0.0100806 0.00251061
0.0102619 0.00276
0.00999021 0.001976
0.00996173 0.000601477
0.00981734 0.000794002
0.00990925 0.00103003
0.0100735 0.00173139
0.010038 0.00126451
0.010126 0.000408633
0.0101714 0.00149932
0.0102269 0.000206475
0.0102548 0
0.0102496 0.00235094
0.0101958 0.00214399
0.0103589 0.00256517
0.0105393 0.00276
0.010242 0.00193098
0.010079 0.000814291
0.0102386 0.000628467
0.0101571 0.0010425
0.0103237 0.00170403
0.0102866 0.00128657
0.0103817 0.000435876
0.0104478 0.00147876
0.0104627 0.000211882
0.010532 0
0.0104927 0.00236053
0.0104319 0.00214706
0.0106254 0.00256702
0.0108166 0.00276
0.0104762 0.00192865
0.0103547 0.00086427
0.0104939 0.000685997
0.0103995 0.00108256
0.0105698 0.00169539
0.0105685 0.00124753
0.0106119 0.000443635
0.0107234 0.00148132
0.0106937 0.000201535
0.0108091 0
0.0106824 0.00213956
0.0107291 0.00235302
0.0108716 0.00253686
0.011094 0.00276
0.0106973 0.00191183
0.0106484 0.000967798
0.0107044 0.000679041
0.0108281 0.00171534
0.0108286 0.00125124
0.0108324 0.000403857
0.0109104 0.000588773
0.011018 0.00152243
0.0109474 0.000191871
0.0110863 0
0.0109546 0.00224461
0.0109203 0.00199546
0.0110639 0.0024894
0.0113713 0.00276
0.0112707 0.00255178
0.0108927 0.000822086
0.0109547 0.00104374
0.0110517 0.00179086
0.0111008 0.00128007
0.0110856 0.000386241
0.01111 0.000611364
0.0112659 0.00173846
0.01131 0.00148149
0.0112152 0.000193551
0.0113634 0
0.0112059 0.00227799
0.0111951 0.00202371
0.0115345 0.00256129
0.0116487 0.00276
0.0114195 0.00236544
0.011147 0.000843593
0.0112429 0.00104949
0.0113632 0.00125041
0.011338 0.000418676
0.0113142 0.000649007
0.01932 0.00276
0.011486 0.00191784
0.0115134 0.00165257
0.0115924 0.00135327
0.0114784 0.000198438
0.0116406 0
0.0114563 0.00213991
0.0117965 0.00254765
0.0116521 0.00232088
0.011926 0.00276
0.0114343 0.000854437
0.0115375 0.00106904
0.0115348 0.000631324
0.011599 0.00039354
0.0190591 0.00276
0.01932 0.002484
0.0192826 0.00261202
0.0191371 0.00260694
0.0118873 0.00232223
0.0117439 0.000597924
0.0117442 0.00183512
0.0117585 0.00208103
0.0117273 0.00157661
0.0118755 0.00138965
0.0117858 0.00111525
0.0117564 0.000197638
0.0119177 0
0.0120727 0.0025064
0.0122034 0.00276
0.0117329 0.000851667
0.0118697 0.000404007
0.0187899 0.00276
0.0189936 0.00262399
0.0191412 0.002484
0.0120516 0.00217983
0.0119479 0.000667399
0.0192782 0.00014788
0.018849 0.00262111
0.01932 0
0.0122389 0.00231005
0.0119513 0.00168983
0.0120273 0.00193391
0.0121289 0.0013102
0.0121022 0.00153507
0.0120084 0.0011454
0.0120469 0.000914199
0.012043 0.000205922
0.0121949 0
0.012358 0.00254981
0.0124807 0.00276
0.0121107 0.000433815
0.0185206 0.00276
0.0187111 0.00261563
0.0189062 0.002484
0.0123082 0.00204152
0.0121658 0.000687984
0.0191522 0.000155159
0.01932 0.000276
0.0190672 0
0.0124617 0.00232967
0.01857 0.00262556
0.0122371 0.00172786
0.0123255 0.00141216
0.0122824 0.00109959
0.0123597 0.000785977
0.0123402 0.000246939
0.012472 0
0.0126544 0.00255978
0.0127581 0.00276
0.0123238 0.000509262
0.0184325 0.00261578
0.0182514 0.00276
0.0186205 0.002484
0.0125827 0.00213847
0.0124304 0.00178306
0.0125577 0.00194151
0.0189934 0.000137105
0.0191455 0.000276
0.0187971 0
0.0126979 0.0023512
0.0188505 0.000137842
0.0182923 0.0026256
0.0124994 0.0015394
0.0125462 0.0012493
0.0125002 0.000987051
0.0126313 0.000749737
0.0125303 0.000495805
0.0126361 0.000249792
0.0127492 0
0.0129244 0.00245964
0.0130354 0.00276
0.0183346 0.002484
0.0179821 0.00276
0.0181547 0.00261495
0.0128479 0.00217665
0.0127841 0.00194894
0.0126716 0.00171353
0.0189038 0.000276
0.0185268 0
0.0187126 0.000144085
0.0180142 0.00262598
0.0185719 0.000134632
0.0128925 0.00172334
0.0127587 0.00146251
0.0128025 0.00122123
0.0127398 0.00100069
0.0129051 0.000792432
0.0127862 0.000529847
0.0128969 0.000287436
0.0130264 0
0.0131994 0.00247076
0.0130802 0.00220128
0.0133128 0.00276
0.0180487 0.002484
0.0177128 0.00276
0.0178766 0.00261459
0.0130151 0.0019562
0.0186183 0.000276
0.0182565 0
0.0184343 0.00014388
0.012996 0.00152509
0.0131329 0.00173205
0.0182952 0.000132617
0.017736 0.00262633
0.0130256 0.00130499
0.0130218 0.00104785
0.0131779 0.000776193
0.0130548 0.000561738
0.0131214 0.000339182
0.0132544 0.000211642
0.0133035 0
0.0135109 0.00256523
0.0133241 0.00218064
0.0134272 0.00237005
0.0132421 0.00196336
0.0135901 0.00276
0.0177628 0.002484
0.0175982 0.0026135
0.0174435 0.00276
0.0183328 0.000276
0.0181561 0.000144295
0.0179862 0
0.0132292 0.00149113
0.0133616 0.00173191
0.0174573 0.00262649
0.0180154 0.000134408
0.0132507 0.000998982
0.0132848 0.00124566
0.0134298 0.000779968
0.013358 0.000510814
0.0134742 0.000253463
0.0135807 0
0.0136857 0.00239268
0.0138589 0.00255328
0.013483 0.00195725
0.0135887 0.00217244
0.0138675 0.00276
0.0174768 0.002484
0.0171743 0.00276
0.01732 0.00261459
0.0180472 0.000276
0.0178772 0.000144879
0.0177159 0
0.0134619 0.0015012
0.0136087 0.00173526
0.0134736 0.00102701
0.0171785 0.00262489
0.0177356 0.000135961
0.0135551 0.00128286
0.0136194 0.000614792
0.0137092 0.000819281
0.0136721 0.000421705
0.0137135 0.000190065
0.0138578 0
0.0138522 0.00221971
0.014184 0.00256666
0.0141448 0.00276
0.0140265 0.00238664
0.013736 0.00196654
0.0171909 0.00248402
0.0170394 0.00261254
0.016905 0.00276
0.0177617 0.000276
0.0174456 0
0.0175987 0.000145247
0.013724 0.00149677
0.0138544 0.00171583
0.0136816 0.00106635
0.0174584 0.000133818
0.0168798 0.00264134
0.0138295 0.00126565
0.0139208 0.000571814
0.0139666 0.000783019
0.013902 0.00101555
0.0139224 0.000308578
0.014135 0
0.0140969 0.000201267
0.0141142 0.00216359
0.0139688 0.0019641
0.0144503 0.00255611
0.014285 0.00235485
0.0144222 0.00276
0.016905 0.002484
0.0166277 0.00276
0.0174761 0.000276001
0.0171753 0
0.017321 0.000144998
0.0139993 0.00145636
0.0140821 0.00172606
0.0167353 0.00258048
0.01932 0.002208
0.0171786 0.000130704
0.0140914 0.00119178
0.014193 0.000447288
0.0142243 0.000725138
0.014141 0.000952995
0.0144121 0
0.014329 0.000210611
0.0142238 0.00194325
0.0143812 0.00214361
0.0145475 0.00233127
0.0146995 0.00276
0.0146925 0.00253178
0.0165764 0.00245992
0.0165248 0.00262114
0.0163506 0.00276
0.0171906 0.000275983
0.0170368 0.000148937
0.016905 0
0.0142867 0.00131404
0.0142321 0.0015292
0.0143399 0.00172637
0.01932 0.00220523
0.0193172 0.002208
0.0193182 0.00220615
0.0193144 0.002208
0.0168791 0.000119048
0.014358 0.00102766
0.0144916 0.000338104
0.0144365 0.000566267
0.0145122 0.000787097
0.0146886 0.000247819
0.0146893 0
0.0144867 0.00193261
0.0146547 0.00210856
0.0148215 0.00230645
0.0149421 0.00252861
0.0149769 0.00276
0.0163557 0.0024284
0.0163166 0.00258175
0.0160802 0.00276
0.016905 0.000276
0.0166278 0
0.0145326 0.00124368
0.0145069 0.00149535
0.014575 0.00171263
0.0193178 0.00220367
0.01932 0.00220246
0.0193158 0.00220552
0.0193131 0.00220535
0.0193117 0.002208
0.0167399 0.000182771
0.0158072 0.00276
0.0165686 0.000141531
0.0193113 0.00220322
0.0193105 0.00220583
0.0146405 0.000998216
0.0147162 0.000554235
0.0147871 0.000794895
0.0149094 0.000200006
0.0149388 0.000437809
0.0149665 0
0.0147567 0.00187495
0.0149236 0.00206507
0.0151105 0.00227963
0.015212 0.00254292
0.0152542 0.00276
0.0161742 0.0025229
0.0162215 0.00240077
0.0160117 0.00259007
0.0165764 0.000300084
0.0163508 0
0.0147717 0.00140445
0.0147796 0.00117308
0.0147936 0.00162354
0.0193173 0.0022011
0.0193147 0.00220283
0.01932 0.00219969
0.0193089 0.002208
0.0155312 0.00276
0.0157877 0.00258416
0.0163993 0.000175202
0.0193093 0.00220137
0.0193091 0.00220387
0.0193123 0.00220116
0.0193077 0.00220574
0.01932 0.00219692
0.01932 0.00219415
0.0149598 0.000991966
0.0150329 0.000705127
0.0151428 0.000230508
0.0151839 0.000485594
0.0152436 0
0.0150119 0.00179416
0.0151708 0.00199475
0.0153884 0.00215635
0.0153817 0.00237167
0.0155245 0.00253992
0.0160277 0.00245574
0.0161393 0.00237311
0.0163544 0.000331806
0.0162195 0.00017532
0.0160746 0
0.0150417 0.00153569
0.0150057 0.00127764
0.0193147 0.00219995
0.0193177 0.00219861
0.0193061 0.002208
0.0157821 0.00244743
0.019311 0.00219936
0.0193074 0.00219979
0.0193069 0.00220279
0.0193053 0.00220547
0.0193179 0.00219595
0.0193178 0.00219247
0.01932 0.00219138
0.01932 0.00218861
0.0155208 0
0.0157979 0
0.0154005 0.00191822
0.0161069 0.000306486
0.0161926 0.000271873
0.019316 0.00219473
0.0159648 0.00238644
0.015853 0.00232729
0.0158647 0.000166424
0.0152374 0.000917137
0.0151996 0.00115012
0.0153551 0.000654595
0.0153789 0.000303511
0.015283 0.00169498
0.0156489 0.00227256
0.0156383 0.00201946
0.016077 0.002346
0.0162215 0.000359235
0.0160179 0.000236603
0.0152657 0.00140462
0.0193126 0.00219748
0.0193153 0.00219729
0.0193033 0.002208
0.0193088 0.00219729
0.0193055 0.00219773
0.0193047 0.00220037
0.0193041 0.00220306
0.0193022 0.00220515
0.0193155 0.00219092
0.019318 0.00218902
0.01932 0.00218571
0.015612 0.000219575
0.015581 0.00175929
0.0161148 0.000353153
0.0160165 0.000332713
0.0193141 0.00219394
0.0160326 0.00228293
0.0159013 0.00221564
0.0157954 0.000317168
0.01932 0.00218249
0.01932 0.00217898
0.0154764 0.000938475
0.015457 0.00119037
0.0156093 0.000769529
0.0155824 0.000481848
0.0155052 0.00149629
0.0158816 0.00205885
0.0158602 0.0018359
0.0161494 0.00231492
0.0161309 0.000390244
0.0159325 0.000361621
0.0193094 0.00219491
0.0193123 0.00219479
0.0192998 0.002208
0.0193057 0.0021947
0.019302 0.00219766
0.0193016 0.00220147
0.0192988 0.00220451
0.0193126 0.00219074
0.0193158 0.0021874
0.0193167 0.00218376
0.0157641 0.00159559
0.0160622 0.000378619
0.0160125 0.000397756
0.0160757 0.0021247
0.0161481 0.00223288
0.0158094 0.000450993
0.0193165 0.00217975
0.01932 0.00217511
0.01932 0.00217028
0.0193138 0.00218365
0.0157342 0.00105118
0.0157034 0.00131674
0.0157685 0.000627058
0.0158662 0.0008344
0.0161383 0.00190542
0.0160518 0.00165462
0.0162215 0.00229123
0.016077 0.000414
0.0159687 0.000454362
0.0193092 0.00219197
0.0192952 0.002208
0.0193052 0.00219097
0.0193018 0.00219277
0.019298 0.00220017
0.0192979 0.00219564
0.0192947 0.00220364
0.01931 0.00218862
0.0193123 0.00218645
0.0159318 0.00143823
0.0160502 0.000445105
0.0162411 0.00212975
0.0159195 0.000536262
0.0193155 0.0021758
0.0193121 0.00218161
0.0193165 0.00216931
0.01932 0.00216445
0.0193128 0.00217367
0.0193148 0.00216398
0.0159763 0.00121871
0.0160435 0.00100127
0.0159976 0.000638639
0.0161121 0.000767285
0.016324 0.00167044
0.016389 0.00200829
0.0161946 0.00142163
0.0163555 0.00226335
0.0161337 0.000438937
0.0160723 0.000511579
0.0193067 0.00218748
0.0192888 0.002208
0.0193021 0.002187
0.0192975 0.00219007
0.0192928 0.00219911
0.0192918 0.00219426
0.0192899 0.00220299
0.0193082 0.00218377
0.0193099 0.00217862
0.0193102 0.0021701
0.01932 0.00215611
0.0193072 0.00217472
0.0193078 0.00216416
0.0193123 0.00215654
0.01932 0.0019446
0.01932 0.00167579
0.01932 0.00146488
0.01932 0.00158941
0.01932 0.0017557
0.01932 0.00191594
0.01932 0.00187853
0.01932 0.00184409
0.01932 0.00163833
0.01932 0.00181686
0.01932 0.00178922
0.01932 0.00197
0.01932 0.00156937
0.0165099 0.00182358
0.0193178 0.00180041
0.01932 0.00171779
0.0162622 0.00118427
0.0162934 0.000927827
0.0161795 0.000576261
0.016298 0.000679413
0.0165767 0.00158703
0.016486 0.00137363
0.0166645 0.00203126
0.0165764 0.00223208
0.0162215 0.000468765
0.0193024 0.00218152
0.0192796 0.002208
0.019285 0.00219955
0.0192968 0.00218293
0.0192916 0.00218709
0.0192849 0.00219117
0.0193048 0.0021784
0.0193029 0.00216919
0.01932 0.0021428
0.0193095 0.00214529
0.0193028 0.00215523
0.0193173 0.00194471
0.0193178 0.00167576
0.0193179 0.00146425
0.01932 0.00147306
0.01932 0.00145432
0.01932 0.00161213
0.019318 0.00158934
0.0193175 0.00175937
0.0193169 0.00191357
0.0193171 0.0018707
0.0193173 0.00183422
0.0193176 0.00163612
0.0193165 0.00197435
0.01932 0.00200504
0.019318 0.00156523
0.01932 0.0015514
0.0167373 0.0017682
0.0193154 0.0018003
0.0193166 0.00170995
0.01932 0.00148881
0.01932 0.00125599
0.01932 0.00151844
0.01932 0.00150648
0.01932 0.00140932
0.01932 0.00149718
0.01932 0.00136739
0.01932 0.00212113
0.01932 0.00209527
0.01932 0.00148075
0.01932 0.00204231
0.01932 0.00153388
0.01932 0.00143809
0.01932 0.00124787
0.01932 0.00207142
0.0165078 0.00107753
0.0164922 0.000771222
0.0163578 0.000497062
0.0168007 0.00147961
0.0167309 0.00121634
0.0168947 0.00197594
0.016905 0.002208
0.0192942 0.00217506
0.0192984 0.00217239
0.0192742 0.00219576
0.0192659 0.002208
0.0192868 0.00218004
0.0192775 0.00218512
0.0192954 0.00216201
0.0193062 0.00212586
0.0192942 0.00213311
0.0192946 0.00215074
0.0193129 0.00194702
0.0193147 0.00165137
0.0193169 0.00147607
0.0193152 0.00146257
0.0193174 0.00145101
0.0193163 0.00160819
0.0193158 0.00156952
0.0193142 0.00173534
0.0193137 0.00189612
0.0193137 0.00184754
0.0193147 0.00200729
0.0193174 0.00154455
0.0169528 0.00173175
0.0193121 0.00180509
0.0193178 0.00148772
0.01932 0.00126411
0.0193182 0.00125516
0.0193169 0.00152411
0.0193175 0.00151111
0.0193171 0.00149972
0.0193172 0.00143115
0.0193171 0.0013983
0.0193178 0.00135173
0.01932 0.00133255
0.0193065 0.00210138
0.0193133 0.00208641
0.0193155 0.00205138
0.01932 0.00123909
0.0193178 0.00124452
0.0193115 0.00206903
0.01932 0.00113779
0.01932 0.00127353
0.01932 0.0012188
0.01932 0.00119665
0.01932 0.00107887
0.01932 0.00128617
0.01932 0.00111921
0.0171828 0.00220799
0.01932 0.00122939
0.01932 0.00109743
0.01932 0.00120769
0.01932 0.00130463
0.0193157 0.00136268
0.0167267 0.000931357
0.0165764 0.000527916
0.0167415 0.000707793
0.0169948 0.00126006
0.0170763 0.0014981
0.0169307 0.0010276
0.0171406 0.00196413
0.0192856 0.00215924
0.0192844 0.0021685
0.0192666 0.00218059
0.019259 0.00219021
0.019244 0.002208
0.0192743 0.0021712
0.0192843 0.00214377
0.0192892 0.00210248
0.0192767 0.0021217
0.0193081 0.00198191
0.0193084 0.00189892
0.0193114 0.00165588
0.0193128 0.00158371
0.0193145 0.00148874
0.0193126 0.00147471
0.0193148 0.00144387
0.0193124 0.00145426
0.0193141 0.00153794
0.0193105 0.00174462
0.0193077 0.00182689
0.0193096 0.00203823
0.0171892 0.001725
0.0193169 0.00126276
0.0193173 0.00127468
0.0193156 0.00125109
0.0193139 0.00150823
0.019314 0.00142088
0.0193136 0.00138795
0.0193165 0.00131899
0.0193026 0.00208096
0.0193168 0.00123208
0.0193023 0.00206049
0.01932 0.00115183
0.0193178 0.00113776
0.019318 0.00121635
0.019318 0.0011982
0.01932 0.00118636
0.01932 0.00106139
0.0193178 0.00107913
0.0193175 0.00129377
0.0193177 0.00111055
0.0174355 0.00202194
0.0174606 0.002208
0.0193142 0.00133877
0.01932 0.00117623
0.01932 0.00102424
0.01932 0.00104358
0.01932 0.0011647
0.019307 0.00166022
0.0192375 0.00218388
0.0170179 0.000785604
0.016905 0.000552
0.0171752 0.00101864
0.0172527 0.00128221
0.0173511 0.00152036
0.0174136 0.00178514
0.0192683 0.00215308
0.019269 0.00213754
0.0192531 0.00216246
0.0192084 0.002208
0.0192652 0.0020887
0.0192879 0.00206703
0.0192569 0.00211237
0.019299 0.00196079
0.0193 0.00202768
0.0193002 0.00187411
0.0193067 0.00157781
0.0193097 0.00152879
0.0193084 0.00149327
0.0193076 0.00146467
0.01931 0.00143468
0.0193044 0.00176266
0.0193142 0.00126791
0.0193143 0.00128763
0.0193118 0.00125627
0.0193132 0.00123981
0.019309 0.0014005
0.0193113 0.0013551
0.019312 0.00130937
0.0193158 0.0012074
0.019314 0.0012198
0.0193171 0.00116296
0.019316 0.00115145
0.019315 0.00113221
0.0193159 0.00119
0.0193176 0.00117811
0.0193163 0.00105023
0.0193152 0.00110357
0.0193153 0.00107699
0.0176758 0.00189306
0.0177384 0.002208
0.01932 0.00100336
0.0193179 0.00102172
0.0192999 0.00165313
0.0192236 0.00215595
0.01932 0.000987423
0.01932 0.000977395
0.01932 0.000969188
0.0173361 0.000814174
0.0171854 0.000552002
0.0174236 0.00112035
0.0175507 0.00135567
0.0176173 0.00160294
0.0192408 0.00212178
0.0191771 0.00215265
0.0191467 0.002208
0.0192661 0.0020427
0.0192346 0.00206741
0.0192849 0.00200325
0.0192859 0.00189034
0.0192935 0.00177
0.0192944 0.00156467
0.0193021 0.00151986
0.0192988 0.00147175
0.0193028 0.00143411
0.0193094 0.00127408
0.0193069 0.00124768
0.0193099 0.00122401
0.0193015 0.00138402
0.0193073 0.00134435
0.0193061 0.0012942
0.0193115 0.00119709
0.0193127 0.00115743
0.019314 0.00117693
0.0193116 0.00112479
0.0193121 0.00103336
0.0193154 0.00101993
0.019312 0.00107812
0.0179352 0.00196789
0.0178662 0.00169172
0.0180162 0.002208
0.0193171 0.000996494
0.0192876 0.0016564
0.0192012 0.00211287
0.019318 0.00098119
0.0193174 0.000972543
0.0193179 0.000964063
0.01932 0.000961116
0.01932 0.000951368
0.01932 0.000916367
0.0188441 0.002208
0.018294 0.002208
0.01932 0.000938657
0.0185715 0.002208
0.0190383 0.002208
0.0192426 0.00201202
0.0189784 0.00208338
0.0174658 0.000551998
0.0176254 0.000764634
0.0175692 0.000970058
0.0177069 0.00117942
0.0178344 0.00142467
0.019185 0.00205639
0.0191172 0.0020882
0.0192629 0.00193103
0.0191909 0.00198761
0.0192687 0.00175487
0.019288 0.00149774
0.0192726 0.00157995
0.0192901 0.00140268
0.0192998 0.00126318
0.0193037 0.00121112
0.0192992 0.00132548
0.0193081 0.00117485
0.0193054 0.00114247
0.0193061 0.0011046
0.0193135 0.00099798
0.0193084 0.00100751
0.0193064 0.00105609
0.018234 0.00198498
0.0181187 0.0017885
0.018099 0.00157295
0.0193152 0.000980413
0.0193152 0.000966765
0.019315 0.000954626
0.0193177 0.000951907
0.0193179 0.000935608
0.0193177 0.000908436
0.01932 0.000881426
0.0187808 0.00197534
0.0185024 0.00196648
0.0192239 0.00193386
0.0190041 0.00196612
0.01932 0.00082498
0.01932 0.000849843
0.01932 0.000804394
0.0177461 0.000552
0.0178977 0.000761554
0.0178359 0.000963923
0.0179554 0.0011707
0.0180738 0.00135781
0.0190985 0.00193001
0.0192277 0.00179844
0.0191666 0.00186623
0.0192368 0.001601
0.0192683 0.00146623
0.0192882 0.00130076
0.019271 0.00134445
0.0192911 0.00121959
0.0192976 0.00116348
0.0192955 0.00108921
0.0193108 0.000978521
0.0193004 0.00103038
0.019303 0.00098632
0.0183733 0.00171518
0.0183073 0.0014494
0.0193115 0.000962283
0.0193151 0.000934808
0.0193112 0.000944355
0.0193154 0.000905051
0.0193173 0.000863165
0.0189136 0.00177201
0.0186633 0.00174026
0.0193176 0.00082272
0.0193176 0.000792669
0.01932 0.000786208
0.01932 0.000768089
0.0193143 0.000868666
0.0180265 0.000552
0.018128 0.000959458
0.0181467 0.000744044
0.0182213 0.00118094
0.0190729 0.00171956
0.0191656 0.00167448
0.0192373 0.00139577
0.019187 0.00147139
0.0192719 0.00121792
0.0192429 0.00123605
0.0192811 0.00112918
0.0192763 0.00103649
0.0192913 0.00100597
0.0193054 0.000958938
0.0192958 0.000960958
0.0185484 0.00148819
0.0184495 0.00125576
0.0193114 0.000906901
0.0193067 0.000927267
0.0193142 0.000828614
0.0189722 0.00154594
0.0187737 0.00150239
0.0193145 0.000795208
0.0193168 0.000768013
0.01932 0.000749944
0.0193101 0.000854702
0.0189037 0.0012969
0.0183069 0.000552
0.0184294 0.00101242
0.0183927 0.000780306
0.0190943 0.00139453
0.0191891 0.00122673
0.0192474 0.0010963
0.0192803 0.000947949
0.0192522 0.000973409
0.0192973 0.000924837
0.01867 0.00119376
0.0193035 0.000871876
0.0193086 0.000802607
0.019312 0.000764829
0.0193152 0.000744099
0.01932 0.000730983
0.0190237 0.00113358
0.0188586 0.00102606
0.0185869 0.000552
0.0186796 0.000841925
0.0191276 0.00107116
0.0192029 0.00101097
0.0192652 0.000871021
0.0192891 0.000869798
0.0192281 0.000878243
0.0192975 0.000800782
0.0193044 0.00075527
0.0193102 0.000729587
0.0193155 0.000723501
0.01932 0.000707038
0.0190499 0.000910952
0.0189235 0.00079221
0.0188583 0.000552
0.0191741 0.000870369
0.019244 0.000780572
0.0192781 0.000782177
0.0192926 0.000726628
0.0193048 0.000701795
0.0193138 0.00069749
0.01932 0.000672777
0.019149 0.000791539
0.0190837 0.000759439
0.0190427 0.000662283
0.0190467 0.000552
0.0192127 0.000747009
0.0192742 0.000701701
0.0192498 0.000705039
0.0192957 0.000671377
0.0193104 0.000662531
0.01932 0.000637646
0.0191845 0.000705289
0.0191492 0.000675055
0.0191457 0.000613565
0.01932 0.000616363
0.0191529 0.000552
0.019235 0.000672158
0.019285 0.000649328
0.0192673 0.000657264
0.0193021 0.000638648
0.0193061 0.000620703
0.0192093 0.00064021
0.0192036 0.000592842
0.0193107 0.000607019
0.01932 0.00060388
0.0193141 0.000596409
0.0192662 0.000634442
0.0192116 0.000552
0.0192467 0.000630017
0.0192882 0.000622644
0.0192995 0.000607061
0.0192377 0.00060329
0.0192388 0.000574907
0.0193076 0.000598577
0.01932 0.000596489
0.0193145 0.000591675
0.0193086 0.000592502
0.0192841 0.000607513
0.0192709 0.00061386
0.0192448 0.000552
0.0192617 0.000603154
0.0192935 0.000599387
0.0193002 0.000595655
0.0192603 0.000584099
0.0192615 0.000566547
0.0193038 0.000590439
0.01932 0.000591291
0.0193136 0.000587664
0.0193083 0.000587584
0.0192781 0.000597149
0.0192885 0.000593169
0.01932 0.000586873
0.0192662 0.000552
0.0192755 0.00058483
0.0192952 0.000587334
0.0192993 0.000588179
0.0192755 0.000572369
0.019274 0.000561807
0.0193036 0.00058432
0.0193164 0.000585704
0.0193082 0.000583377
0.0193123 0.000583418
0.019287 0.000584749
0.0193176 0.000582
0.01932 0.000582937
0.019284 0.000566529
0.0192797 0.000552
0.0192873 0.000575228
0.0193011 0.000580871
0.0192954 0.000579609
0.0192824 0.000559444
0.0193062 0.000579399
0.0193142 0.000580719
0.0193098 0.000578918
0.0193164 0.000578417
0.01932 0.000579752
0.0192882 0.00055973
0.0192909 0.000568016
0.0192887 0.000552
0.0192972 0.000573435
0.0193059 0.000575792
0.0193024 0.000575518
0.0193092 0.000574395
0.0193125 0.000576659
0.019318 0.000576453
0.0193153 0.000575544
0.01932 0.000576935
0.0192927 0.000562558
0.0192935 0.000556561
0.0192958 0.000567856
0.0193152 0.000573259
0.0192946 0.000552
0.0193004 0.000568323
0.019304 0.000570894
0.0193073 0.000571614
0.0193124 0.000572565
0.0193102 0.000570167
0.0193175 0.000573417
0.01932 0.000574165
0.0192975 0.000559297
0.0192981 0.000563646
0.0192985 0.000555633
0.0193152 0.000570836
0.0193052 0.000567258
0.0192991 0.000552
0.0193028 0.000564464
0.0193089 0.000567509
0.0193126 0.000568538
0.0193178 0.00057026
0.01932 0.000571394
0.0193019 0.000558532
0.0193014 0.00056146
0.0193022 0.000555313
0.0193156 0.000568307
0.0193065 0.0005644
0.0193029 0.000552
0.0193051 0.000561087
0.0193127 0.000565353
0.0193101 0.000564273
0.0193147 0.00056613
0.0193176 0.000566738
0.01932 0.000568624
0.019305 0.000557784
0.0193052 0.000554775
0.0193087 0.000561827
0.019306 0.000552
0.019308 0.000559047
0.0193163 0.000563919
0.0193127 0.000562479
0.01932 0.000565853
0.0193077 0.000556439
0.0193077 0.00055399
0.0193112 0.000560075
0.0193088 0.000552
0.0193106 0.000557205
0.01932 0.000563082
0.0193175 0.00056154
0.0193148 0.000560539
0.0193101 0.000554587
0.019313 0.000558246
0.0193116 0.000552
0.0193129 0.000554999
0.01932 0.000560312
0.0193173 0.000558858
0.0193151 0.000557224
0.0193144 0.000552
0.0193157 0.000554501
0.01932 0.000557541
0.0193177 0.000556308
0.0193172 0.000552
0.0193181 0.000553838
0.01932 0.000554771
0.01932 0.000552
