0 0.00153693
0 0.00127505
0 0.0017958
7.19947e-05 0.00152442
0 0.00101422
8.10518e-05 0.0012579
0 0.00204674
7.50833e-05 0.00180953
0 0
0 0.000750576
0.000152071 0.00168535
0.000173336 0.00140097
0.000168315 0.00114539
0.000156408 0.000894374
0 0.00230137
0.00014207 0.00202002
0.000177258 0
0 0.000240512
0.000131748 0.000195735
0.000141604 0.000652571
0 0.000490077
0.000274812 0.00180675
0.000270521 0.00155018
0 0.00276
0 0.00254373
0.000173177 0.00255741
0.000364749 0.00132119
0.000339511 0.00102673
0.00034028 0.000720141
0.000268808 0.00231032
0.000315421 0.00206653
0.000315401 0.000228135
0.000403165 0
0.000198568 0.000433719
0.000460027 0.00161389
0.000472799 0.00188372
0.000202938 0.00276
0.000370536 0.00253879
0.000655911 0.00146675
0.000567793 0.00117158
0.000560285 0.000900307
0.000614029 0.00065132
0.000443908 0.000461176
0.000579244 0.00245509
0.000566737 0.00212255
0.000570322 0.000226262
0.000676371 0
0.000680905 0.00179058
0.000439486 0.00276
0.000770996 0.00225196
0.000940037 0.00142108
0.000903577 0.00167649
0.000791622 0.00125124
0.000812157 0.00102152
0.000807563 0.000811466
0.000909501 0.000627458
0.000733971 0.000430351
0.000865969 0.0025123
0.000711193 0.00276
0.000884652 0.00198177
0.000850332 0.000210521
0.000952669 0
0.000997813 0.0022578
0.0011716 0.00132545
0.00102849 0.00114489
0.00116275 0.00156781
0.00115949 0.00181637
0.00106553 0.000888074
0.00101577 0.00040986
0.00115728 0.000632403
0.00113399 0.00252727
0.000986785 0.00276
0.00117349 0.00204755
0.0011348 0.000199353
0.00122897 0
0.00121817 0.00230091
0.00131292 0.000845938
0.00138859 0.00139724
0.00129389 0.00111188
0.00141015 0.00166909
0.00145852 0.00194366
0.00129029 0.000398805
0.00140263 0.000604294
0.00126238 0.00276
0.00140303 0.002477
0.00140521 0.00218146
0.00142158 0.000200851
0.00150526 0
0.00150752 0.0010199
0.00156941 0.000821657
0.00162777 0.000615208
0.00163128 0.00148023
0.00158256 0.00123729
0.00166731 0.0017433
0.00162635 0.00223933
0.00175518 0.00198204
0.00158511 0.000399523
0.00153797 0.00276
0.00162128 0.00253405
0.00170243 0.000196705
0.00178156 0
0.0017608 0.00105141
0.00180427 0.000830652
0.00182291 0.00058273
0.00185263 0.00154227
0.00187692 0.00128691
0.00194259 0.00176082
0.0018217 0.00244447
0.00190631 0.00219372
0.00205067 0.00197052
0.00187462 0.000377353
0.00181356 0.00276
0.00199131 0.000192619
0.00205786 0
0.00203097 0.00102952
0.00200673 0.000787413
0.00205807 0.000576838
0.00208298 0.00150311
0.0019989 0.00257538
0.00216698 0.00125351
0.00221083 0.00173178
0.00209726 0.00236937
0.00219692 0.00217746
0.00232591 0.0019418
0.00216207 0.000385011
0.00208915 0.00276
0.00228019 0.000207037
0.00233416 0
0.00232344 0.00100951
0.00223071 0.000810013
0.00229764 0.000599245
0.00233479 0.00149118
0.00224881 0.00256665
0.00242925 0.00215431
0.00243258 0.001246
0.00248912 0.00172667
0.00239775 0.00241482
0.00259249 0.00195357
0.00244688 0.00044625
0.00236474 0.00276
0.00253975 0.000235366
0.00261045 0
0.00250843 0.000738092
0.00257296 0.000988582
0.0025796 0.00149712
0.00262226 0.00225283
0.00264034 0.00276
0.00277332 0.00023593
0.00279089 0.0020498
0.00267119 0.00123597
0.00277429 0.00173113
0.00265701 0.00254287
0.0027045 0.000511265
0.00288675 0
0.00278308 0.000792894
0.00281067 0.00103139
0.00278954 0.00144777
0.0028371 0.00232584
0.00291593 0.00276
0.00301644 0.000179214
0.00295622 0.000411615
0.00295638 0.00190316
0.00302457 0.00213998
0.00297408 0.00153031
0.00294134 0.00123307
0.00308111 0.00172896
0.00296215 0.00255611
0.00296402 0.000660659
0.00316305 0
0.00303411 0.000953474
0.00308768 0.00235983
0.00319152 0.00276
0.00319706 0.000283958
0.00317984 0.000529915
0.00319677 0.00195886
0.00328068 0.00220113
0.00324635 0.00155452
0.00312896 0.00136599
0.00320532 0.00116219
0.00335192 0.00175876
0.00325712 0.00252265
0.00320222 0.000775088
0.00340551 0.000193946
0.00343935 0
0.00331404 0.000975898
0.00346711 0.00276
0.00340451 0.000412512
0.00341104 0.000624376
0.00342522 0.00197931
0.00342896 0.00234305
0.00357184 0.00211722
0.00338482 0.00134879
0.00350536 0.00156067
0.00348303 0.00113574
0.00361142 0.00180803
0.00354171 0.00256387
0.00349607 0.000849066
0.00364841 0.000188734
0.00363079 0.000403149
0.00371564 0
0.00374271 0.00276
0.00363575 0.000638977
0.00365972 0.00235734
0.00377966 0.00195259
0.00382454 0.00214705
0.00365112 0.00132952
0.00374352 0.00157604
0.00389213 0.00235095
0.00369008 0.00103476
0.00390009 0.00175993
0.00385763 0.00255686
0.00377515 0.000821277
0.00389624 0.000268042
0.00384926 0.000539296
0.00399194 0
0.0040183 0.00276
0.00404664 0.00193211
0.00405907 0.00214029
0.00391922 0.00139174
0.00385458 0.00118154
0.0040148 0.00158536
0.00409995 0.00238064
0.00426824 0
0.00399984 0.000993613
0.00421089 0.00171451
0.00418517 0.00256902
0.0039896 0.000750913
0.004172 0.000277335
0.00408378 0.000521455
0.00429389 0.00276
0.00431615 0.00195792
0.00426735 0.00217886
0.00420155 0.00144318
0.00412229 0.00121863
0.00436932 0.00238297
0.00440038 0.000182299
0.00454454 0
0.00421245 0.000797775
0.00429796 0.00102317
0.00447612 0.00174867
0.00443707 0.00151198
0.00449773 0.00256916
0.00432384 0.000572127
0.00443702 0.000390805
0.00456948 0.00276
0.0045091 0.00216244
0.00461891 0.00197882
0.00439683 0.00125543
0.0046292 0.00236589
0.00464625 0.000239183
0.00482083 0
0.00472373 0.00178334
0.0044915 0.000797985
0.00457418 0.00103948
0.00469733 0.00154998
0.00464826 0.00131686
0.0048003 0.00252734
0.00461341 0.000550173
0.00484507 0.00276
0.00479972 0.00219879
0.00491605 0.00194697
0.00483334 0.000339511
0.00502733 0.000235728
0.00509713 0
0.00493006 0.00165528
0.00481918 0.000591121
0.00499172 0.00236927
0.00479301 0.000814857
0.00480204 0.00112552
0.00493733 0.00138765
0.00512086 0.00257476
0.00512067 0.00276
0.00508582 0.00215959
0.00520178 0.0019537
0.00512551 0.00175895
0.00502303 0.000558902
0.00520122 0.000412694
0.00530061 0.000201341
0.00537343 0
0.0051714 0.00151941
0.00526989 0.00236682
0.00498022 0.000963064
0.00513454 0.000789613
0.00504962 0.00118747
0.00526246 0.00127837
0.00543917 0.00255023
0.00539626 0.00276
0.00537016 0.00215747
0.00538041 0.00170334
0.00543451 0.00192833
0.00532067 0.000633303
0.00545415 0.000416389
0.0055834 0.000203264
0.00564973 0
0.00541546 0.00146188
0.00556975 0.00232063
0.00524229 0.00100901
0.00547946 0.000852345
0.00557559 0.0012817
0.00546635 0.00108954
0.00571711 0.00256139
0.00567185 0.00276
0.00562909 0.00205363
0.005633 0.00154231
0.00563795 0.00178921
0.00560688 0.000635093
0.00570455 0.000412923
0.005881 0.000256011
0.00592602 0
0.00581764 0.0023749
0.0058242 0.00215054
0.00580085 0.000813414
0.00573697 0.001058
0.00582872 0.00135122
0.00594744 0.00276
0.0060006 0.00255267
0.00586856 0.00188554
0.00585824 0.00163642
0.00588727 0.000561926
0.0061427 0.000228514
0.00611712 0.000476211
0.00620232 0
0.00604215 0.00229903
0.00605059 0.00202897
0.00609196 0.000742558
0.00603772 0.000974261
0.00598633 0.00117073
0.00604148 0.00152291
0.00612102 0.00133023
0.00622303 0.00276
0.00623383 0.00248466
0.00612644 0.00174379
0.00640527 0.000198474
0.0063651 0.000430997
0.00634043 0.000663985
0.00647862 0
0.0062415 0.00219744
0.00626048 0.00193363
0.00658531 0.000384086
0.00630972 0.000930133
0.00628517 0.00116931
0.00629767 0.00149048
0.00646728 0.00256097
0.00649863 0.00276
0.00642901 0.00230953
0.00642248 0.00174232
0.00667741 0.00018646
0.00661331 0.000606282
0.00652861 0.00083219
0.00675492 0
0.00644697 0.00203867
0.00681886 0.000403783
0.00687047 0.000621616
0.00658953 0.00107066
0.00649583 0.00128345
0.00653086 0.00149486
0.00678442 0.00257809
0.00664511 0.0024051
0.00677422 0.00276
0.00664898 0.00216757
0.00668477 0.00163373
0.00664165 0.0019001
0.00694594 0.000211827
0.00676641 0.000846188
0.00703122 0
0.00706853 0.000464703
0.00703191 0.000786831
0.0067589 0.00132572
0.00688026 0.00106377
0.00687153 0.00232611
0.00707179 0.00252617
0.00704981 0.00276
0.00686544 0.00206498
0.0069121 0.00153661
0.00687334 0.00180916
0.007203 0.000212007
0.00730751 0
0.00732503 0.000403725
0.0072529 0.000626618
0.00712673 0.00103675
0.00727491 0.000877979
0.00705262 0.00127833
0.00709505 0.00224212
0.0073254 0.00276
0.00729537 0.00242276
0.00710192 0.00198892
0.00710647 0.00174572
0.00713936 0.00150406
0.00749469 0.00022987
0.00758381 0
0.00752601 0.000539887
0.00746279 0.000762544
0.00732666 0.00117097
0.00750591 0.00100769
0.00746671 0.00255051
0.0076869 0.000380417
0.00734523 0.00139378
0.00734235 0.00215535
0.00760099 0.00276
0.00757511 0.00230174
0.00734878 0.00190451
0.00735203 0.00165757
0.00779484 0.000197411
0.00786011 0
0.00780134 0.0005823
0.00768141 0.000792
0.00760761 0.0012512
0.00777999 0.00103213
0.00770939 0.00254716
0.0079621 0.000389229
0.00757612 0.0015258
0.00759983 0.00203435
0.00787659 0.00276
0.00783752 0.00235898
0.00784413 0.00214227
0.00760035 0.00178024
0.0080981 0.000204239
0.00813641 0
0.00805191 0.000610464
0.00793832 0.000815034
0.00779726 0.00142867
0.00792395 0.00123982
0.00807231 0.00102062
0.00798478 0.00254769
0.00822467 0.000446439
0.00785182 0.00165713
0.00786333 0.00188962
0.00815218 0.00276
0.0080996 0.00230193
0.0080924 0.00201819
0.00839429 0.000220347
0.0084127 0
0.0082272 0.00076574
0.00806042 0.00148666
0.00820241 0.00126343
0.00833677 0.00103053
0.00823828 0.0025432
0.00842264 0.000531844
0.00815002 0.00174549
0.00842777 0.00276
0.00830857 0.00216518
0.00839834 0.00240236
0.00836055 0.0019414
0.008689 0
0.00863598 0.000331291
0.00848084 0.000810252
0.00833017 0.00150979
0.00847465 0.00127544
0.00861068 0.00104334
0.00863484 0.000605943
0.01656 0.00276
0.01656 0.00261623
0.0086209 0.00248504
0.00847612 0.00172325
0.00870336 0.00276
0.00857946 0.00217394
0.0086194 0.00191984
0.0089653 0
0.00885237 0.000232973
0.00885337 0.000544795
0.00875644 0.000819935
0.00861217 0.00151842
0.00874521 0.0012746
0.0088868 0.00105579
0.0163799 0.00276
0.0164117 0.00262691
0.0164945 0.00255324
0.01656 0.002484
0.00886728 0.00254977
0.00882818 0.00229271
0.00902571 0.000391969
0.00881274 0.00175088
0.00897895 0.00276
0.00884223 0.00201698
0.0092416 0
0.00912961 0.000186624
0.00900925 0.00080617
0.00911983 0.000606828
0.00885878 0.00149929
0.00902855 0.00130636
0.00914639 0.00102593
0.0162336 0.00262861
0.0161157 0.00276
0.0164258 0.002484
0.00909103 0.00245342
0.00903389 0.00216389
0.00927252 0.000378269
0.01656 0.000276
0.01656 0
0.00927257 0.00122347
0.00935261 0.00057711
0.0091188 0.00190762
0.00907067 0.00162595
0.00925455 0.00276
0.00951789 0
0.00941381 0.00019011
0.00931304 0.000805314
0.00926253 0.00146107
0.00943386 0.00102919
0.0159954 0.00261619
0.0162367 0.002484
0.0158448 0.00276
0.00925237 0.0021818
0.00933484 0.0024962
0.00954154 0.000388981
0.016437 0.000142256
0.0163876 0.000276
0.016323 0
0.00951693 0.00128022
0.00956152 0.000618783
0.0094613 0.00226938
0.00946756 0.00198593
0.00933282 0.00174964
0.00953014 0.00276
0.00979419 0
0.00969838 0.000202035
0.0096079 0.000841155
0.0094655 0.0015622
0.00971351 0.0010528
0.0159523 0.002484
0.0157277 0.00261757
0.0155738 0.00276
0.00959423 0.00251268
0.00979575 0.000430415
0.0161887 0.000143867
0.0161649 0.000276
0.0160616 0
0.00966464 0.00147244
0.00980268 0.00126852
0.00979002 0.000651223
0.00968108 0.00223018
0.00978062 0.00196745
0.0096618 0.00173843
0.00980573 0.00276
0.00997846 0.000257001
0.0100705 0
0.009909 0.000838878
0.00999764 0.0010625
0.0156599 0.002484
0.0154496 0.00261857
0.0153028 0.00276
0.00985332 0.00249677
0.0100318 0.000574484
0.0159396 0.000140303
0.0158912 0.000276
0.0157997 0
0.00989947 0.00152102
0.0100481 0.00130319
0.00993093 0.00222008
0.01656 0.002208
0.0100622 0.00195462
0.0099899 0.00172705
0.0100813 0.00276
0.0102277 0.000181274
0.0102308 0.000390932
0.0103468 0
0.0101964 0.000864337
0.0102565 0.00115979
0.0153674 0.002484
0.0151734 0.00261842
0.0150319 0.00276
0.0101025 0.00247161
0.0102646 0.000635273
0.0156834 0.000142627
0.0156109 0.000276
0.0155377 0
0.0102095 0.00147703
0.0101716 0.00218738
0.0165582 0.00220637
0.01656 0.00220525
0.0165572 0.002208
0.0103569 0.00276
0.010314 0.00235942
0.0104624 0.000488034
0.0103121 0.00175442
0.0103176 0.00197723
0.010389 0.00257688
0.0104799 0.000223071
0.0106231 0
0.0104629 0.000983819
0.0104823 0.000747253
0.0104854 0.00127637
0.0150749 0.002484
0.0149005 0.00261934
0.0147609 0.00276
0.0154227 0.00014111
0.0153307 0.000276
0.0152758 0
0.0104498 0.00155285
0.0104586 0.00216278
0.0165577 0.00220405
0.0165556 0.00220584
0.01656 0.0022025
0.0165544 0.002208
0.0106325 0.00276
0.0105695 0.00237638
0.0106641 0.00037423
0.0107062 0.000596844
0.0106781 0.00107578
0.0106483 0.00145149
0.010654 0.00174165
0.0105819 0.00194164
0.0107184 0.00256776
0.010771 0.000184755
0.0108994 0
0.0107511 0.000826461
0.0108043 0.00127402
0.0147824 0.00248403
0.0146195 0.00261871
0.01449 0.00276
0.0151595 0.000139829
0.0150505 0.000276002
0.0150138 0
0.0107317 0.00215308
0.0165553 0.00220344
0.0165576 0.00220147
0.0165526 0.00220535
0.01656 0.00219974
0.0165516 0.002208
0.0109081 0.00276
0.0108309 0.00237112
0.0109031 0.000396538
0.0109635 0.000612759
0.0109189 0.00100813
0.0108119 0.0015687
0.0111837 0.00276
0.0109542 0.00173744
0.01091 0.00196524
0.0110327 0.00251457
0.0110478 0.000194906
0.0111757 0
0.011063 0.000799789
0.0110458 0.00119284
0.0109815 0.00145572
0.01449 0.002484
0.0143188 0.00260521
0.0142145 0.00276
0.014894 0.00013998
0.0147702 0.00027598
0.0147519 0
0.0110132 0.0022194
0.0165551 0.00220066
0.0165529 0.00220273
0.0165574 0.00219879
0.0165493 0.0022055
0.0165503 0.00220296
0.01656 0.00219699
0.0165488 0.002208
0.0111555 0.000401395
0.0112466 0.000602735
0.0111941 0.000984374
0.0113072 0.00255544
0.0114593 0.00276
0.0165461 0.002208
0.01656 0.00218873
0.0117349 0.00276
0.01656 0.00219149
0.01656 0.00219424
0.0111786 0.00137232
0.0165475 0.00220294
0.0111943 0.00185395
0.0111792 0.0016158
0.0112369 0.00207544
0.011259 0.00231389
0.0113318 0.000197517
0.011452 0
0.0113685 0.000787809
0.0113112 0.00119258
0.0141614 0.00245992
0.0140003 0.00258899
0.013939 0.00276
0.0146235 0.000140131
0.01449 0.000276
0.01449 0
0.0165522 0.00220028
0.0165547 0.00219828
0.0165572 0.00219624
0.0165458 0.00220544
0.0165494 0.00220027
0.0114148 0.000395518
0.0115355 0.000571403
0.011457 0.000998517
0.0114838 0.00237298
0.0115934 0.00256709
0.0165433 0.002208
0.0165574 0.00218967
0.0165578 0.0021868
0.01656 0.00218598
0.0120105 0.00276
0.0118608 0.00255803
0.0165577 0.00219211
0.0165566 0.00219399
0.0113799 0.00145625
0.0165464 0.00220043
0.0165443 0.00220221
0.0165404 0.002208
0.0121253 0.00256317
0.0114267 0.00169613
0.0114772 0.00192909
0.0115487 0.00215062
0.0116343 0.000263881
0.0117283 0
0.0116597 0.000799783
0.0115353 0.00126606
0.0139418 0.00242867
0.0137698 0.00256845
0.0136636 0.00276
0.0143249 0.000159115
0.0141614 0.000300084
0.0142138 0
0.0165512 0.00219736
0.016554 0.00219536
0.0165423 0.00220458
0.0165475 0.00219812
0.0117781 0.000512825
0.0116632 0.00106978
0.0117346 0.00234583
0.0165553 0.0021876
0.0165546 0.00219176
0.0165576 0.00218392
0.01656 0.00218323
0.0122861 0.00276
0.0120035 0.0023558
0.0116145 0.00149741
0.0165441 0.00219857
0.0165415 0.00220095
0.0165396 0.00220549
0.0165375 0.002208
0.0123815 0.00258266
0.0122759 0.00237159
0.01656 0.00217772
0.01656 0.00217497
0.01656 0.00218048
0.0137582 0.00246321
0.0116888 0.00175072
0.0117782 0.00194664
0.0118696 0.00214574
0.0119461 0.00026197
0.0120046 0
0.0118635 0.00100612
0.0119273 0.000744526
0.0118028 0.00128754
0.0138065 0.00240077
0.0135316 0.00257963
0.0136395 0.00248194
0.0133884 0.00276
0.014033 0.000187097
0.0139385 0.000332016
0.0139376 0
0.0165484 0.00219546
0.0165512 0.00219359
0.0165389 0.00220277
0.0165457 0.0021955
0.012031 0.00051536
0.0165525 0.00218917
0.0165544 0.00218437
0.0165566 0.00218138
0.0125617 0.00276
0.0121501 0.00216384
0.0118266 0.0015666
0.0165409 0.00219772
0.0165429 0.00219482
0.0165386 0.00219978
0.0165367 0.00220499
0.0165342 0.002208
0.012541 0.00245326
0.0124266 0.00219284
0.0165572 0.00217878
0.0165578 0.0021765
0.01656 0.00217222
0.0165578 0.002174
0.0136877 0.00241685
0.0131128 0.00276
0.0128372 0.00276
0.0165344 0.00220471
0.0135405 0.00246028
0.0165399 0.00219525
0.0120137 0.00172657
0.0120711 0.00193897
0.012222 0.000200409
0.0122522 0.000416327
0.0122809 0
0.0120734 0.00116654
0.0120925 0.000920857
0.0122261 0.0006934
0.0120101 0.00144611
0.0137104 0.0023675
0.0132875 0.00256607
0.0134244 0.00244874
0.0136056 0.00240672
0.0138223 0.000267532
0.0137974 0.000150351
0.0137704 0.000326488
0.0138065 0.000359235
0.0136617 0
0.0165478 0.00219263
0.0165495 0.00219046
0.0165355 0.00220202
0.0165452 0.00219231
0.0165498 0.00218756
0.016551 0.0021838
0.0165541 0.00217969
0.0127822 0.002483
0.0123214 0.0019806
0.0165373 0.00219666
0.0165432 0.00219106
0.0165405 0.00219222
0.016536 0.00219917
0.0165321 0.00220434
0.0165305 0.002208
0.0126521 0.00224175
0.0125883 0.00197738
0.0165554 0.00217603
0.0165578 0.00217104
0.01656 0.00216941
0.0165555 0.00217277
0.0136511 0.00238318
0.0130322 0.00254874
0.0135283 0.00239316
0.0165374 0.00219335
0.0125572 0
0.0136378 0.00233304
0.0165509 0.00217961
0.0122047 0.00133513
0.013711 0.000359734
0.0136183 0.00236035
0.012259 0.00157047
0.0123555 0.00176305
0.0125149 0.000225997
0.0124828 0.000515557
0.0123131 0.000968404
0.0123873 0.00116411
0.0124674 0.000775547
0.013662 0.002346
0.0132515 0.00239257
0.0134436 0.00233775
0.0135621 0.00234386
0.0136729 0.00024311
0.013677 0.000320127
0.0135539 0.000161997
0.0137264 0.000386061
0.013386 0
0.016546 0.00218887
0.0165325 0.00220021
0.0165473 0.00218459
0.0165477 0.00217868
0.0165518 0.00217568
0.0130361 0.00232105
0.0128378 0.00215898
0.0165342 0.0021946
0.0165332 0.00219733
0.0165415 0.0021889
0.0165381 0.00219001
0.0165294 0.00220143
0.0165279 0.00220453
0.0165261 0.002208
0.0128517 0.00189703
0.0126474 0.00174164
0.0165565 0.0021688
0.01656 0.00216638
0.0165525 0.00217158
0.0165341 0.00219137
0.0128335 0
0.0136691 0.00231618
0.0136147 0.00230555
0.0124296 0.00139825
0.0136533 0.000364159
0.0136766 0.00038441
0.01656 0.00216296
0.0131098 0
0.0135985 0.000316065
0.0126008 0.00152921
0.0127397 0.000365665
0.0127012 0.000667656
0.0126103 0.000969893
0.0126341 0.00124912
0.0137172 0.00232152
0.0133138 0.00222667
0.0135281 0.00225377
0.013501 0.000291163
0.0136019 0.00036713
0.0133673 0.000228247
0.0136868 0.000402398
0.0131882 0.000233824
0.0165417 0.00218536
0.0165447 0.00218488
0.0165278 0.0021977
0.0165438 0.00217933
0.0165439 0.00217373
0.0165482 0.00217212
0.0130781 0.00208899
0.01653 0.00219394
0.0165386 0.00218634
0.016535 0.00218734
0.0165233 0.00220127
0.0165207 0.002208
0.0129149 0.00161529
0.0130809 0.0018319
0.0165533 0.00216708
0.0165571 0.00216471
0.0165498 0.00216718
0.0165311 0.00218814
0.0129613 0.00027562
0.0136898 0.00228233
0.013648 0.00224605
0.0136346 0.000388196
0.0136568 0.000399656
0.01656 0.00215911
0.013516 0.000362154
0.013645 0.000413324
0.0136294 0.000406961
0.0165265 0.00218806
0.0128692 0.00135025
0.0129538 0.000571597
0.012877 0.000851932
0.0128359 0.00109592
0.0137556 0.00225044
0.0138065 0.00229123
0.0132903 0.00198524
0.0134779 0.00210168
0.0136246 0.00214651
0.0133519 0.000365453
0.0136027 0.000411672
0.0135547 0.000412161
0.013662 0.000414
0.013161 0.000435971
0.0165354 0.00218245
0.0165398 0.00218006
0.0165232 0.00219343
0.0165384 0.00217111
0.0165383 0.00217515
0.0165456 0.00216716
0.0165405 0.0021678
0.0165145 0.00220234
0.0165168 0.00219672
0.0165138 0.002208
0.0132461 0.00166239
0.0131214 0.00140392
0.0165559 0.0021606
0.016551 0.00216276
0.0165288 0.00218184
0.0137352 0.00218254
0.01656 0.00215396
0.0134583 0.000419299
0.013656 0.000430375
0.0136291 0.000433959
0.0165205 0.00218517
0.01656 0.00178729
0.01656 0.00199054
0.01656 0.00187258
0.01656 0.00180976
0.01656 0.00179773
0.01656 0.00202435
0.01656 0.00200639
0.01656 0.00177718
0.0135216 0.000478511
0.0165426 0.00216328
0.0130743 0.00109832
0.0132289 0.000639356
0.013101 0.000824972
0.0138572 0.00218205
0.0139497 0.00226179
0.0134745 0.00184433
0.0136695 0.0019662
0.0138087 0.00205862
0.0133856 0.000514405
0.0135998 0.000467758
0.0136856 0.000425099
0.0165321 0.00217565
0.0165137 0.00219071
0.0165344 0.00216311
0.0165309 0.00216808
0.0165469 0.00215853
0.0165378 0.00216092
0.0165044 0.002208
0.0165052 0.00219723
0.0135194 0.00159617
0.0133841 0.00140036
0.0132922 0.0011814
0.0165526 0.00215461
0.0165247 0.00217733
0.01656 0.00214655
0.0136648 0.000462202
0.0165158 0.00217697
0.016511 0.00218299
0.0165576 0.00178799
0.01656 0.00197563
0.0165572 0.00198909
0.016558 0.00187686
0.01656 0.00188988
0.01656 0.00185543
0.0165576 0.00180108
0.01656 0.0018234
0.016558 0.00181663
0.0165568 0.00200837
0.0165559 0.00202746
0.01656 0.00204472
0.0165576 0.00177446
0.01656 0.00176582
0.0135533 0.000555647
0.0165414 0.00215559
0.01656 0.00171784
0.01656 0.00161682
0.01656 0.0015506
0.01656 0.00192509
0.01656 0.0016591
0.01656 0.00163423
0.01656 0.00159336
0.01656 0.00173715
0.01656 0.00206791
0.01656 0.00169634
0.01656 0.00196035
0.01656 0.00167637
0.01656 0.00194347
0.01656 0.00160917
0.01656 0.00190681
0.01656 0.00164542
0.01656 0.00160174
0.01656 0.00183879
0.01656 0.00175286
0.0165529 0.00214597
0.0165578 0.0019512
0.01656 0.0016249
0.0133485 0.000914063
0.0134694 0.000698928
0.0140054 0.00208695
0.0141614 0.00223208
0.0137412 0.00174403
0.0139557 0.00187044
0.0136599 0.000531493
0.0137294 0.000443047
0.016521 0.00217004
0.0165024 0.00218572
0.0165341 0.00214993
0.0165275 0.00215556
0.0165226 0.00215993
0.0165439 0.00214711
0.0164915 0.002208
0.0164907 0.0021931
0.0137624 0.00153013
0.0136303 0.00133609
0.0135299 0.00112145
0.01656 0.00213498
0.0137348 0.000498753
0.0165055 0.00217238
0.0165553 0.00177873
0.016555 0.00179717
0.016557 0.00196817
0.0165542 0.00197981
0.016554 0.00200116
0.0165575 0.00190337
0.0165567 0.00185362
0.0165558 0.00188795
0.0165559 0.00181228
0.0165573 0.00183294
0.0165549 0.0020523
0.0165524 0.00202667
0.0165573 0.00176167
0.0136528 0.000653447
0.0165578 0.00171775
0.0165573 0.00161494
0.01656 0.00156037
0.0165581 0.00155042
0.01656 0.00154168
0.0165577 0.00192663
0.0165576 0.00165781
0.0165577 0.00163669
0.01656 0.00158365
0.0165579 0.00159385
0.0165572 0.00174256
0.0165529 0.00207526
0.01656 0.00209309
0.0165574 0.00168894
0.0165571 0.00160493
0.0165477 0.00213672
0.0165557 0.00194268
0.0165563 0.00162498
0.01656 0.0015049
0.01656 0.00145425
0.01656 0.00141838
0.01656 0.00211733
0.01656 0.00157234
0.01656 0.0014415
0.01656 0.00153189
0.01656 0.00152007
0.01656 0.00142973
0.0136509 0.000881636
0.0142229 0.00201725
0.01449 0.002208
0.0139985 0.00157318
0.0141887 0.00175367
0.0137924 0.000579743
0.0138065 0.000468765
0.0165123 0.00215852
0.0164892 0.00217759
0.0165347 0.00212981
0.0165225 0.00213767
0.0165146 0.00214523
0.016474 0.002208
0.0164733 0.00219044
0.0138883 0.00134094
0.0138023 0.00111659
0.0165483 0.00212113
0.0164887 0.00216087
0.0165016 0.00215939
0.0165527 0.00178864
0.0165543 0.00175904
0.0165543 0.00182159
0.0165536 0.00195459
0.0165506 0.00196972
0.0165505 0.00199801
0.0165543 0.00191805
0.0165538 0.00187159
0.0165529 0.00183788
0.0165493 0.00204869
0.0165478 0.00202115
0.0138219 0.000745435
0.0165551 0.00171811
0.0165541 0.00161339
0.0165575 0.00156217
0.0165558 0.00154996
0.0165574 0.00153982
0.0165552 0.00167052
0.0165547 0.00163899
0.016557 0.00157863
0.0165551 0.00159421
0.0165456 0.00207188
0.0165504 0.00209979
0.01656 0.00148671
0.0165574 0.00150695
0.0165577 0.00145566
0.01656 0.00146932
0.01656 0.00140745
0.0165581 0.00142014
0.0165576 0.00143635
0.0165571 0.0015266
0.01656 0.00117129
0.01656 0.00108533
0.01656 0.00123639
0.01656 0.00137337
0.01656 0.00134747
0.01656 0.00131803
0.01656 0.00130039
0.01656 0.00127874
0.01656 0.00125449
0.01656 0.00122171
0.01656 0.00139664
0.01656 0.00138533
0.01656 0.00120868
0.01656 0.00107673
0.01656 0.00136079
0.01656 0.00119619
0.01656 0.00118371
0.01656 0.00106751
0.0165514 0.00190214
0.0165577 0.00118899
0.0165578 0.0010736
0.0139627 0.000933038
0.0144211 0.00191855
0.0147689 0.002208
0.0146368 0.00201944
0.0140755 0.0012342
0.0142249 0.00146959
0.014416 0.00165942
0.0139414 0.000496641
0.0139796 0.000659106
0.0164963 0.00214204
0.0164657 0.00217421
0.0165174 0.00211118
0.016537 0.00209997
0.0165241 0.00209089
0.0165039 0.00212578
0.0164504 0.002208
0.0164707 0.00214379
0.0165495 0.00177282
0.0165497 0.00180865
0.0165515 0.00173504
0.0165493 0.00194099
0.0165444 0.00198178
0.0165491 0.00185428
0.0165413 0.00203118
0.0165528 0.0016901
0.016551 0.0016217
0.0165518 0.00159384
0.0165548 0.00156277
0.0165532 0.00154893
0.0165547 0.00153722
0.0165517 0.00165239
0.0165533 0.00157621
0.0165391 0.00206866
0.0165568 0.00147931
0.0165544 0.00149952
0.0165543 0.0015198
0.0165549 0.00144793
0.0165574 0.00140658
0.0165556 0.00142338
0.01656 0.00115903
0.0165573 0.00117305
0.0165575 0.00108547
0.01656 0.00109367
0.0165573 0.00123659
0.0165576 0.00137297
0.01656 0.00133349
0.0165575 0.00135206
0.0165576 0.00131771
0.0165575 0.00128942
0.0165574 0.00125931
0.0165571 0.00121823
0.016557 0.0013896
0.0165573 0.00120323
0.0165575 0.00106408
0.01656 0.00105743
0.016547 0.00191267
0.0165554 0.00119237
0.0165553 0.00107352
0.01656 0.00110211
0.01656 0.00114825
0.01656 0.00112035
0.0164167 0.002208
0.01656 0.00111113
0.01656 0.00113884
0.01656 0.00112959
0.0164506 0.00215873
0.0165434 0.00187676
0.0165474 0.00160125
0.0165554 0.00126892
0.0142184 0.00100092
0.0141609 0.000766701
0.0146597 0.0017887
0.0148757 0.00194569
0.0150479 0.002208
0.014343 0.00121903
0.0144747 0.00141421
0.0146446 0.00156379
0.0141614 0.000527916
0.0164717 0.00211484
0.0164204 0.00217455
0.0165048 0.00206932
0.0164885 0.0020953
0.0165279 0.00205554
0.0164282 0.00213298
0.0165429 0.00181
0.0165443 0.00174797
0.0165479 0.00169178
0.0165397 0.00193931
0.0165323 0.0019975
0.0165464 0.00164271
0.0165474 0.00157876
0.0165504 0.00155707
0.0165513 0.00153485
0.0165531 0.00147736
0.0165507 0.00151257
0.0165511 0.00144514
0.0165525 0.00141308
0.0165544 0.00139593
0.0165572 0.00115216
0.0165542 0.00116998
0.0165551 0.00109043
0.0165575 0.00110152
0.0165541 0.00122681
0.0165543 0.0012461
0.0165549 0.00136654
0.0165553 0.00133604
0.016555 0.0013059
0.0165544 0.00121055
0.0165575 0.00105213
0.016555 0.00106036
0.01656 0.00104668
0.0165527 0.00119372
0.0165529 0.00107745
0.0165527 0.00106583
0.0165573 0.0011186
0.0163633 0.002208
0.0165569 0.00113496
0.0165342 0.00186858
0.0165414 0.00161788
0.0165538 0.00127943
0.01656 0.00095017
0.01656 0.00103543
0.0164359 0.00209751
0.01656 0.000932265
0.01656 0.00102363
0.01656 0.00101128
0.01656 0.000998155
0.01656 0.000914077
0.01656 0.000983621
0.01656 0.000967472
0.0165552 0.0010488
0.0153268 0.002208
0.0165576 0.00100536
0.0144685 0.000974835
0.0143748 0.000744706
0.0148849 0.00161932
0.0150493 0.0017741
0.0151196 0.00199962
0.0146113 0.00121249
0.0147614 0.0013888
0.01449 0.000552
0.0164396 0.00206095
0.0163539 0.00213805
0.0164825 0.00200607
0.0165116 0.00200912
0.0164744 0.00205412
0.0163765 0.00207701
0.0165323 0.00176841
0.0165384 0.00168879
0.0165241 0.00193951
0.0165371 0.00158494
0.0165436 0.0015592
0.0165453 0.00152865
0.0165483 0.00148752
0.0165461 0.00143775
0.0165484 0.00138967
0.0165518 0.00136278
0.0165542 0.00114656
0.0165515 0.00115946
0.0165495 0.00118533
0.0165547 0.00110932
0.0165533 0.00109821
0.016551 0.0010846
0.0165509 0.00121373
0.0165503 0.00123668
0.0165516 0.00126499
0.0165516 0.00131235
0.016557 0.00103466
0.0165521 0.0010532
0.0165498 0.00106716
0.0165541 0.00112307
0.0162727 0.002208
0.0165537 0.00113458
0.0165175 0.00183537
0.0165317 0.00163842
0.0165577 0.000952728
0.0165576 0.00092803
0.0165575 0.00101892
0.0165572 0.000990796
0.016558 0.000904796
0.01656 0.000896069
0.016557 0.000972919
0.016554 0.00103974
0.0153241 0.0019734
0.0155179 0.00202707
0.0156057 0.002208
0.016555 0.000999095
0.0165555 0.00101193
0.01656 0.000826601
0.01656 0.000863073
0.0161178 0.002208
0.01656 0.000878961
0.0158841 0.002208
0.0147007 0.00101095
0.0146686 0.000771295
0.0150258 0.00140431
0.0151782 0.00156656
0.0152966 0.00176425
0.0149111 0.00119502
0.0147661 0.000552007
0.0164295 0.00199501
0.0163642 0.00199825
0.0162432 0.00204519
0.0164956 0.00191552
0.0164502 0.0019374
0.0165186 0.00169803
0.016533 0.00154051
0.0165217 0.00159783
0.0165411 0.00147946
0.0165411 0.00139036
0.016547 0.00133292
0.01655 0.00114393
0.0165459 0.00116627
0.0165458 0.00121295
0.0165503 0.00110474
0.0165469 0.00107541
0.0165471 0.0012714
0.0165545 0.001021
0.0165533 0.00103004
0.0165504 0.00104001
0.0165474 0.00105519
0.0165501 0.00112768
0.0164918 0.00176834
0.016555 0.00094527
0.0165554 0.000912649
0.0165542 0.000979325
0.0165566 0.000888927
0.0155518 0.00180764
0.0157565 0.00198534
0.0165528 0.00100522
0.01656 0.000836948
0.0165581 0.000826088
0.01656 0.000817985
0.0165575 0.000870537
0.0165575 0.000853724
0.01656 0.000849114
0.0160144 0.00199315
0.0148939 0.000949204
0.01656 0.000801294
0.0149812 0.000752051
0.0153247 0.00142031
0.0152 0.00122512
0.0154975 0.00157873
0.0151314 0.000982181
0.0150423 0.000551998
0.0163707 0.00187866
0.0162749 0.00190479
0.0160942 0.00181729
0.0164452 0.00182883
0.0164968 0.00162298
0.0165306 0.00146828
0.0165117 0.00152642
0.0165398 0.00130476
0.0165309 0.0013675
0.016544 0.00113773
0.0165386 0.00115704
0.0165376 0.0011972
0.0165395 0.00124309
0.0165445 0.00109159
0.0165442 0.00111719
0.0165408 0.00106596
0.0165498 0.00101814
0.0165451 0.00103901
0.0164559 0.00166301
0.0165531 0.000902551
0.0165517 0.000944658
0.0165509 0.000983472
0.0165548 0.00086678
0.015806 0.00172638
0.0165572 0.000837533
0.0165578 0.000816798
0.0165557 0.000824502
0.01656 0.000809729
0.0165553 0.000846763
0.0165575 0.00080497
0.0165577 0.000797001
0.01656 0.000791711
0.0165521 0.000869825
0.015303 0.0007555
0.0154784 0.00127538
0.015396 0.00100892
0.015708 0.00142062
0.0153184 0.000552
0.0162318 0.00171212
0.0163754 0.00172538
0.0159842 0.00152958
0.0164802 0.00147341
0.0165143 0.0014118
0.016525 0.00126934
0.0165325 0.00113357
0.0165259 0.00118086
0.0165355 0.00109942
0.0165277 0.00107189
0.0165369 0.0010452
0.0165469 0.000991229
0.0165424 0.00101672
0.0164214 0.00151714
0.0165493 0.000898041
0.0165464 0.00094395
0.0165516 0.000846692
0.0165536 0.000832984
0.0165567 0.000811237
0.0165548 0.000816157
0.0165525 0.000822032
0.0165552 0.000798352
0.016555 0.000806453
0.0165572 0.000787498
0.01656 0.00078064
0.0165475 0.000863986
0.0155945 0.000552
0.0156126 0.000799779
0.0156583 0.00109185
0.0158829 0.00120824
0.0163216 0.00152537
0.0161863 0.00146178
0.0161007 0.00124481
0.0164972 0.00129511
0.0164549 0.00129503
0.0165061 0.00119075
0.0165159 0.0011202
0.0165291 0.00101971
0.0165105 0.00105363
0.0165385 0.000981824
0.0163813 0.00132234
0.0165424 0.00089275
0.016537 0.000931913
0.0165461 0.00084192
0.0165484 0.000827427
0.0165531 0.000811098
0.016551 0.000816454
0.0165523 0.000796281
0.0165547 0.00078763
0.0165519 0.000804845
0.0165574 0.000775632
0.01656 0.000767805
0.0165397 0.000858999
0.01656 0.000754092
0.0158706 0.000552
0.015864 0.000883819
0.0160814 0.00098847
0.016289 0.00121694
0.0162508 0.00101345
0.0164799 0.00112398
0.0164169 0.00113513
0.0165219 0.000963782
0.0164947 0.0009963
0.0165276 0.00088889
0.0165396 0.000829184
0.0165474 0.000813231
0.0165476 0.00079872
0.0165515 0.000784987
0.0165548 0.000772953
0.0165575 0.000762021
0.0165295 0.000846975
0.0165572 0.000748641
0.01656 0.000740042
0.0160862 0.000739995
0.016102 0.000552
0.0162537 0.000819738
0.0163753 0.000992448
0.0163584 0.000862904
0.0164562 0.000967243
0.0165028 0.00090667
0.0165113 0.000846849
0.0165394 0.000809108
0.0165247 0.000816828
0.0165476 0.000780055
0.0165407 0.000793318
0.0165516 0.000765909
0.0165547 0.000757421
0.0165541 0.000744591
0.0165562 0.000733358
0.01656 0.00072462
0.0165521 0.000729921
0.0162708 0.000657786
0.016254 0.000552
0.0163607 0.000708476
0.0163703 0.00077621
0.0164312 0.000833055
0.0164776 0.000849705
0.0165005 0.000799995
0.0165283 0.00078841
0.0165451 0.000758405
0.0165408 0.000773577
0.01655 0.000747751
0.0165548 0.000715552
0.01656 0.000707476
0.0165492 0.000710123
0.0165473 0.000727977
0.01656 0.000687884
0.0163774 0.000619307
0.0163461 0.000552
0.0164349 0.000734119
0.0164124 0.000672257
0.0164788 0.000756238
0.0165131 0.000764213
0.0165311 0.000749317
0.0165399 0.000733284
0.0165533 0.000691582
0.0165404 0.000706182
0.0165468 0.000691342
0.01656 0.000666369
0.016539 0.000681327
0.0164538 0.000677693
0.0164345 0.000590292
0.0164347 0.000632337
0.016403 0.000552
0.0164905 0.000685878
0.0164656 0.000639926
0.0165109 0.000716505
0.016527 0.000697765
0.0165486 0.000665659
0.01656 0.000645005
0.0165336 0.000662152
0.0164861 0.000651511
0.0164398 0.000552
0.0164692 0.000584251
0.0164573 0.000570064
0.0164673 0.000610267
0.0165141 0.000644568
0.0165037 0.000640225
0.0165201 0.000661189
0.0164909 0.000625081
0.0165475 0.000641889
0.01656 0.00062799
0.0165363 0.000638349
0.0164649 0.000552
0.0164791 0.000566227
0.0164849 0.000594685
0.0164893 0.000578412
0.0164983 0.000606389
0.0165212 0.000622526
0.0165311 0.000626476
0.0165116 0.000617045
0.0165468 0.00062205
0.01656 0.000615527
0.01656 0.000606455
0.0164832 0.000552
0.0164947 0.000565627
0.0164997 0.000588427
0.0165033 0.000576492
0.0165092 0.000596153
0.0165185 0.000602468
0.0165261 0.000607846
0.016533 0.000610707
0.0165416 0.000611161
0.0165516 0.000609858
0.0165547 0.000602455
0.01656 0.000599565
0.0164968 0.000552
0.0165029 0.000560128
0.0165081 0.000568332
0.0165114 0.000585364
0.0165139 0.000578075
0.0165185 0.000591594
0.016525 0.000593311
0.0165293 0.000597575
0.0165344 0.000600429
0.0165409 0.000601517
0.0165487 0.000600534
0.016555 0.000595723
0.01656 0.000593965
0.01656 0.00058935
0.0165451 0.000594618
0.0165163 0.000572277
0.0165072 0.000552
0.016512 0.000559302
0.0165163 0.000564576
0.0165222 0.000584475
0.0165239 0.000577067
0.0165298 0.000588324
0.0165352 0.000592027
0.0165401 0.000593788
0.0165493 0.000591856
0.016553 0.000589813
0.0165566 0.000589961
0.01656 0.000585522
0.0165569 0.000585545
0.0165444 0.000588623
0.0165214 0.000569521
0.0165157 0.000552
0.0165197 0.000557515
0.0165227 0.000563906
0.016532 0.000581624
0.016527 0.000570023
0.0165312 0.000575874
0.0165358 0.000585518
0.0165398 0.000587425
0.0165493 0.000585387
0.0165532 0.000585103
0.01656 0.00058232
0.0165576 0.000581936
0.0165546 0.000581509
0.0165425 0.00058458
0.016546 0.000584256
0.0165444 0.000580676
0.0165222 0.000552
0.0165251 0.000555677
0.0165249 0.000559496
0.0165276 0.000563692
0.0165376 0.000577361
0.0165399 0.000581307
0.0165301 0.000566698
0.0165325 0.000570628
0.0165359 0.000573241
0.0165514 0.000580122
0.0165482 0.000580568
0.01656 0.000579535
0.016557 0.000578627
0.0165537 0.000578205
0.0165469 0.000577073
0.016544 0.000577414
0.0165273 0.000552
0.0165292 0.000555988
0.0165309 0.000559164
0.0165327 0.000562706
0.0165404 0.000572975
0.0165421 0.000575632
0.0165339 0.000566714
0.0165372 0.000568319
0.0165388 0.000570696
0.0165528 0.000575633
0.0165498 0.0005767
0.01656 0.000576771
0.0165553 0.000576162
0.0165574 0.000575232
0.0165461 0.000573454
0.0165488 0.000573787
0.0165314 0.000552
0.0165331 0.000554632
0.0165347 0.000556432
0.0165362 0.000559841
0.0165369 0.000564001
0.0165441 0.000571301
0.0165419 0.000568648
0.0165401 0.000565236
0.016555 0.000573041
0.0165517 0.000573363
0.01656 0.000574019
0.0165577 0.000572416
0.01655 0.000571257
0.0165475 0.000569893
0.0165349 0.000552
0.0165367 0.000554107
0.0165375 0.000556559
0.0165396 0.000557931
0.0165398 0.00056146
0.0165465 0.000567394
0.0165435 0.000565358
0.0165422 0.000563185
0.0165532 0.000570058
0.0165568 0.000569969
0.01656 0.000571267
0.0165503 0.000568302
0.0165379 0.000552
0.0165399 0.000554646
0.0165418 0.000559274
0.0165424 0.000556629
0.016543 0.000561099
0.0165494 0.000565242
0.0165465 0.000564653
0.0165453 0.000562233
0.0165521 0.000566185
0.0165549 0.000567164
0.0165576 0.000567244
0.01656 0.000568514
0.0165407 0.000552
0.016543 0.000553951
0.0165446 0.000558834
0.0165451 0.000555397
0.0165484 0.00056247
0.0165516 0.000563125
0.0165476 0.000559625
0.0165541 0.00056436
0.0165571 0.00056453
0.01656 0.000565762
0.0165434 0.000552
0.0165462 0.000552
0.0165468 0.000557171
0.0165477 0.000554447
0.0165501 0.000560789
0.0165548 0.000562225
0.0165528 0.000560633
0.0165493 0.000556719
0.0165507 0.000558559
0.0165575 0.000561707
0.01656 0.000563009
0.016549 0.000552
0.0165506 0.000554216
0.0165556 0.000559363
0.0165534 0.000558262
0.0165521 0.00055619
0.0165579 0.000559117
0.01656 0.000560257
0.0165517 0.000552
0.0165537 0.000554125
0.016555 0.000556337
0.0165575 0.000556687
0.01656 0.000557505
0.0165545 0.000552
0.0165569 0.000554071
0.01656 0.000554752
0.0165572 0.000552
0.01656 0.000552
