0 0
0 0.00036
0.00036103 0
0.000366408 0.000254594
0 0.0036
0 0.0018
0 0.00144
0 0.00288
0 0.00216
0 0.00072
0 0.00108
0 0.00252
0 0.00324
0.000418837 0.000586195
0.00072206 0
0.000751342 0.000324931
0.000336745 0.00335494
0.000359846 0.0036
0.000369465 0.00160763
0.000306335 0.00197536
0.000327148 0.00124133
0.000311944 0.00302539
0.000279146 0.00270109
0.000335899 0.00239327
0.000283671 0.000900543
0.000543622 0.00217287
0.000608835 0.00094331
0.000870447 0.000671662
0.00108309 0
0.00111172 0.000306119
0.000622126 0.00319593
0.000719692 0.0036
0.000741915 0.00159651
0.000667455 0.00130344
0.000686288 0.00188199
0.000591207 0.00278563
0.000696428 0.00248954
0.00085773 0.00220781
0.000954183 0.00107758
0.00123196 0.000580996
0.00121945 0.000890595
0.00144412 0
0.00146604 0.000304075
0.000946744 0.0032981
0.000872799 0.00299434
0.00107954 0.0036
0.0010503 0.00142842
0.00107778 0.00173843
0.00104331 0.00201204
0.000987184 0.00273268
0.00104386 0.0024593
0.0012535 0.00226287
0.00132201 0.00126505
0.00155811 0.000680403
0.00152465 0.00103053
0.00180515 0
0.00172682 0.000367268
0.00126858 0.00332448
0.00122931 0.00300836
0.00143938 0.0036
0.00145123 0.00162038
0.00138619 0.00196357
0.0013568 0.00261949
0.00158268 0.00231523
0.0015203 0.00290511
0.00181775 0.00092565
0.00173048 0.00131853
0.00193611 0.000597169
0.00216618 0
0.00200347 0.000266641
0.00158682 0.00326115
0.00179923 0.0036
0.00183513 0.00165377
0.00171223 0.0019911
0.00174252 0.0026496
0.00193806 0.00238453
0.00180589 0.0029958
0.00217278 0.000783303
0.00204216 0.00111909
0.00215355 0.00139395
0.00229644 0.000383934
0.00252721 0
0.00196937 0.00326893
0.00215908 0.0036
0.00203492 0.00199858
0.00215303 0.00172129
0.00207897 0.00285507
0.002229 0.0022255
0.00225156 0.00256599
0.00250103 0.000696212
0.00238158 0.0010602
0.00257132 0.00132778
0.00244031 0.00160262
0.002666 0.000329836
0.00288824 0
0.0023152 0.00324368
0.00251892 0.0036
0.002438 0.00193172
0.00243446 0.00291917
0.00252072 0.00227367
0.00255634 0.00259025
0.00274871 0.00099068
0.00282016 0.000615245
0.00276314 0.00281003
0.00276463 0.00168142
0.00291923 0.00135288
0.00309647 0.000378503
0.00324927 0
0.00270691 0.00322218
0.00287877 0.0036
0.00278503 0.00205614
0.00283801 0.00241041
0.0030745 0.000791097
0.00309134 0.00109374
0.00307424 0.00263438
0.00300828 0.00298224
0.00332598 0.000681369
0.00304976 0.0019084
0.00315388 0.00162826
0.00330924 0.0013498
0.00341248 0.000239319
0.00352529 0.000477122
0.0036103 0
0.00311328 0.00327327
0.00323862 0.0036
0.00315537 0.00224029
0.00342476 0.00102398
0.00335687 0.00291241
0.00336005 0.00253694
0.0036256 0.000791458
0.00338725 0.00195428
0.00352102 0.00165368
0.00365778 0.00131323
0.00378726 0.000274523
0.00386241 0.000603083
0.00397133 0
0.00349729 0.00327414
0.00359846 0.0036
0.00355707 0.00227328
0.00383167 0.0010054
0.00373161 0.00299099
0.00366584 0.00263784
0.00376238 0.00199633
0.00395831 0.0036
0.00384351 0.00162417
0.00401306 0.0013563
0.00412887 0.000350567
0.0041272 0.000743946
0.00433236 0
0.00393573 0.00332768
0.00392446 0.00235099
0.00413741 0.00107741
0.00408843 0.00304734
0.00400934 0.00271281
0.00419731 0.00209649
0.00402142 0.00186409
0.00431815 0.0036
0.00424112 0.00165641
0.00437262 0.00132038
0.0044584 0.000268242
0.00443204 0.000579384
0.00441825 0.000950086
0.00469339 0
0.00440391 0.00325146
0.00428858 0.00246916
0.00436172 0.00285246
0.00457697 0.00222806
0.0044749 0.0018807
0.004678 0.0036
0.00478636 0.0018984
0.00463689 0.00154076
0.00469604 0.00115511
0.00476958 0.000348052
0.00469895 0.000777757
0.00505442 0
0.00480849 0.00329109
0.00471296 0.00297114
0.00462633 0.00261939
0.00495339 0.00216328
0.0048763 0.00243619
0.00503785 0.0036
0.00517604 0.00195646
0.00497351 0.00165144
0.00492663 0.000604739
0.00549182 0.00188158
0.00499279 0.00133055
0.00502805 0.000960439
0.0051278 0.000298574
0.00541545 0
0.00511189 0.00304425
0.00516872 0.00333714
0.0050144 0.00272502
0.00523121 0.00240795
0.00539769 0.0036
0.00545783 0.00218599
0.00530674 0.00157354
0.00519354 0.000648173
0.00571312 0.00171485
0.00579275 0.00212915
0.00532587 0.00116899
0.00542154 0.000830723
0.00542523 0.000431584
0.00577648 0
0.00566299 0.000279251
0.00540643 0.00280195
0.00549598 0.00324415
0.00560433 0.00249493
0.00575754 0.0036
0.00556931 0.00136836
0.00600211 0.00164468
0.00586866 0.00136023
0.00605607 0.00194973
0.00620576 0.00224857
0.00593085 0.00244888
0.00566255 0.00300826
0.00572148 0.00100758
0.00573733 0.000634435
0.00598397 0.000346402
0.00613751 0
0.00585949 0.00279915
0.00592142 0.00323049
0.00611738 0.0036
0.00623558 0.00138333
0.00629108 0.00170822
0.00604534 0.0010782
0.00643975 0.00196596
0.00620291 0.00262823
0.00647975 0.00245613
0.00659646 0.00221213
0.00610149 0.000722399
0.00633039 0.00036232
0.00649854 0
0.00622417 0.00295974
0.00629991 0.0032861
0.00647723 0.0036
0.00652729 0.00129039
0.00635707 0.00100561
0.0065851 0.00163327
0.00681601 0.00200595
0.00655919 0.00273564
0.00684812 0.0024441
0.00652741 0.000686951
0.00670826 0.000361023
0.00685957 0
0.00661112 0.00305056
0.00665421 0.00333798
0.00683708 0.0036
0.00683237 0.00134489
0.00672562 0.000999511
0.00688731 0.00167275
0.00712999 0.00221601
0.00713517 0.00184695
0.0069019 0.00282673
0.00720586 0.00258832
0.00740896 0.00197842
0.00695083 0.000720722
0.00706618 0.000336881
0.0072206 0
0.00699186 0.00324183
0.00719692 0.0036
0.00707951 0.00109808
0.00714592 0.00146046
0.00747929 0.002301
0.00741118 0.00160922
0.00718958 0.00297176
0.00747247 0.00287178
0.00756374 0.00257756
0.00765635 0.00176595
0.00774154 0.00207737
0.00727673 0.000621927
0.00736286 0.000933042
0.00745316 0.000343741
0.00758163 0
0.00742298 0.00326727
0.00755677 0.0036
0.00744192 0.00125442
0.00786996 0.00242634
0.00773849 0.00143265
0.00783914 0.00277121
0.00771135 0.00308211
0.00794019 0.00173835
0.00804647 0.00209551
0.00791662 0.0036
0.00818226 0.0024156
0.00761856 0.000731114
0.00778651 0.00107085
0.00780343 0.000502546
0.00778807 0.000241523
0.00794266 0
0.00790808 0.0033393
0.0081946 0.00275563
0.00808332 0.00139429
0.00806055 0.00304928
0.00822648 0.00180549
0.00837647 0.00215137
0.00827646 0.0036
0.00849231 0.00250906
0.00800343 0.000736482
0.00817962 0.00101005
0.00813859 0.000351464
0.00830369 0
0.00837906 0.00320838
0.00852073 0.00284967
0.00840488 0.0015849
0.0084026 0.00123581
0.00856761 0.00190874
0.00871407 0.00225308
0.00863631 0.0036
0.00883731 0.00262145
0.00864641 0.00143157
0.00836173 0.000655413
0.00856397 0.000920102
0.00851973 0.000329004
0.00866472 0
0.00876787 0.00331941
0.00878116 0.00302445
0.00878166 0.00169681
0.00876197 0.00116024
0.00892746 0.00198525
0.00905999 0.00230571
0.00899615 0.0036
0.00922295 0.00260508
0.00907365 0.00289604
0.00896809 0.00144331
0.00875953 0.000631353
0.00897161 0.00089738
0.00888903 0.000332915
0.00902575 0
0.00915195 0.0032495
0.00914451 0.00171697
0.00909506 0.001173
0.00928792 0.00201247
0.00943154 0.00231051
0.009356 0.0036
0.00957175 0.00263444
0.00940588 0.00294826
0.00930558 0.00141689
0.00918892 0.000638824
0.00936487 0.00104055
0.00920884 0.000292979
0.00938678 0
0.00957178 0.00326872
0.00950583 0.00172234
0.00966509 0.00201607
0.00979156 0.00233728
0.00971585 0.0036
0.00977692 0.00295082
0.00990367 0.00263883
0.00961058 0.00140487
0.00951829 0.00037851
0.00955031 0.000757651
0.00971642 0.00110764
0.00974781 0
0.0100008 0.00322442
0.00989976 0.00171155
0.0100311 0.00208562
0.0101667 0.00244331
0.0100757 0.0036
0.0101596 0.00283055
0.00992993 0.00138843
0.0102566 0.00183308
0.00984709 0.000569571
0.00984154 0.000264792
0.00988502 0.000873608
0.0101081 0.00111424
0.0101088 0
0.0104269 0.00299727
0.0103434 0.00331409
0.0102522 0.00143806
0.0103959 0.00219832
0.0105197 0.00259245
0.0104355 0.0036
0.0105219 0.00163773
0.0106166 0.00192886
0.0106045 0.00133455
0.0101548 0.000384421
0.0101741 0.000751257
0.0104308 0.00101242
0.0104698 0.000257808
0.0104699 0
0.0107221 0.00324227
0.0107917 0.00285792
0.0107434 0.00226732
0.0109368 0.00251043
0.0107954 0.0036
0.0108642 0.00161333
0.0109097 0.00197385
0.0109534 0.00126661
0.0107473 0.00103853
0.0104615 0.000608673
0.0107551 0.000730112
0.0107853 0.000387608
0.0108309 0
0.0110865 0.0033375
0.0111206 0.00305774
0.0111451 0.00273178
0.0111377 0.00219701
0.0113536 0.00246266
0.0111552 0.0036
0.0111595 0.00181791
0.0112233 0.00145661
0.0112467 0.00110812
0.0110497 0.000890799
0.0115151 0.0036
0.0111199 0.000570415
0.0110985 0.000265271
0.0111919 0
0.0115042 0.00327817
0.0114465 0.00288038
0.0114773 0.00204094
0.0116831 0.00264205
0.0116494 0.00230827
0.0114414 0.00172993
0.0115221 0.00118084
0.0115795 0.00147439
0.0114084 0.00078382
0.0118749 0.0036
0.0122348 0.0036
0.0114581 0.000347516
0.011553 0
0.0118015 0.0029989
0.0119568 0.00328527
0.0118008 0.0017409
0.0118704 0.00207881
0.0120126 0.00275953
0.0119715 0.00243076
0.0117337 0.000963812
0.0118885 0.00132929
0.0116711 0.000583588
0.0123218 0.00332248
0.0125946 0.0036
0.011914 0
0.0119284 0.000701791
0.0119254 0.000312955
0.0122627 0.00300929
0.0121498 0.00157644
0.012153 0.00192136
0.0122382 0.00226406
0.0123208 0.00264336
0.0120799 0.00100949
0.0122934 0.00126382
0.0126441 0.0032521
0.0129545 0.0036
0.012275 0
0.0121999 0.000638015
0.0124342 0.00177862
0.0123552 0.000305984
0.0126828 0.00288638
0.0125488 0.00149004
0.0125285 0.00209539
0.0125837 0.00245805
0.0124411 0.000918467
0.0126802 0.00113081
0.0129972 0.00323551
0.0133143 0.0036
0.012636 0
0.0125255 0.000596666
0.0127668 0.00181759
0.0128888 0.00261783
0.0127499 0.000335071
0.0131521 0.00290131
0.0128882 0.00140481
0.0128906 0.0022391
0.0128338 0.000733286
0.0130455 0.00104647
0.0133622 0.00327892
0.0136742 0.0036
0.0129971 0
0.0130582 0.00196916
0.0130553 0.00164348
0.0131942 0.00250884
0.0130983 0.000359816
0.0135185 0.0027269
0.013544 0.00303015
0.0132653 0.00135555
0.0133104 0.00215437
0.0132307 0.000688464
0.0134145 0.000989898
0.0137432 0.00330102
0.014034 0.0036
0.0133581 0
0.0133276 0.00175638
0.0135251 0.00242912
0.0134759 0.000346258
0.0138988 0.00256715
0.0138608 0.00291894
0.0135743 0.00154589
0.0136108 0.00124904
0.0137205 0.00221549
0.0135938 0.00192022
0.0136351 0.000675748
0.0138102 0.000999542
0.0140845 0.0032468
0.0143938 0.0036
0.0137191 0
0.0138233 0.00169653
0.0138598 0.000350973
0.0143019 0.00257247
0.0140967 0.00225883
0.0142101 0.0028963
0.0139377 0.00138912
0.0139623 0.0019817
0.0140379 0.000704284
0.0141369 0.00114178
0.0144589 0.00324099
0.0147537 0.0036
0.0140802 0
0.0141184 0.00170031
0.0143201 0.000908712
0.0142325 0.000333656
0.0144223 0.00224134
0.0146033 0.00288151
0.0146503 0.00247508
0.014352 0.00193189
0.0143399 0.00152115
0.0144247 0.000612254
0.0144924 0.00121162
0.0148291 0.00325679
0.0151135 0.0036
0.0144412 0
0.0146587 0.00091622
0.0146285 0.000303883
0.0147362 0.0021115
0.0150172 0.00296767
0.014891 0.00267165
0.0150112 0.0023429
0.0146905 0.00179901
0.01468 0.00148442
0.014771 0.000591093
0.0148806 0.00121223
0.0152226 0.00328023
0.0154734 0.0036
0.0148022 0
0.0149909 0.000816264
0.0150351 0.000372947
0.0151159 0.00198872
0.0152304 0.00265462
0.0154036 0.00297252
0.0153735 0.00232895
0.0149965 0.00163731
0.0151703 0.00140613
0.0152162 0.00106532
0.0156075 0.00328536
0.0158332 0.0036
0.0151633 0
0.0152896 0.000681295
0.0154145 0.000331507
0.0155421 0.00204861
0.0153993 0.00170402
0.015592 0.00266157
0.015776 0.00298043
0.0157566 0.00237732
0.0154699 0.00133341
0.0155373 0.000963523
0.0159932 0.00329207
0.0161931 0.0036
0.0155243 0
0.0156251 0.00064194
0.027 0.00324
0.0269168 0.00339611
0.027 0.0036
0.0267679 0.00340631
0.0158098 0.000384106
0.0157864 0.00181466
0.0159453 0.00212921
0.0157548 0.00150941
0.0159736 0.00269224
0.0161329 0.00299962
0.0161448 0.00242438
0.0157697 0.00117549
0.015907 0.000848022
0.0163955 0.00323666
0.0165529 0.0036
0.0158853 0
0.0267794 0.00324
0.026635 0.0036
0.0265584 0.00343459
0.016128 0.00189022
0.0161673 0.000622979
0.0161256 0.000287514
0.0161043 0.00158358
0.0163472 0.00212525
0.0160644 0.00125544
0.0163717 0.00278547
0.01645 0.00248194
0.0162591 0.00100066
0.0168018 0.00327538
0.0166532 0.00297337
0.0169128 0.0036
0.0162463 0
0.0264926 0.00324
0.0263861 0.00342329
0.0262589 0.0036
0.016424 0.00175552
0.027 0.00036
0.0262007 0.00341561
0.027 0
0.0269432 0.000187343
0.0166445 0.00227989
0.0267884 0.000198382
0.0164646 0.00037596
0.0165216 0.000758274
0.0164394 0.00139274
0.0166992 0.00197096
0.0167611 0.00262831
0.0165786 0.00111537
0.0169956 0.00292282
0.0171928 0.00322303
0.0172726 0.0036
0.0166074 0
0.0261406 0.00324
0.0258826 0.0036
0.0260167 0.00342657
0.0167455 0.00163913
0.0267842 0.00036
0.0266584 0
0.0169223 0.00227211
0.0265802 0.00017229
0.0258311 0.00341635
0.0167738 0.000277263
0.0168451 0.000591185
0.0168493 0.000967348
0.0168878 0.00131697
0.0170589 0.0019241
0.017118 0.0025684
0.0173456 0.00282362
0.0175929 0.00303921
0.0175122 0.00333522
0.0176325 0.0036
0.0169684 0
0.0257813 0.00324
0.0256481 0.00342718
0.0255064 0.0036
0.0170734 0.0015947
0.0264795 0.00036
0.0263893 0.00017355
0.0262793 0
0.0172108 0.00223428
0.0254614 0.00341812
0.0262004 0.000181382
0.0171132 0.000830366
0.0173832 0.00175056
0.0171093 0.000300598
0.0172525 0.000573894
0.0172263 0.00112429
0.0173327 0.00139567
0.0174582 0.00208355
0.0174686 0.0024473
0.0176971 0.00268688
0.0179566 0.0029502
0.0178665 0.00329039
0.0179923 0.0036
0.0173294 0
0.0254219 0.00324
0.0252801 0.00342708
0.0251301 0.0036
0.0261268 0.00036
0.0259001 0
0.0260194 0.000172575
0.0174665 0.000877469
0.0176615 0.00153513
0.0177167 0.00191547
0.0250959 0.00341405
0.0258319 0.000181591
0.0174906 0.000289991
0.0176077 0.000573002
0.0176757 0.00116379
0.0178122 0.00229931
0.0180097 0.00259529
0.0182798 0.00280056
0.0182255 0.00321702
0.0183522 0.0036
0.0176905 0
0.0250625 0.00324
0.0247538 0.0036
0.0249123 0.00342719
0.0257694 0.00036
0.0255209 0
0.0256514 0.000171739
0.017829 0.000802204
0.0179577 0.00171168
0.0179892 0.00138591
0.018054 0.0020429
0.0247267 0.00341571
0.0254668 0.000187056
0.0178922 0.000357906
0.0181167 0.00104082
0.0182576 0.00238053
0.0185733 0.00260981
0.0185711 0.00298882
0.0185532 0.00332153
0.018712 0.0036
0.0180515 0
0.0247031 0.00324
0.0245437 0.00342862
0.0243775 0.0036
0.025412 0.00036
0.0251417 0
0.0252826 0.000171367
0.0181072 0.000641188
0.0182749 0.00170024
0.0183113 0.00134921
0.0183655 0.00205253
0.0250948 0.000182281
0.024358 0.00341525
0.0183857 0.00078177
0.0183201 0.000348445
0.0185576 0.00113128
0.0186542 0.00224735
0.0188948 0.00250389
0.0188979 0.00283413
0.0188781 0.00322268
0.0190718 0.0036
0.0184125 0
0.0243438 0.00324
0.0241756 0.00342804
0.0240013 0.0036
0.0250546 0.00036
0.0249138 0.000170931
0.0247625 0
0.0186129 0.00185864
0.018603 0.00151597
0.0186227 0.000540378
0.0187154 0.0008398
0.0187736 0
0.0247293 0.000187741
0.0239902 0.0034155
0.0187764 0.000273039
0.0189525 0.00101225
0.018896 0.00134354
0.0190826 0.00226925
0.0189055 0.00200999
0.0192463 0.00262679
0.0192058 0.00300199
0.0191906 0.00332634
0.0194317 0.0036
0.0239844 0.00324001
0.023625 0.0036
0.0238079 0.00342695
0.0246972 0.00036
0.0243834 0
0.0245457 0.000170351
0.0189264 0.00169454
0.0189918 0.000617077
0.0191346 0
0.0243604 0.000188229
0.0236181 0.00342112
0.0192017 0.000292002
0.0192377 0.00121918
0.0192792 0.000876084
0.0192092 0.00155754
0.0192457 0.00193837
0.0194286 0.00227793
0.0195422 0.00291961
0.0196129 0.00258321
0.0195113 0.00327287
0.0197915 0.0036
0.023625 0.00324
0.0234178 0.0033976
0.0232652 0.0036
0.0243398 0.00036
0.0240042 0
0.0241763 0.000169533
0.019352 0.000562157
0.0194956 0
0.0201514 0.0036
0.0239896 0.000185523
0.0232133 0.00340396
0.0196264 0.000344482
0.0195775 0.00107793
0.019533 0.00141747
0.0196429 0.000741241
0.0194987 0.00172044
0.0196337 0.00198393
0.0197996 0.00226771
0.0198429 0.00319845
0.0198891 0.00285198
0.0199494 0.00253469
0.020161 0.003345
0.0231964 0.00320859
0.0229069 0.0036
0.0230057 0.00339308
0.0239824 0.000359991
0.0238067 0.000171505
0.023625 0
0.0198566 0
0.0205112 0.0036
0.0208711 0.0036
0.0236171 0.000177774
0.023264 0
0.0228175 0.00337876
0.0199563 0.000589337
0.0199871 0.00027863
0.0199484 0.000990979
0.0198428 0.00131162
0.0198441 0.00165049
0.0199909 0.00198343
0.0201885 0.00229172
0.0202127 0.00300908
0.0202276 0.00267573
0.0205047 0.00322136
0.0228964 0.00316584
0.0226181 0.0036
0.023625 0.00036
0.0234186 0.000201545
0.0202177 0
0.0208701 0.00334522
0.0212309 0.0036
0.0229152 0
0.0232171 0.000198029
0.0227061 0.00331269
0.0207664 0.00303255
0.0202492 0.00075352
0.0203333 0.000347895
0.0201732 0.00138217
0.0202877 0.00108497
0.0201857 0.00169129
0.0203354 0.00195681
0.0205417 0.00220998
0.020492 0.00249697
0.0205713 0.00280775
0.0227335 0.00313143
0.0225211 0.0033672
0.022306 0.0036
0.0231964 0.000391413
0.0205787 0
0.0210765 0.00305266
0.0212516 0.00330237
0.0215908 0.0036
0.0226489 0
0.0229897 0.000220678
0.022795 0.000212916
0.0226144 0.00319682
0.0209685 0.00275125
0.0205175 0.000591171
0.0219506 0.0036
0.020608 0.000947132
0.0207841 0.000331572
0.0205421 0.00161153
0.0205646 0.00130244
0.0206425 0.00188754
0.0208389 0.00212548
0.0208364 0.00245052
0.0226256 0.00309509
0.02229 0.00335955
0.0223712 0.00319957
0.0224915 0.0031823
0.0228947 0.000434993
0.0209397 0
0.0213426 0.00287569
0.0215125 0.00320006
0.0217763 0.003305
0.0227165 0.000302419
0.0225611 0.000219639
0.0223669 0
0.0212078 0.0024877
0.0207949 0.000685935
0.0220769 0.0033306
0.027 0.00288
0.0216618 0
0.027 0.0028764
0.0213008 0
0.0269964 0.00288
0.0224341 0.00309385
0.020885 0.00118724
0.0210304 0.000939091
0.0212344 0.000353289
0.0210746 0.000594985
0.020937 0.00179266
0.0209351 0.00148984
0.0211158 0.00211318
0.022545 0.00306
0.0222561 0.00312778
0.0227335 0.000468567
0.0217169 0.00290607
0.0215318 0.00256385
0.021999 0.00308083
0.0226444 0.000379986
0.0225357 0.000388723
0.0224634 0.000335287
0.022318 0.000217502
0.0220228 0
0.0214019 0.00215862
0.0269975 0.0028765
0.0216222 0.00024995
0.027 0.00287281
0.0269928 0.00288
0.0269941 0.00287704
0.0224984 0.00302983
0.0224107 0.00300854
0.027 0.00286921
0.0269892 0.00288
0.0225933 0.000445486
0.0221398 0.000306217
0.0212696 0.00127715
0.0213657 0.000826557
0.0215713 0.000570078
0.0212975 0.0017215
0.0226226 0.00302611
0.0225378 0.00297174
0.022255 0.00294561
0.0226431 0.000498231
0.0220603 0.00278949
0.0218642 0.0025427
0.0216886 0.00225983
0.0224643 0.000451393
0.0225185 0.000471021
0.022355 0.000408812
0.0219143 0.000438085
0.0216331 0.00189982
0.0269952 0.00287375
0.0269964 0.00287047
0.026991 0.00287552
0.02244 0.00289375
0.027 0.00286562
0.026997 0.00286698
0.0269868 0.00287581
0.0269856 0.00288
0.0225635 0.000483124
0.0222303 0.000518938
0.026982 0.00288
0.027 0.00285483
0.027 0.00286202
0.027 0.00285843
0.0269836 0.00287392
0.0215843 0.00113296
0.0216661 0.00150725
0.0217958 0.000852243
0.0226455 0.00293652
0.0227335 0.00298857
0.0225861 0.00284028
0.0223745 0.00271801
0.0225826 0.000522654
0.0221788 0.00247119
0.0219752 0.00214899
0.0224892 0.000526524
0.022402 0.000538067
0.0225316 0.000510057
0.0220754 0.00070911
0.0219231 0.00178845
0.0269925 0.00287119
0.0269937 0.00286755
0.0269891 0.00287161
0.0269972 0.00286309
0.0269947 0.00286429
0.026986 0.00287144
0.0269818 0.00287697
0.0223273 0.000701447
0.0269782 0.00288
0.027 0.00285124
0.0269969 0.00285571
0.0269972 0.00285954
0.0269797 0.00287355
0.0269825 0.00287043
0.0219256 0.00122882
0.027 0.00284387
0.0269847 0.00286811
0.0269974 0.00284514
0.027 0.0028476
0.0269787 0.00286941
0.0221419 0.00155903
0.0221822 0.000977425
0.0227889 0.00282689
0.0228984 0.00295427
0.022679 0.00265634
0.0225162 0.00244013
0.022545 0.00054
0.0223285 0.00219396
0.0222602 0.00190695
0.0224765 0.000604803
0.0269904 0.00286733
0.0269916 0.00286338
0.0269876 0.00286755
0.026994 0.00286003
0.0269766 0.00287612
0.022477 0.000710984
0.0224192 0.000877034
0.0269735 0.00288
0.0269957 0.00285186
0.0269928 0.00285637
0.0269748 0.00287172
0.0269816 0.00286619
0.0222647 0.00127463
0.027 0.00283965
0.0269855 0.00286441
0.0269948 0.00284856
0.0269946 0.00284398
0.0269779 0.00286383
0.0269741 0.00286704
0.0225403 0.00174155
0.022532 0.00143866
0.0225332 0.00108779
0.0230125 0.00267207
0.0231964 0.00291141
0.0228342 0.00237892
0.022651 0.00208517
0.0225696 0.000640423
0.0226124 0.000569895
0.0269881 0.00286259
0.0269891 0.00285825
0.0269707 0.00287438
0.0225977 0.000815792
0.0269672 0.00288
0.0269901 0.00285292
0.0269692 0.00286715
0.0269828 0.00286116
0.027 0.00283349
0.0269937 0.00283872
0.0269908 0.00284845
0.0269899 0.00284404
0.0269732 0.00286072
0.0269789 0.00285766
0.0228695 0.00152466
0.0228944 0.00183403
0.0228188 0.00122207
0.0227723 0.000905673
0.0231801 0.00240517
0.0234015 0.00262925
0.023625 0.00288
0.0230858 0.00213221
0.0226885 0.000689824
0.0227335 0.000611433
0.0269833 0.00285612
0.0269844 0.0028515
0.0269644 0.00287304
0.0269594 0.00288
0.0269861 0.00284723
0.0269626 0.00286413
0.027 0.00282408
0.0269922 0.00283132
0.0269863 0.00283856
0.0269739 0.00285278
0.0269674 0.00285727
0.027 0.00254911
0.023211 0.00184671
0.0232054 0.00155544
0.0231534 0.00125072
0.0230205 0.000939468
0.0228921 0.000644742
0.0235232 0.00229247
0.0237761 0.00257658
0.0239854 0.00288001
0.0234463 0.00201397
0.0269772 0.0028474
0.0269797 0.00284009
0.0269555 0.00287128
0.0269484 0.00288
0.0269592 0.00285311
0.0269532 0.00286066
0.027 0.00281216
0.0269913 0.00282082
0.0269832 0.00282992
0.026965 0.00284515
0.0269969 0.00254983
0.027 0.0025842
0.027 0.00252097
0.0235175 0.00169182
0.027 0.00229856
0.027 0.00264421
0.027 0.00261667
0.027 0.00267043
0.026984 0.0028185
0.0239302 0.00229153
0.0235404 0.00133651
0.0233878 0.000993927
0.0231964 0.000688587
0.0237812 0.00197065
0.0241701 0.00256977
0.0243457 0.00288
0.0269695 0.00283546
0.0269742 0.00282541
0.026943 0.00286527
0.0269318 0.00288
0.0269472 0.00284768
0.027 0.00279727
0.0269888 0.00280611
0.0269546 0.00283423
0.0269957 0.00259494
0.0269928 0.00255197
0.0269963 0.0025137
0.027 0.00249913
0.023796 0.00161002
0.027 0.00232276
0.027 0.00227757
0.0269975 0.00230507
0.0269945 0.00265695
0.0269952 0.00263021
0.027 0.00270102
0.0269937 0.00268683
0.0269774 0.00281035
0.0243149 0.00226384
0.024123 0.00202386
0.027 0.00185109
0.027 0.00223806
0.027 0.00246895
0.027 0.00221731
0.027 0.00241632
0.027 0.00235879
0.027 0.00219755
0.027 0.00225777
0.0269475 0.00282065
0.0237638 0.00104216
0.0239731 0.00134016
0.023625 0.00072
0.0240861 0.00171654
0.0245723 0.00253435
0.0247061 0.00288
0.0269613 0.00281887
0.0269675 0.00280591
0.0269283 0.00285794
0.026907 0.00288
0.0269306 0.00283405
0.027 0.00277346
0.0269822 0.00278984
0.0269904 0.00260491
0.0269866 0.00256042
0.0269919 0.00250532
0.026996 0.00247873
0.0269961 0.00233289
0.0269968 0.00227355
0.026995 0.00229549
0.0269895 0.00263731
0.0269892 0.00265657
0.0269879 0.00267483
0.027 0.00273757
0.0269878 0.00271898
0.0244151 0.00187354
0.0245906 0.00216705
0.027 0.00183575
0.0269972 0.00184478
0.027 0.0018665
0.0269969 0.00222601
0.0269972 0.00224916
0.0269961 0.00243179
0.026997 0.00220488
0.026997 0.00237579
0.0269975 0.00218874
0.027 0.00218205
0.0269272 0.00280514
0.026942 0.00279752
0.027 0.00181992
0.027 0.00188341
0.027 0.00213122
0.027 0.00209242
0.027 0.00206512
0.027 0.00203456
0.027 0.00200129
0.027 0.0019647
0.027 0.00192964
0.027 0.00180387
0.027 0.00190321
0.027 0.002167
0.027 0.00214984
0.027 0.00178713
0.0269975 0.00200715
0.0241369 0.00100705
0.0239874 0.000719973
0.0243272 0.00150709
0.024339 0.00123244
0.024941 0.00257555
0.0248656 0.00225148
0.0250665 0.00288
0.0269529 0.00278891
0.0269647 0.00277888
0.0269015 0.00285123
0.0268678 0.00288
0.0269037 0.00281695
0.0269795 0.00275907
0.0269811 0.0026174
0.0269785 0.00256851
0.0269853 0.00250292
0.0269908 0.00244319
0.0269928 0.00237639
0.0269915 0.00231617
0.0269939 0.00224289
0.0269918 0.0022715
0.0269813 0.00264962
0.0269782 0.00268077
0.0269723 0.00272306
0.0247761 0.0019002
0.0246168 0.00161485
0.0269969 0.00181932
0.0269952 0.00186587
0.0269936 0.00183984
0.0269971 0.00188621
0.0269932 0.00221455
0.0269942 0.00219312
0.0269964 0.00217474
0.0269053 0.00277602
0.0269306 0.00276451
0.026997 0.00213043
0.027 0.00211295
0.0269969 0.00208663
0.0269966 0.00204848
0.0269963 0.00197489
0.0269973 0.00194363
0.0269967 0.00191198
0.0269964 0.00179453
0.0269964 0.00215498
0.0269971 0.00177678
0.027 0.00177025
0.0269941 0.00201633
0.027 0.00173124
0.027 0.00175286
0.0269835 0.00243559
0.0243498 0.00072
0.0245452 0.00100759
0.0247134 0.00132762
0.0253023 0.00255866
0.0251615 0.00228126
0.0251121 0.00196004
0.0254268 0.00288
0.0269522 0.00274329
0.0268556 0.00283572
0.026799 0.00288
0.026866 0.00279354
0.026968 0.00264232
0.0269668 0.00259178
0.0269733 0.0024917
0.0269861 0.00234835
0.0269853 0.00227103
0.0269884 0.0022286
0.0269584 0.00268419
0.0249654 0.00162689
0.0269934 0.00181075
0.0269903 0.00187314
0.0269932 0.00189905
0.0269894 0.00183355
0.0269893 0.00219182
0.0269921 0.00216908
0.0268458 0.00274959
0.0268864 0.00272836
0.0269161 0.00271948
0.0269941 0.00210629
0.0269927 0.00213961
0.0269932 0.00206515
0.0269925 0.00196811
0.026994 0.00193488
0.0269935 0.00178034
0.0269919 0.00179012
0.0269945 0.00176677
0.0269972 0.00176037
0.0269899 0.00201148
0.0269971 0.00171906
0.026997 0.00174134
0.027 0.00171055
0.026976 0.00237448
0.027 0.00167688
0.027 0.00135119
0.027 0.0015795
0.027 0.00146761
0.027 0.00169283
0.027 0.00153184
0.027 0.00166179
0.0269915 0.00177241
0.027 0.00164465
0.027 0.00150942
0.027 0.00162456
0.027 0.00160158
0.027 0.00148903
0.027 0.00155618
0.0269974 0.00163324
0.0247121 0.00072
0.0249188 0.00104184
0.0251261 0.00136123
0.0256353 0.00253715
0.0254507 0.00217713
0.0253416 0.00172298
0.0257872 0.00288
0.0269279 0.00268075
0.026774 0.00279242
0.0266758 0.00288
0.0269446 0.00261459
0.0269567 0.00252643
0.026959 0.00238625
0.0269744 0.00228009
0.0269811 0.002202
0.0269879 0.00180026
0.0269832 0.00187147
0.0269879 0.0019293
0.0269831 0.0018203
0.0269851 0.00215012
0.0268218 0.00267169
0.0267581 0.00269662
0.0268712 0.00264499
0.0269886 0.00206973
0.0269878 0.00211201
0.0269874 0.00177789
0.0269939 0.00174895
0.0269905 0.00176066
0.0269843 0.00199931
0.0269937 0.00172011
0.0269964 0.00169764
0.0269965 0.00167471
0.0269975 0.00134927
0.027 0.00136944
0.027 0.00133314
0.0269972 0.00157998
0.027 0.00144268
0.0269974 0.00146879
0.0269965 0.00152104
0.0269966 0.00155296
0.0269971 0.00165567
0.0269968 0.00149483
0.0269962 0.00160719
0.0269949 0.00163944
0.027 0.00124717
0.027 0.0012687
0.0261476 0.00288
0.027 0.00141522
0.027 0.00139007
0.027 0.00122305
0.027 0.00131266
0.027 0.00129067
0.026463 0.00288
0.0269697 0.00220061
0.0256141 0.001946
0.0269925 0.0016158
0.0250745 0.00072
0.0252856 0.00104436
0.0254917 0.00136303
0.0259885 0.00257982
0.0258479 0.00224316
0.0256991 0.00162871
0.0269068 0.00257767
0.0266122 0.00271075
0.0269308 0.00249005
0.0269304 0.00233569
0.0269536 0.00224811
0.0269728 0.00212321
0.0269782 0.0017852
0.026976 0.00193785
0.0269727 0.00183381
0.0269791 0.00206456
0.0266824 0.00258188
0.0267816 0.00254865
0.0268526 0.00252506
0.0269839 0.00175744
0.0269892 0.00173897
0.0269891 0.00170812
0.0269923 0.00168636
0.0269924 0.0016574
0.0269943 0.00134783
0.0269963 0.00137189
0.026996 0.00132561
0.0269919 0.00158023
0.0269961 0.00143606
0.0269943 0.00146877
0.0269931 0.00154179
0.026993 0.00150012
0.0269973 0.00124583
0.0269965 0.00127296
0.0263445 0.00263874
0.026997 0.00139999
0.027 0.00119673
0.0269969 0.00121171
0.0269969 0.00130054
0.0269551 0.00212581
0.0259044 0.00191265
0.0269884 0.00162735
0.027 0.00116933
0.0254369 0.00072
0.0256461 0.00104127
0.0258875 0.00133195
0.0262122 0.00233413
0.0261748 0.00203554
0.0260555 0.00166625
0.0268848 0.00235423
0.0264978 0.00244754
0.0269269 0.00213711
0.0269595 0.00200026
0.0269733 0.00174025
0.0269608 0.0017694
0.0269561 0.00185826
0.0266629 0.00237269
0.026795 0.00235116
0.0269817 0.00171504
0.0269853 0.00166845
0.026991 0.00137013
0.0269907 0.00133004
0.026993 0.00140785
0.0269932 0.001293
0.0269824 0.00159002
0.0269883 0.00152762
0.0269905 0.00145854
0.026993 0.00124021
0.0269968 0.00117427
0.0269937 0.00119268
0.0269971 0.00114531
0.027 0.00113951
0.027 0.00111072
0.0257993 0.00072
0.0260001 0.000994052
0.0262494 0.00144552
0.0262275 0.00118127
0.0264791 0.00212767
0.0263766 0.00178314
0.0268894 0.00204181
0.0268256 0.00206327
0.0269258 0.00190613
0.0269722 0.00165992
0.0269534 0.00168733
0.0269302 0.00176312
0.0266961 0.00209439
0.0269839 0.00134557
0.026986 0.00141274
0.0269877 0.00128261
0.0269723 0.00152608
0.0269826 0.0014841
0.0269889 0.0011824
0.0269852 0.00122344
0.0269935 0.00114679
0.0269967 0.00111151
0.027 0.00108331
0.027 0.00105196
0.027 0.00101958
0.027 0.000990531
0.0269878 0.00114012
0.0261617 0.00072
0.0263777 0.000946906
0.026524 0.00119106
0.0265197 0.00149129
0.0266256 0.0017823
0.0268708 0.00175121
0.0267725 0.00172922
0.0269534 0.00156337
0.0269206 0.00162053
0.0269746 0.00139094
0.0269769 0.00128162
0.0269587 0.00141632
0.0269769 0.00116959
0.0269926 0.00110032
0.0269964 0.00106158
0.0269957 0.00101507
0.0269963 0.000982333
0.027 0.000965176
0.0269857 0.00110944
0.0264754 0.00072
0.0266195 0.000920356
0.0267158 0.00110057
0.0267018 0.00137889
0.0268874 0.00147762
0.0268238 0.00142055
0.0269309 0.00137766
0.0269593 0.00126649
0.0269686 0.00107611
0.0269811 0.00106819
0.0269584 0.00114417
0.0269902 0.0010454
0.0269916 0.000982971
0.0269953 0.000952889
0.027 0.000937404
0.0266801 0.00072
0.0267511 0.000828438
0.026751 0.000951491
0.0268199 0.00114081
0.0268244 0.00097825
0.0268887 0.0012023
0.0269305 0.00113145
0.0269738 0.000978789
0.0269496 0.00101014
0.0269847 0.000975404
0.0269915 0.000927232
0.027 0.000903314
0.0267936 0.00072
0.0268349 0.000863228
0.0268265 0.000780564
0.0268953 0.0009994
0.0268774 0.000904861
0.0269831 0.000888246
0.0269654 0.000910207
0.0269372 0.000930905
0.027 0.000860195
0.0268596 0.00072
0.0269044 0.000835574
0.0268782 0.000803123
0.0268838 0.000758765
0.0269223 0.000880976
0.0269797 0.000833384
0.0269579 0.000858908
0.027 0.000821002
0.027 0.000796834
0.0269034 0.00072
0.0269388 0.000798082
0.0269398 0.000826658
0.0269158 0.000788657
0.0269096 0.000744726
0.026922 0.000763406
0.0269792 0.000802135
0.0269621 0.000817851
0.0269879 0.00078866
0.027 0.00078261
0.027 0.000773395
0.0269873 0.000779167
0.0269291 0.000737104
0.0269304 0.00072
0.0269578 0.000778639
0.0269607 0.000794416
0.0269443 0.000771902
0.0269391 0.000752015
0.0269757 0.000783373
0.0269897 0.000773038
0.0269929 0.000768936
0.027 0.000766161
0.0269797 0.000771468
0.027 0.000760898
0.0269922 0.000763267
0.0269453 0.000733465
0.0269469 0.00072
0.0269702 0.00077299
0.0269648 0.000764661
0.0269563 0.000757319
0.0269521 0.0007451
0.0269847 0.00076469
0.026996 0.000759872
0.0269775 0.000763587
0.027 0.000756581
0.0269912 0.000757757
0.0269869 0.000758937
0.0269572 0.000728472
0.0269589 0.000737209
0.0269586 0.00072
0.0269753 0.000758274
0.026969 0.000753707
0.0269633 0.000746823
0.0269827 0.000756591
0.0269937 0.00075537
0.0269962 0.00075342
0.027 0.000752503
0.0269881 0.000753935
0.0269671 0.000725492
0.0269662 0.000732679
0.0269683 0.000739747
0.0269674 0.00072
0.0269769 0.000750249
0.0269821 0.000750079
0.0269733 0.000745062
0.0269866 0.000748959
0.0269915 0.000749993
0.0269963 0.000749832
0.027 0.000748764
0.0269971 0.00074668
0.0269737 0.00072
0.026973 0.000728398
0.0269737 0.000736104
0.0269809 0.000744793
0.0269858 0.000743877
0.0269787 0.000740476
0.0269902 0.000743237
0.0269937 0.000745654
0.027 0.000745168
0.0269968 0.000743198
0.0269761 0.000723903
0.0269781 0.00072
0.0269786 0.000727598
0.026978 0.000731573
0.0269788 0.000735382
0.0269846 0.000739755
0.0269888 0.00073898
0.0269825 0.000736699
0.0269935 0.000740743
0.027 0.000741573
0.0269968 0.000739481
0.02698 0.000723374
0.0269819 0.00072
0.026983 0.000724777
0.0269822 0.000728753
0.0269828 0.000732041
0.026986 0.000735033
0.0269901 0.000734852
0.0269934 0.000736566
0.027 0.000737977
0.0269969 0.000736331
0.0269855 0.00072
0.0269867 0.000723582
0.0269861 0.00072818
0.0269881 0.000731634
0.0269931 0.000732185
0.0269965 0.000733106
0.027 0.000734382
0.0269891 0.00072
0.0269889 0.000726392
0.0269915 0.000723943
0.0269918 0.000728434
0.0269963 0.000729428
0.027 0.000730786
0.0269928 0.00072
0.0269962 0.000725795
0.0269947 0.00072293
0.027 0.000727191
0.0269964 0.00072
0.0269977 0.000722436
0.027 0.000723595
0.027 0.00072
