19.3056
19.3056
20.8616
20.9459
19.3056
19.3056
19.3056
19.3056
19.3056
19.3056
19.3056
19.3056
19.3056
21.0723
20.5572
20.4505
20.9792
20.9533
21.3377
21.5207
21.4355
21.2249
21.5299
21.3879
21.4784
20.6196
20.4774
20.525
20.533
20.4492
20.5637
20.5895
20.6526
20.5852
20.5794
20.5043
20.6684
20.6768
20.5875
20.3545
20.3577
20.2396
20.2369
20.5295
20.6075
20.4791
20.4984
20.4986
20.5078
20.5351
20.4645
20.358
20.3083
20.1813
20.206
20.058
20.0887
20.3515
20.351
20.2635
20.249
20.2872
20.3021
20.1771
20.2102
20.0336
20.0891
19.9695
19.8428
19.9338
20.1741
20.0544
20.0286
20.1018
20.0803
19.9689
20.0436
19.8334
19.9076
19.8441
19.7644
19.6333
19.9528
19.8451
19.9137
19.8454
19.8885
19.8019
19.7886
19.6451
19.7132
19.604
19.6796
19.5515
19.4237
19.753
19.6357
19.681
19.6835
19.6334
19.613
19.5021
19.4616
19.4938
19.4927
19.4036
19.3026
19.2147
19.5266
19.4273
19.481
19.4505
19.3146
19.3046
19.3142
19.3524
19.1696
19.3283
19.2683
19.1788
19.12
19.0547
19.0058
19.2918
19.2193
19.2674
19.1123
19.1512
19.1493
18.9965
19.1336
19.0565
18.9777
18.9034
18.8599
18.7971
19.0701
19.0116
19.0356
18.8775
18.9349
18.9728
18.9172
18.8039
18.8704
18.7727
18.7061
18.707
18.5886
18.817
18.8236
18.701
18.729
18.7746
18.6662
18.7677
18.5963
18.641
18.5652
18.5158
18.531
18.5389
18.3801
18.5469
18.6135
18.5713
18.4471
18.506
18.3887
18.3263
18.4126
18.3785
18.3361
18.3769
18.1717
18.3134
18.3686
18.4186
18.2299
18.2744
18.1811
18.1014
18.2183
18.2455
17.9192
18.2072
18.1869
18.1293
17.9633
18.1384
18.1056
18.1946
18.0695
17.9735
17.9388
18.026
18.0914
17.7915
17.7455
18.015
17.9598
17.9577
17.7549
17.8204
17.9684
17.9167
17.8542
17.7658
17.8745
17.6247
17.7017
17.5935
17.5071
17.6658
17.8206
17.7867
17.7775
17.6351
17.5465
17.707
17.6712
17.5581
17.4899
17.4579
17.5997
17.3721
17.5088
17.349
17.2816
17.5673
17.4352
17.3382
17.4965
17.4528
17.3505
17.3216
17.4198
17.2882
17.1549
17.3031
17.1364
17.3215
17.2171
17.1298
17.2732
17.2483
17.1428
17.1455
17.2071
17.1138
16.9737
16.9707
17.1054
16.9299
16.8127
17.0771
17.0105
16.9214
17.0534
16.9351
17.0029
16.9645
16.7721
16.8114
16.9393
16.7761
16.7234
16.6699
16.6208
16.889
16.8393
16.7872
16.7131
16.8046
16.7274
16.7937
16.5467
16.6225
16.5644
16.6382
16.5061
16.4448
16.5197
16.3664
16.6917
16.5948
16.5851
16.5939
16.5047
16.5247
16.3593
16.4235
16.4367
16.3409
16.2543
16.3121
16.1875
16.4696
16.3679
16.3916
16.2963
16.2528
16.1711
16.2379
16.2392
16.144
16.0595
16.1044
15.9884
16.0985
16.2628
16.1461
16.1716
16.088
16.0284
16.0208
16.0205
16.0318
15.9363
15.8598
15.8967
15.7658
15.852
15.9129
16.0333
15.9109
15.9585
15.8796
15.8068
15.8111
15.8396
15.7283
15.6454
15.689
15.5645
15.6602
15.7181
15.7854
15.6839
15.7739
15.6712
15.5645
15.6025
15.5106
15.4376
15.4813
15.4461
15.3729
15.5421
15.5953
15.5769
15.481
15.4629
15.3169
15.3752
15.2994
15.2211
15.2736
15.2252
15.3578
15.1692
15.4056
15.4088
15.3837
15.255
15.2545
15.0709
15.1191
15.1718
15.0889
15.0174
15.066
15.0161
14.9615
14.9685
15.228
15.2169
15.0687
15.0462
15.0462
14.9006
14.8604
14.8883
14.7766
14.8583
14.8186
14.7923
14.7671
14.886
15.051
14.8815
14.8641
14.8378
14.6902
14.6706
14.6564
14.6607
14.5361
14.6506
14.6481
14.6113
14.5978
14.7115
14.4429
14.671
14.6833
14.6294
14.4492
14.4825
14.4647
14.346
14.3654
14.4854
14.4389
14.4057
14.5045
14.2352
14.0276
14.4758
14.4211
14.2776
14.188
14.278
14.2379
14.1558
14.1795
14.3167
14.2274
14.3529
13.9773
13.8199
14.2127
14.2044
14.2061
14.0114
14.0766
14.0747
14.0256
13.9779
14.1169
13.9937
13.7913
13.6122
14.0043
14.0477
13.9125
13.9581
13.769
13.8463
13.858
13.8262
13.9085
13.7705
13.5875
13.4045
13.796
13.8598
13.7205
13.6501
13.7303
13.4981
13.6504
13.6491
13.6818
13.5597
13.3769
13.1968
13.5876
13.5524
13.554
13.4739
13.5292
13.2866
13.2719
13.4328
13.4068
13.4528
13.3467
13.157
12.9892
13.3792
13.3969
13.2829
13.3112
13.0672
13.0891
13.2544
13.2334
13.1701
13.2432
13.2194
13.1183
12.96
12.7815
13.1709
13.1107
13.0897
12.8345
12.9529
12.8875
13.0447
13.0305
12.9869
12.9298
12.7439
12.5738
12.9625
12.9404
12.824
12.8746
12.7651
12.6606
12.6334
12.8056
12.8126
12.7637
12.7246
12.5303
12.3661
12.7541
12.6286
12.646
12.5839
12.4217
12.4945
12.4252
12.6103
12.6163
12.5638
12.5005
12.3032
12.1584
12.5458
12.4369
12.4114
12.3647
12.2987
12.1987
12.2161
12.4337
12.3334
12.3069
12.081
11.9508
12.3374
12.2645
12.1924
12.1188
12.2012
12.09
11.9838
11.9949
12.1604
12.1215
11.8584
11.7431
12.1291
12.0709
1.16563e-08
0.196615
-1.55185e-08
0.5486
11.9643
11.9778
11.886
11.996
11.8697
11.7778
11.7709
11.9874
11.9082
11.6262
11.5354
11.9207
0.521341
0.862601
1.04371
11.7806
11.7579
11.782
11.7943
11.6541
11.8173
11.64
11.5948
11.705
11.3918
11.4775
11.3277
11.7123
1.19934
1.4511
1.7516
11.6098
1.03726e-08
1.8893
-1.29441e-08
0.134259
11.4825
0.5005
11.5863
11.5535
11.6009
11.451
11.4152
11.5206
11.2799
11.1661
11.12
11.504
2.03116
2.64096
2.32417
11.4243
0.510213
0.807799
11.3222
0.992825
2.76289
11.4079
11.3668
11.3643
11.3421
11.2434
11.2093
11.0779
10.9352
10.9817
10.9123
11.2956
2.88058
3.19541
3.53032
11.235
1.23083
1.44415
1.70434
11.1557
3.63657
1.89094
11.212
11.0562
11.2143
11.1316
11.1468
11.0854
11.013
11.0069
10.875
10.7252
10.7772
10.7046
11.0872
3.72999
4.06524
4.41969
2.06499
2.60102
2.31883
11.0081
10.8956
10.8638
4.5006
2.76219
10.9942
10.9266
10.8874
10.8086
10.6946
10.5386
10.5699
10.4968
10.8789
4.5795
5.30901
4.93443
2.91015
3.4977
3.1892
10.7989
10.7247
10.7065
10.6691
5.37329
3.62573
10.7623
10.6328
10.5516
10.3693
10.3703
10.3805
10.2887
10.6704
5.42854
5.80569
6.19858
3.7553
4.39438
4.06121
10.6382
10.5417
10.5206
10.4894
4.50529
6.24425
10.4774
10.5152
10.3784
10.3229
10.1839
10.1816
10.1926
10.0801
10.4619
6.27974
6.67608
7.08648
4.6005
4.93331
5.29103
10.3468
10.3525
10.3404
10.2871
10.253
5.36975
7.11491
10.2514
10.1505
10.1835
10.076
10.1781
9.98093
10.0033
10.0113
9.87039
7.12069
7.98373
7.54722
5.44541
6.18784
5.80372
10.1661
10.1271
10.0437
6.24191
7.9853
10.0049
9.98647
9.96171
10.0033
9.98237
9.87685
9.80927
9.77006
9.82505
9.65883
8.00389
8.43961
8.75504
6.29183
7.0838
6.67734
9.91863
9.8332
9.44458
7.12068
8.82965
9.75814
9.79056
9.81697
9.75133
9.83702
9.75944
9.66388
9.63275
9.60977
9.57745
9.44422
8.92782
9.35888
9.18615
7.13065
7.55023
7.98898
9.62071
9.22655
9.00738
7.99808
8.76471
9.45546
9.56955
9.54692
9.57767
9.63942
9.63872
9.55475
9.44191
9.42257
9.41814
9.25065
9.39628
9.58786
8.00633
8.43916
9.40483
9.03599
8.79879
9.35398
8.83687
9.61746
9.11653
9.40469
9.3475
9.45035
9.3855
9.44324
9.35734
9.23996
9.27098
9.22606
9.66737
9.60663
9.2424
8.93361
9.18639
8.96561
8.86636
8.64394
9.60399
9.2213
9.47936
10.0214
9.01589
9.25262
8.70707
9.20648
9.08921
9.23881
9.22878
9.17968
9.06892
9.07953
10.2927
9.31178
9.59381
9.99408
9.40528
8.96693
8.85517
8.8128
8.79477
9.60255
9.64575
9.35585
8.88168
9.10594
8.99785
-19.3056
8.58187
-19.3056
8.7594
-249.236
9.85658
9.05344
8.98095
8.87835
8.97106
9.00634
9.0104
8.90246
12.2894
9.24846
9.66543
8.77459
8.72837
8.90553
9.84855
10.0206
9.72381
9.34371
8.76171
8.72383
-390.595
8.76689
-19.3056
-124.624
-131.793
9.91067
9.35789
-19.3056
-77.9351
10.2512
9.11568
8.83052
8.84064
8.80449
8.77576
8.07499
9.04129
8.96661
10.0721
8.68233
8.55137
8.54509
10.0643
10.5451
9.53488
8.87882
8.52983
-170.073
-177.418
-124.999
8.81201
-19.3056
-129.934
-82.431
-65.4566
10.8102
9.15683
-50.9228
-19.3056
-19.3056
-19.3056
-71.4324
8.67306
8.53245
8.69764
8.22756
7.90579
8.26273
8.38402
11.3374
8.25359
8.26472
10.5098
9.60681
11.4577
8.79007
8.26159
-112.646
-101.176
-100.38
-110.833
-87.9066
-83.2857
-59.0441
8.89764
-43.6139
-19.3056
-81.0324
-94.8485
-58.318
-68.5289
8.4113
-19.3056
-75.3454
-53.7268
-19.3056
-58.0597
8.05615
8.42498
7.53625
7.18995
7.64601
7.74517
13.1233
7.86452
7.86647
9.45819
-97.0242
-88.2231
-84.4068
-72.1797
-47.3917
8.76402
8.33883
-37.104
-59.5411
-64.1974
-48.225
-64.9112
8.02879
-19.3056
-73.1296
-49.7821
-49.2054
-55.7157
-49.114
7.42091
7.51351
7.79401
6.76061
6.37269
7.02085
7.26213
8.7147
8.40946
-74.733
-68.4231
-39.9247
8.08474
-30.1394
-57.4556
-41.8471
-62.5472
-19.3056
-41.2747
-49.5675
-43.8449
-47.2025
-52.9647
6.80936
6.71499
7.06144
7.45174
6.1763
5.65271
5.04084
6.33133
7.98327
7.863
-57.1771
-52.1577
-33.458
-24.716
-48.4906
-35.0378
-19.3056
-36.5761
-38.5204
-44.0731
-39.7784
-19.3056
5.98407
6.01782
6.22502
6.72909
7.24787
5.2412
4.55963
3.91679
5.40709
-43.2963
-38.9327
-27.1783
-19.9175
-32.498
-28.7475
-19.3056
-30.0638
-32.569
-34.5484
-6.25632
-19.3056
-19.3056
5.21641
-19.3056
-19.3056
-19.3056
-19.3056
-27.5387
4.13889
5.18829
5.68351
6.37529
4.5275
3.4879
3.02125
-32.8322
-29.5463
-22.9871
-15.4887
-26.1007
-19.3056
-23.4063
-27.1759
-4.78725
-5.22802
-3.87452
-19.3056
4.48997
-19.3056
-19.3056
-8.20489
-4.49803
-3.68539
-19.3056
-8.89967
-24.7171
3.10969
3.62236
-19.3056
-19.3056
-19.3056
-19.3056
-19.3056
-19.3056
-19.3056
-19.3056
-22.894
4.59432
4.02337
5.04518
3.71971
2.42299
2.06908
-25.0976
-22.7513
-18.972
-11.7416
-20.4538
-19.3056
-18.7869
-6.78502
-5.85281
-5.20051
-1.88256
-1.85963
1.78223
-0.76085
-7.82983
-7.74542
-9.28552
-19.3056
-9.54657
2.84479
2.37783
-19.3056
-2.77266
-19.3056
1.03889
0.846345
-1.60771
1.02563
2.59404
1.67768
-19.3056
-17.7415
-18.6445
-19.3056
-19.3056
-19.3056
-19.3056
-19.3056
-19.3056
-19.3056
-19.3056
-19.3056
-19.3056
-19.3056
-19.3056
-19.3056
-19.3056
1.49637
3.57667
3.90567
3.07737
3.04503
1.45074
1.64812
1.12131
-18.3729
-17.8223
-14.2286
-8.30298
-15.2365
-15.2161
-7.0089
-6.1429
-4.86611
-4.51655
-4.85299
-5.04668
-3.97969
-3.38135
-8.06973
-9.41912
-12.3688
1.88458
2.30827
2.33837
-1.35068
-2.38747
-3.57998
-3.40764
-3.8289
-1.60184
-13.5817
-14.4759
0.0904014
-19.3056
-3.96316
0.761964
-3.00348
5.60218
1.11507
1.31148
0.441712
0.904205
-19.3056
-3.4701
-19.3056
-19.3056
-4.43292
3.01187
2.49379
2.0518
0.496985
0.8612
0.992222
0.183763
-13.3432
-10.1416
-5.89593
-11.4078
-8.01556
-6.67822
-4.90463
-3.7344
-3.10781
-2.95037
-9.80016
1.38178
-2.9987
-2.0429
-3.38361
-2.42498
-2.62018
-3.06208
-9.39378
-10.4364
-11.05
-3.15094
-3.83248
-3.49993
-2.47475
-3.12874
-3.11926
-2.51131
-2.05604
3.00196
-2.49088
2.2843
1.44299
-19.3056
-3.65715
-19.3056
-19.3056
-19.3056
-19.3056
-19.3056
-19.3056
-19.3056
-2.51464
-19.3056
-19.3056
-19.3056
-19.3056
-19.3056
-19.3056
2.83525
2.05322
1.50909
0.956081
-0.393355
0.0901619
0.379697
-0.734052
-9.5017
-7.06988
-3.94173
-7.33178
-5.52938
-3.96785
-3.3769
-2.9514
-2.26705
-2.37559
-2.24057
-2.44233
-2.80503
-7.47861
-6.50095
-7.66375
-2.61282
-2.65141
-2.38862
-3.20206
-2.19407
-2.70231
-3.25792
1.57128
-3.19797
0.974657
-19.3056
-19.3056
1.12635
-19.3056
-1.07219
0.0381595
-0.0389524
2.29839
1.0089
0.16665
-4.04162
-19.3056
-19.3056
-1.64822
-19.3056
-19.3056
-19.3056
-19.3056
-19.3056
-2.65246
-3.05476
-0.347109
-2.80944
1.1002
0.540563
-0.0178825
-1.36906
-0.986905
-0.576536
-6.47617
-4.30969
-5.10066
-3.74935
-3.18339
-2.72045
-2.42933
-2.1472
-2.39549
-2.66048
-4.78823
-5.38244
-5.45892
-2.35255
-2.18434
-1.99159
-3.36283
-1.61824
-4.19361
-1.09028
-2.4926
-3.32991
-0.249018
-2.88165
-2.67014
-3.49576
1.22372
-0.0430153
-2.58265
1.27462
-19.3056
-0.953678
0.488607
-2.84676
-1.10911
-2.30161
-19.3056
0.159538
-0.420793
-1.09949
-2.07126
-1.83061
-1.50947
-3.98986
-3.2329
-2.89602
-2.5343
-2.34378
-2.41128
-2.42481
-3.65384
-3.82211
-2.44944
-2.50749
-3.06761
-3.55245
-3.78239
-3.56252
-2.49273
-2.57218
-3.20641
-3.9561
-0.0963734
-4.22547
-4.42745
-19.3056
-19.3056
-0.768122
-1.38727
-2.05232
-2.1634
-2.59912
-2.2015
-2.71731
-2.76788
-2.46641
-2.42854
-2.44056
-2.45811
-2.83265
-3.28755
-2.80363
-3.39759
-2.69825
-2.66149
-4.14652
-3.91087
-5.14869
-4.4537
-19.3056
-19.3056
-19.3056
-19.3056
-4.434
-1.66991
-2.74199
-3.28405
-2.66297
-2.49759
-2.52599
-2.52624
-2.63642
-2.5602
-3.04746
-3.54657
-3.02799
-4.29359
-5.72997
-0.935509
-3.81534
-5.05548
-19.3056
-4.75842
-2.73721
-4.51615
-4.55425
-3.15082
-2.9102
-3.06851
-3.19232
-3.67786
-5.34859
-5.43312
-4.6296
-5.85143
-6.82319
-9.9112
-19.3056
-4.11598
-6.46803
-6.03998
-4.63839
-6.68113
-4.26728
-4.82047
-7.22136
-6.68419
-7.5789
-6.73622
-19.3056
-5.49754
-8.89883
-8.8497
-6.88036
-9.26775
-10.982
-10.0511
-8.97371
-19.3056
-8.01751
-13
-12.2078
-12.3569
-11.138
-15.2654
-13.5385
-19.3056
-19.3056
-11.8209
-18.5706
-15.7145
-16.5814
-15.0819
-18.2764
-21.3052
-17.9732
-26.203
-19.3056
-19.3056
-29.2258
-18.4389
-14.958
-25.016
-21.8291
-23.0777
-22.9754
-26.0134
-31.4884
-38.635
-19.3056
-31.8477
-19.3056
-38.9763
-23.5361
-19.2526
-29.3602
-30.9558
-29.5104
-28.4704
-35.6987
-48.2757
-35.8344
-19.3056
-40.7949
-42.1536
-28.3798
-31.9586
-24.2688
-38.2416
-37.1627
-35.3917
-42.7948
-46.5265
-54.4713
-19.3056
-47.9751
-35.1217
-38.0195
-40.7315
-30.8163
-44.6414
-48.5946
-44.6346
-53.3549
-51.3319
-60.2054
-19.3056
-71.9885
-36.0837
-45.3012
-48.1194
-53.0846
-59.6702
-54.0168
-66.6112
-59.8149
-19.3056
-80.8483
-46.7828
-43.5516
-55.6797
-56.458
-57.3256
-64.4797
-73.2482
-62.9615
-70.0209
-19.3056
-96.3667
-54.4836
-52.5324
-65.6835
-66.3266
-68.4346
-74.9947
-87.8864
-82.8917
-19.3056
-108.497
-62.3673
-82.0907
-82.0618
-88.6196
-102.272
-133.731
-19.3056
-78.7286
-101.953
-123.393
-105.223
-171.417
-19.3056
-123.896
-206.054
-134.556
-19.3056
-240.468
-425.4
-19.3056
-19.3056
