-5.19403e-16
-6.56821e-16
0.0176659
0.0176679
0.0329418
0.0176669
0.0329459
0.0482178
0.0405819
0.048224
0.0634937
0.0558588
0.063502
0.0787697
0.0711358
0.07878
0.0940456
0.094058
0.109322
0.0940518
0.109336
0.124598
0.116967
0.139873
0.124614
0.155149
0.139883
0.139892
0.170425
0.15516
0.15517
0.185701
0.170437
0.170448
-0.131319
-0.131319
0.200977
0.185714
0.185726
-0.131319
-0.37479
-0.259301
-0.131319
-0.170361
-0.131319
0.216253
0.200991
0.201004
-0.205977
-0.0974897
-0.157906
-0.131319
-0.139172
-0.142642
-0.121861
0.231529
0.216268
0.216282
-0.115386
-0.131979
-0.14119
-0.131319
-0.114491
-0.131319
-0.131319
-0.131319
-0.131319
-0.131319
-0.127217
-0.124339
-0.121325
-0.0894449
0.246805
0.231561
0.231544
-0.116019
-0.108677
-0.121536
-0.117594
-0.331471
-0.139472
-0.177233
-0.237712
-0.116202
-0.10716
-0.110786
-0.0882968
-0.0726384
0.262081
0.246835
0.246822
-0.100973
-0.0858256
-0.107327
-0.131107
-0.118206
-0.114081
-0.16265
-0.141472
-0.156687
-0.102651
-0.0906056
-0.099573
-0.0571125
-0.070716
-0.0722579
0.262126
0.277361
0.262101
-0.0788482
-0.110795
-0.0995116
-0.106006
-0.124973
-0.143491
-0.120228
-0.105081
-0.0883122
-0.0747843
-0.087881
-0.0867888
-0.0412807
-0.0585293
-0.0592984
-0.0254934
0.27736
0.292671
0.285018
-0.0593569
-0.0894877
-0.0894773
-0.0952663
-0.102515
-0.103702
-0.0908039
-0.0740743
-0.0591212
-0.0740728
-0.0731725
-0.0426573
-0.0405202
-0.0257389
-0.0425514
-0.0095452
-0.00942522
0.292675
0.307906
0.299998
-0.0426432
-0.0724333
-0.0747648
-0.0774417
-0.0806662
-0.0736905
-0.0587801
-0.0591224
-0.0588496
-0.0261795
-0.0260426
-0.026213
-0.00966657
0.00672634
0.00520734
0.307683
0.322698
0.314561
-0.0425861
-0.0572039
-0.0594143
-0.0592649
-0.0584837
-0.042569
-0.0426591
-0.0456219
-0.0187775
-0.00979262
-0.00983393
0.022944
0.00661831
0.0229319
0.321994
0.335872
0.327935
-0.0262057
-0.0413422
-0.0425898
-0.0420238
-0.0306675
-0.0321999
-0.00613736
-0.00241807
0.0391939
0.00655649
0.00651694
0.0391906
0.0228998
0.0228701
0.335084
0.346581
0.341579
0.366792
0.131319
-0.0254918
-0.0157864
-0.0272652
-0.0290225
-0.017984
-0.00389091
0.00650131
0.00724999
0.0554484
0.0228363
0.0539726
0.0228494
0.0391811
0.0391735
0.319709
0.437205
0.346203
0.349779
0.356126
0.367372
0.131319
-0.00940985
-0.00806363
-0.00532815
-0.0126528
0.00655708
0.0169126
0.0228415
0.0717006
0.0716798
0.0354586
0.0554615
0.0391724
0.0554769
0.0746993
0.387721
0.366283
0.347699
0.131319
0.00669447
0.00674777
0.00661436
0.0184195
0.0332379
0.0310252
0.0391698
0.0879206
0.0878819
0.0480752
0.0717822
0.0554907
0.0880978
0.0880211
0.422395
0.343109
0.415513
0.279608
0.131319
0.0214598
0.0229498
0.0229059
0.0391857
0.045107
0.0436252
0.0554977
0.119894
0.102627
0.103888
0.135411
0.0718324
0.0777551
0.0911391
0.0999804
0.104324
0.227994
0.151419
0.169632
0.20792
0.18757
0.394395
0.333152
0.306512
0.26286
0.131319
0.0392034
0.0406736
0.055465
0.0584591
0.0554825
0.0718329
0.13649
0.121795
0.15188
0.0881803
0.104521
0.120627
0.112652
0.224943
0.170649
0.188428
0.201615
0.381274
0.280205
0.279476
0.241884
0.131319
0.0554552
0.0554541
0.0687844
0.0718205
0.0717901
0.0881563
0.0956196
0.137217
0.153992
0.170916
0.112006
0.120939
0.125367
0.215312
0.187965
0.20111
0.232674
0.331552
0.258666
0.250031
0.246868
0.131319
0.0716955
0.0717031
0.0850566
0.0881068
0.104449
0.104527
0.113496
0.137406
0.158124
0.170477
0.186584
0.128414
0.137385
0.215605
0.202283
0.233459
0.288229
0.241966
0.131319
0.0878886
0.0894021
0.104111
0.10432
0.116375
0.12094
0.129894
0.159245
0.18516
0.172405
0.152704
0.146258
0.219093
0.206562
0.195013
0.223476
0.290029
0.220609
0.237887
0.131319
0.103961
0.1188
0.120698
0.129106
0.137403
0.144793
0.169381
0.184217
0.161429
0.157091
0.213815
0.201196
0.229053
0.262873
0.225044
0.131319
0.119896
0.141924
0.135037
0.137206
0.15384
0.154119
0.17649
0.18994
0.169379
0.21711
0.207029
0.19582
0.22785
0.232303
0.131319
0.25289
0.135239
0.154039
0.153476
0.170491
0.174975
0.184157
0.218803
0.198067
0.211337
0.229233
0.228557
0.131319
0.266953
0.151449
0.169112
0.170864
0.186636
0.19256
0.187922
0.223324
0.209568
0.238919
0.131319
0.224887
0.284691
0.169719
0.188381
0.202514
0.204263
0.228452
0.22364
0.24596
0.131319
0.287503
0.1876
0.203321
0.219652
0.230751
0.131319
0.24151
0.251158
0.324613
0.207744
0.22478
0.239402
0.131319
0.131319
0.376106
0.131319
0.131319
0.131319
0.268266
0.276315
0.227713
0.262662
0.29616
0.440892
0.446492
0.411961
0.390096
0.307766
0.277334
0.351089
0.328714
0.346333
0.363294
0.416649
0.375899
0.354021
0.362598
0.367592
0.349832
0.353242
0.350503
0.340761
0.339156
0.338897
0.325932
0.326401
0.311515
0.325521
0.311734
0.296237
0.311344
0.296197
0.280718
0.296199
0.280722
0.2653
0.273008
0.265261
0.24983
0.257543
0.249797
0.234367
0.242083
0.234336
0.218904
0.22662
0.218875
0.203441
0.211158
0.203414
0.187978
0.195696
0.187953
0.172514
0.180233
0.172491
0.157051
0.164771
0.15703
0.141588
0.141569
0.141578
0.126125
0.126108
0.126116
0.110661
0.110647
0.110654
0.0951982
0.0951857
0.095192
0.079735
0.0797246
0.0719982
0.0642718
0.0642634
0.0333453
0.056536
0.0488086
0.0488023
0.0178821
0.0333433
0.0333412
-4.39847e-16
0.0097651
0.01788
-2.25023e-16
