21.8967
21.8967
21.8967
21.8967
55.2865
21.8967
35.9524
45.8172
21.8967
45.721
21.8967
21.8967
21.8967
21.8967
21.8967
21.8967
48.8035
51.2044
43.6677
50.8187
47.7292
56.53
21.8967
35.7783
38.0945
21.8967
21.8967
41.5572
38.1433
42.3556
21.8967
42.9756
21.8967
38.0741
21.8967
46.7919
21.8967
21.8967
21.8967
21.8967
21.8967
21.8967
21.8967
37.0816
52.3475
45.7163
44.0357
46.2665
44.7999
45.5582
49.5159
36.0708
48.1887
51.5482
52.0259
42.1923
43.5991
49.9921
53.6496
54.5003
51.1248
38.431
51.8917
21.8967
49.4274
50.7505
45.5666
50.4297
21.8967
46.0109
45.0207
46.332
45.5005
47.6132
48.5666
46.0372
45.7206
48.9256
45.1194
45.7081
46.2072
48.9436
50.9691
36.1046
45.7473
46.1462
45.2502
47.6631
21.8967
21.8967
45.5456
45.9739
46.0406
45.5575
47.5197
47.1989
46.8833
47.5983
46.0605
47.1259
44.5003
47.1711
47.2645
47.2141
37.3831
46.818
46.5001
46.0038
46.1037
46.113
47.0005
46.9533
47.325
46.91
46.3223
43.4253
44.8556
46.564
47.1854
46.8069
46.6363
45.9016
46.1798
46.2719
46.8579
46.8673
46.9284
46.6974
46.3399
45.2316
46.4608
46.7713
46.4808
46.4528
46.1586
45.5585
46.1351
46.219
46.5595
46.5174
46.311
46.0773
45.9759
46.3252
46.1228
46.3243
46.1422
46.0927
46.0095
45.8852
45.8996
46.1095
46.0335
45.898
45.7316
46.2461
45.9403
45.8144
45.9547
45.9242
46.0128
45.5824
45.5499
45.6982
45.6229
45.6221
45.5477
45.3606
46.0211
45.5905
45.7132
45.7904
45.2299
45.3218
45.2429
45.4276
45.2866
45.2938
45.2613
45.2326
44.9918
45.6769
45.5157
45.5588
44.851
44.9762
44.9637
45.1038
45.2129
44.9496
44.9358
44.9884
44.9458
44.812
44.6171
44.6233
45.3148
45.279
44.452
44.6512
44.5711
44.7344
44.8988
44.9446
44.6161
44.6314
44.6517
44.4384
44.2577
44.9474
44.4573
44.4484
44.1635
44.2452
44.2394
44.5843
44.5808
44.34
44.2495
44.2219
44.2176
44.0592
43.9494
43.8941
44.2951
44.1095
43.859
43.8955
44.1884
44.2156
43.9471
43.9406
43.9099
43.8632
43.7107
43.6276
43.5313
43.9563
43.7739
43.6516
43.4149
43.4524
43.852
43.7338
43.6436
43.5367
43.6188
43.5182
43.3982
43.282
43.1688
43.6053
43.4653
43.3307
43.076
43.0702
43.134
43.4893
43.2878
43.3071
43.1272
43.2675
43.1864
42.894
42.8063
43.1404
43.0434
42.9718
42.7296
42.7292
42.8116
42.885
43.1274
42.8568
42.9272
42.7492
42.8666
42.5485
42.4438
42.8119
42.656
42.4349
42.3684
42.4656
42.5475
42.7659
42.5433
42.534
42.5619
42.4813
42.4564
42.195
42.0811
42.3289
42.188
42.1206
42.0448
42.1529
42.4046
42.244
42.2047
42.2307
42.1286
42.1571
41.8245
41.7184
41.9726
41.8856
41.8111
41.7481
42.0436
41.9429
41.8649
41.9114
41.7947
41.8334
41.5054
41.5645
41.3556
41.5887
41.6827
41.551
41.3758
41.6676
41.5681
41.568
41.5914
41.5013
41.2402
41.1692
41.3278
40.9927
41.2719
41.3219
41.3223
41.1539
41.0043
41.2664
41.2371
41.2759
41.1607
40.8894
41.0146
40.6298
40.9751
40.9612
41.0238
40.766
41.032
40.7737
40.6083
40.8267
40.8493
40.9588
40.8248
40.5558
40.7413
40.2669
40.6148
40.6005
40.7167
40.4455
40.6896
40.4742
40.3835
40.2556
40.4063
40.6043
40.4806
40.4584
40.2781
40.0747
39.904
40.2397
40.2398
40.3969
40.1643
40.1065
39.9406
40.1333
40.0087
39.928
40.0405
40.2305
40.1804
40.0927
39.9306
39.7431
39.5411
39.9006
39.8791
39.7729
39.8784
39.6538
39.6578
39.7513
39.676
39.6296
39.8659
39.7021
39.604
39.398
39.1782
39.5427
39.5184
39.4136
39.5769
39.4192
39.3425
39.4447
39.3895
39.235
39.4345
39.3086
39.2521
39.046
38.8152
39.1577
39.0526
39.2073
39.1283
39.1879
39.0221
39.0518
39.1239
38.9822
38.8561
39.004
38.9098
38.7056
38.4523
38.797
38.63
38.813
38.8888
38.7684
38.7325
38.7432
38.4363
38.4839
38.6168
38.7555
38.5995
38.4368
38.5438
38.5612
38.3734
38.0894
38.4338
38.2781
38.3732
38.3956
38.0756
38.1672
38.3226
38.3893
38.1786
37.9877
38.1958
38.1296
38.2154
38.0754
37.7845
37.7265
38.0435
38.0078
38.0447
37.7149
37.8377
37.9862
37.8101
37.5935
37.7265
37.8369
37.7646
37.8648
37.5662
37.4274
37.3635
37.6246
37.3542
37.5533
1.42071e-06
1.20553e-06
1.39168
37.2235
37.3247
37.5718
37.473
37.3492
37.4721
37.5512
37.4072
37.2626
37.0898
37.0005
37.2757
36.9934
37.2081
2.52151
4.3116
4.9364
37.0036
36.9603
37.0546
37.1307
37.0913
37.2055
37.0692
36.9246
36.7434
36.6374
36.9432
36.6325
36.7301
36.8496
5.92571
8.62354
8.14401
36.7997
36.613
36.7338
-2.43603e-06
-3.51859e-06
1.12504
36.788
36.704
36.8068
36.5509
36.3687
36.274
36.57
36.2714
36.3615
36.53
36.5534
9.91482
12.9353
11.5769
36.5334
36.289
36.3828
2.42549
4.31192
4.1894
36.4323
36.3094
36.4288
36.1961
35.9645
35.9098
36.1866
36.0241
35.9094
36.2228
36.225
13.9031
17.2493
15.4184
36.23
35.9787
36.034
5.77635
8.62378
7.55042
36.0651
-21.8967
35.9189
36.0623
35.5426
35.6743
35.5444
35.7772
35.8989
35.7249
35.5461
35.928
17.8981
21.5531
19.5191
35.6979
35.7272
9.79532
11.3219
12.9355
35.7781
-499.909
-365.595
-21.8967
35.5271
35.4971
35.7011
35.1759
35.3033
35.3773
35.4616
35.5469
35.4141
35.1802
21.853
23.7584
25.9021
35.4308
35.466
13.8132
15.2822
17.2491
-400.504
-173.902
-160.136
-21.8967
35.2188
35.1046
35.1016
35.3131
34.8036
34.9793
35.0149
35.1463
35.1329
35.2047
34.8102
25.9894
28.0438
29.6628
35.1671
17.8391
19.3679
21.5529
-193.755
-226.124
-123.922
-157.982
-130.855
-235.825
-21.8967
34.8813
34.7224
34.9452
34.4236
-114.355
34.7444
34.9559
34.6467
34.8203
34.6964
34.8566
34.8956
34.4342
30.4961
31.3791
32.5772
21.8219
23.4516
25.9008
-148.536
-166.15
-79.0893
-115.555
-91.6869
-21.8967
-156.1
34.5534
34.3813
34.6312
34.3404
34.0387
-95.1575
-21.8967
-21.8967
33.2024
34.3738
34.6116
34.6013
34.4863
34.5292
34.3795
34.0545
32.7472
34.0637
25.9832
27.337
29.6592
-129.387
-133.813
-66.4058
-89.0202
-107.518
-100.264
-71.2378
-145.631
34.2329
34.0685
34.34
34.0956
33.6729
33.8585
-72.7863
-125.816
-21.8967
33.9126
29.558
-93.2074
34.5003
34.8803
33.974
34.302
34.2511
34.1869
34.1575
34.0544
33.6881
33.9208
33.8587
34.1072
30.5073
32.5406
31.5244
-114.134
-98.1664
-52.1163
-70.7956
-84.3226
-94.2248
-56.1325
33.9533
34.053
33.8064
33.7716
33.5959
33.3728
-57.9843
-84.6145
-21.8967
-81.6103
34.6913
36.0324
33.2886
33.3746
33.3131
33.8012
32.8697
33.6187
33.7188
33.9782
33.8971
33.8452
33.8006
33.7221
33.5939
35.4691
33.7145
33.9876
32.7314
34.0106
34.1217
-94.4298
-39.8687
-54.9014
-66.3898
-77.7012
-79.5664
-43.962
33.7806
33.554
33.5161
-67.1356
-21.8967
-61.2177
-76.1329
34.5935
35.9854
33.5016
34.0672
33.7188
33.3911
33.3588
33.6278
33.5304
33.479
33.4412
33.5822
33.538
39.3389
33.5864
33.9564
33.9593
34.4248
34.7335
-66.3043
-29.6571
-51.5002
-41.089
-61.6639
-33.4087
-21.8967
-54.9693
-52.486
-58.4496
34.9375
33.782
34.2445
34.8064
35.5384
-46.6286
33.0277
33.0554
33.3494
32.7869
33.3286
33.2992
33.0759
33.4605
34.0845
32.0175
33.3587
35.8759
35.7949
-47.5453
-48.8822
-20.3582
-34.8639
-26.6886
-21.8967
-40.9426
-40.6661
33.7104
34.4947
34.6937
36.8895
-35.971
32.4874
32.5934
32.2861
31.8885
32.9899
32.8376
32.0787
30.8988
40.2318
-30.7986
-34.8457
-11.8631
-24.3726
-19.317
-21.8967
-28.7592
-28.3235
33.3889
33.8915
-25.8195
-21.8967
-21.8967
-21.8967
-21.8967
32.2778
31.7673
30.5859
31.0399
30.8122
32.2974
32.3209
29.4146
32.5763
-21.476
-23.1069
-17.9104
-4.3606
-10.9385
-15.2082
-21.8967
-17.1339
32.6419
32.7303
-17.2428
-21.8967
-21.8967
25.6282
-4.5191
-21.8967
-21.8967
1.24951
2.64861
31.5931
-21.8967
-21.8967
-21.8967
-21.8967
-21.8967
-21.8967
-21.8967
-21.8967
-21.8967
-21.8967
-21.8967
-21.8967
-21.8967
-21.8967
-21.8967
-21.8967
-21.8967
28.699
30.7637
29.5567
29.7681
31.1148
31.3566
27.141
32.1483
-8.72283
-11.4266
-11.3217
-9.41154
2.13858
-5.41706
-8.42062
-21.8967
31.6094
23.976
20.0977
14.6666
16.5405
-6.20651
15.7983
-21.8967
20.4639
19.1687
22.2854
11.0235
-21.8967
23.2557
18.3491
-21.8967
31.4347
24.0268
-21.8967
25.3394
30.9343
25.5459
21.3564
26.0344
27.1693
28.0185
25.2089
-21.8967
17.9216
14.5884
17.1256
29.7269
28.5647
29.9881
30.316
25.7499
30.833
-4.38325
-0.0374146
-3.00151
-2.52134
-3.79766
7.82684
-0.000237108
17.8334
13.3188
17.5137
7.78753
6.52853
10.666
13.9146
17.0427
15.7402
25.2556
17.9949
19.0191
15.4481
27.0382
17.0176
17.7454
14.1575
26.2232
27.3249
23.7177
24.3673
-21.8967
29.245
19.7053
18.2519
16.0406
28.5122
27.3331
28.8208
29.4382
24.3143
4.52507
3.38655
1.70162
4.6071
2.97818
6.9931
12.7669
18.1071
15.4886
16.1672
16.6414
10.6198
13.6964
17.9185
17.1895
19.7573
19.1333
17.9867
19.1794
26.2206
25.03
22.1364
22.9121
30.2401
-21.8967
19.2652
18.9112
17.1526
-21.8967
-21.8967
16.4497
18.8212
-21.8967
20.4874
-21.8967
-21.8967
-21.8967
-21.8967
-21.8967
-21.8967
27.92
27.0281
25.8721
27.1078
23.6074
22.524
9.97946
9.61709
6.44389
11.4556
8.22957
9.80441
17.4364
14.8838
16.2609
17.2098
12.7138
18.203
18.1058
19.3206
20.6122
18.853
19.3375
24.926
21.2255
16.7261
29.5285
29.9402
30.2591
15.8963
19.0155
29.9821
28.5448
-21.8967
29.8147
28.3418
29.043
25.9714
-21.8967
-21.8967
-21.8967
-21.8967
-21.8967
-21.8967
-21.8967
13.0935
24.9843
24.0925
25.2008
22.0485
22.6652
20.6597
14.4217
13.1696
13.1631
13.7412
17.998
16.8607
18.4737
19.3126
19.109
19.9369
19.5134
17.407
17.3916
17.1476
17.1883
16.5528
18.7029
27.5475
18.2648
17.0479
16.8034
24.2483
20.9121
-21.8967
22.834
18.2316
31.862
27.1861
16.3907
19.6809
23.1154
23.6774
21.007
21.717
19.8444
17.1161
16.6133
16.8339
18.0939
18.7544
19.3133
19.5906
19.9854
19.5277
19.4723
18.7654
17.3061
19.6958
22.7527
16.2017
32.8498
13.2094
-21.8967
15.9745
17.5669
18.9712
19.3196
-21.8967
-21.8967
-21.8967
-21.8967
-21.8967
-21.8967
-21.8967
16.7017
21.3415
22.0702
20.3573
19.7165
19.307
19.0275
18.8509
18.6111
19.4608
19.4984
19.51
18.947
19.2081
19.2245
18.2109
17.5933
12.1684
16.1937
19.3058
18.6087
12.3484
19.6788
20.7518
25.7064
17.6391
0.645406
-21.8967
-1.10921
17.6592
16.6808
-1.73842
19.7077
20.4907
18.6685
18.7176
19.3869
19.3081
19.3734
19.1663
18.5911
18.4669
16.9095
13.4162
15.4629
17.971
18.5989
19.3646
14.6095
12.0873
13.7488
20.4571
-21.8967
17.0689
13.3494
17.878
18.7855
16.6737
18.1587
18.5607
17.6773
16.4009
15.5402
15.0709
11.538
10.7792
13.435
-21.8967
-2.019
16.3605
14.1887
15.003
16.0675
14.3276
13.0487
16.4765
14.5046
14.0113
11.9463
9.0627
11.174
-21.8967
1.40884
14.3194
10.9063
12.3872
10.6743
7.7335
12.4178
9.68055
10.6944
4.12879
7.99724
1.94603
6.55107
-21.8967
5.02517
6.35211
-21.8967
7.36661
4.51831
0.412167
6.21291
-0.030243
-2.87249
1.02442
-1.81341
1.12596
-12.3616
-21.8967
-6.01375
1.95796
-2.19512
-4.88488
-8.57217
-9.12835
-10.5404
-23.8309
-17.1916
-22.1433
-21.8967
-7.28808
-15.9353
-31.8562
-4.46866
-13.7732
-16.0311
-19.3865
-32.4832
-26.8142
-21.8967
-17.3366
-24.3758
-42.7922
-38.9218
-11.9313
-29.4665
-27.3152
-32.4392
-44.2973
-50.136
-21.8967
-31.5
-22.8633
-50.5747
-47.674
-32.8262
-19.6706
-42.4111
-46.5672
-58.8813
-61.2392
-21.8967
-44.5501
-33.2138
-58.9406
-56.1439
-46.3553
-74.401
-29.4858
-59.755
-56.9508
-67.6717
-71.6785
-71.6295
-64.4914
-21.8967
-61.5315
-45.1305
-60.325
-79.9931
-101.857
-40.4312
-79.1009
-76.3247
-89.4211
-80.7522
-86.8659
-21.8967
-77.8243
-62.327
-89.607
-116.639
-50.4444
-100.562
-99.0373
-113.111
-105.618
-21.8967
-84.5606
-94.7231
-68.4095
-108.179
-133.476
-62.9333
-127.531
-121.884
-121.004
-148.713
-21.8967
-88.9241
-107.267
-167.609
-86.2595
-147.286
-142.26
-152.526
-189.856
-21.8967
-118.031
-226.183
-109.076
-278.45
-178.299
-204.581
-232.673
-21.8967
-179.453
-21.8967
-422.519
-224.267
-391.86
-21.8967
-715.401
-21.8967
