-1.09696e-33
0.000417
6.89132e-35
0.000168409
-1.10336e-33
0.00115833
0.001112
0.000741333
0.001112
0.000741333
0.000973
0.000973
0.000417
0.00044323
1.18042e-34
0.000289676
0.00017432
7.49174e-35
0.000913778
0.000920996
0.000824487
0.000445005
0.000665989
0.000817022
0.0006551
0.000930347
0.000733001
0.000553128
1.1923e-34
0.000276576
0.000358548
1.20903e-34
0.000953566
0.000891085
0.00096871
0.000666197
0.000817128
0.000901773
0.000779115
0.000494304
0.000690147
1.27554e-34
0.000283681
0.000275048
0.00050864
1.28383e-34
0.000903649
0.000946578
0.000935618
0.00067982
0.000816979
0.000882444
0.000855769
0.000566902
0.000761358
1.29882e-34
0.000338616
0.000259985
0.000509457
-2.36329e-20
0.000932732
0.000936635
0.000742998
0.000862488
0.000580585
0.000711635
0.000868865
0.000514226
1.32136e-34
0.000254766
0.000316679
3.83461e-20
0.000931721
0.000929117
0.000727566
0.000838376
0.000521519
0.000634719
0.000800163
0.000887748
0.000355082
1.33607e-34
0.000311831
-7.6901e-20
0.000926032
0.000934696
0.000613803
0.000884161
0.000766405
0.000582319
0.000776149
0.000870414
0.000924203
0.000310802
1.34987e-34
0.000333527
4.38053e-20
0.000930904
0.000573734
0.000870991
0.000755238
0.000745389
0.000529392
0.000640847
0.000931121
0.000877111
0.000351697
1.36233e-34
0.000351441
-3.84792e-20
0.000916464
0.00082782
0.000640909
0.000790756
0.000734281
0.000531807
0.000573704
0.000931744
0.000926454
0.000876362
0.000232064
0.000429913
1.37442e-34
0.000308718
-2.69077e-20
0.000879217
0.000761038
0.000577988
0.000778377
0.000641367
0.000928158
0.000928762
0.000866519
0.000263448
0.000521544
1.38623e-34
0.000307931
9.50833e-20
0.000870396
0.000752716
0.000525691
0.000732459
0.000923854
-7.69247e-20
0.000926016
0.000878125
0.000328742
0.000613139
1.39793e-34
0.000261506
0.000847379
0.000784278
0.000486004
0.000694542
0.000909593
0.000933769
3.84603e-20
0.000929
0.000868577
0.00025792
0.000505047
0.000726524
1.40954e-34
0.000327014
0.000805747
0.000615318
0.000882076
0.000933075
1.62799e-34
0.000932161
0.000915567
0.000814962
0.000326638
0.000633436
1.42109e-34
0.000293361
0.000539156
0.000741203
0.000896868
0.000818155
1.65496e-34
0.000927892
0.000928594
0.000522724
0.000933039
0.000871377
0.000731582
0.000284465
1.43258e-34
0.000488194
0.000253124
0.000688027
0.000828294
1.6815e-34
0.000891959
0.000920168
0.00055214
0.000932872
0.000903694
0.000820079
0.000663873
0.000394616
1.44401e-34
0.000267607
0.000645249
0.000333121
0.000795591
1.70761e-34
0.000881209
0.000928004
0.000879162
0.000928491
0.000876894
0.000813451
0.000513669
0.000753775
0.000542946
0.000325241
-4.01393e-20
0.00064687
0.000344457
3.84607e-20
0.00088487
0.000932534
0.000784633
0.000927013
0.000737007
0.000810728
0.000885945
0.000599882
0.000338519
1.4667e-34
0.000546832
0.000297658
3.8461e-20
0.000860026
0.000752867
0.000926943
0.000922723
0.000682336
0.000815243
0.000577468
0.00033744
-7.5978e-20
0.000483666
0.000252388
1.78332e-34
0.000875198
0.000750059
0.000930292
0.00088502
0.000934327
0.00063076
0.000755628
0.000925777
0.000598831
0.000317221
3.79888e-20
0.000335066
-1.16219e-19
0.000792792
0.000901698
0.000862533
0.000924462
0.000538749
0.000603478
0.000760493
0.000934629
0.000912762
0.000534474
0.000718073
0.000322999
1.50031e-34
0.000313707
1.8316e-34
0.000849072
0.000821758
0.000896022
0.000662772
0.000460613
0.000933867
0.000909764
3.84616e-20
0.000825605
0.00060527
0.000781543
0.000449191
0.000234073
3.79887e-20
0.000251219
0.000671434
0.000887466
0.000484593
0.000934955
0.000899337
1.87812e-34
0.000789882
0.000608572
0.00075489
0.000329472
1.52242e-34
0.00036258
0.000617015
0.000921613
0.00084311
0.000931552
0.000875727
3.90897e-19
0.000740242
0.000895794
0.000556916
0.000711548
0.00031055
1.53339e-34
0.000268775
0.00050232
0.000931891
0.000816855
0.000925061
0.000861165
1.9229e-34
0.000747927
0.000588307
0.00089825
0.000540855
0.00069986
0.000313865
1.54429e-34
0.000328668
0.000932975
0.000821518
0.000921936
0.000859758
-1.53846e-19
0.000734034
0.000554485
0.00089261
0.000545878
0.000768528
0.000279591
1.55513e-34
0.000312484
0.000933223
0.000921491
0.000851662
1.29937e-19
0.00055279
0.000731918
0.000889911
0.000351871
0.000621436
0.000796634
1.56591e-34
0.000349469
0.000932706
0.000911423
0.000815538
7.69232e-20
0.000628495
0.000886084
0.000934648
0.000498083
0.000254846
0.000687313
0.000799258
1.57663e-34
0.000521315
0.000273424
0.000897162
0.000889179
0.000753749
-8.66781e-20
0.000927366
0.000930172
0.000872448
0.000356711
0.000617578
0.000755969
0.000248643
1.58729e-34
0.000334701
0.000611998
0.000871944
0.000789321
2.02721e-34
0.000924909
0.000926242
0.000852864
0.000767642
0.000525409
0.00060465
0.000359311
1.59788e-34
0.000252812
0.000478474
0.000684424
0.00088948
0.000808249
2.04677e-34
0.000934871
0.000900936
0.000796825
0.000696419
-4.02357e-20
0.000498682
0.000255271
1.60842e-34
0.000304445
0.000598141
0.000918211
0.000730356
0.000860416
0.000933547
0.000824337
0.00090437
0.000636981
-1.09517e-19
1.94819e-19
0.000326166
4.00715e-20
0.000520185
0.000298375
0.000933956
0.000912531
0.000669278
0.000820154
0.000733193
0.000871027
0.00050798
0.000266074
3.46154e-19
1.6293e-34
0.000586931
0.00029685
0.000512965
0.000920541
0.000930714
0.000872821
0.000729718
0.000754633
0.000852005
0.000326489
-1.15385e-19
1.63965e-34
0.000545335
0.000934832
0.000290854
0.000594388
0.00090724
0.000909785
0.000810004
0.000710716
0.000805738
0.000340314
1.10589e-19
1.64994e-34
0.000517112
0.000934874
0.000741958
0.00031569
0.000584961
0.000889897
0.000879324
0.000606607
0.000771111
0.000303803
-3.15487e-20
1.66017e-34
0.000926706
0.000927894
0.000789973
0.000336434
0.000687039
0.000498282
0.000877961
0.000898726
0.000578433
0.000745586
0.000284801
2.18752e-34
1.67034e-34
0.000934415
0.000820751
0.000325112
0.000765137
0.000573666
0.00091633
0.000847366
0.000885148
0.000930793
0.000570229
0.000750068
0.00033092
2.20316e-34
1.68044e-34
0.000931875
0.000329061
0.000762773
0.000874213
0.000588142
0.000886246
0.000925437
0.00058851
0.000809938
0.000335762
2.21835e-34
1.69048e-34
0.000932096
0.000705726
0.000314492
0.000878755
0.000597436
0.000803452
0.000929944
0.000912525
0.000527868
0.000835063
0.00032255
2.23311e-34
1.70047e-34
0.000709572
0.000289041
0.000906962
0.000541515
0.000715716
0.000849912
0.000934964
0.000906226
0.000513233
0.00083527
0.000302683
-3.65429e-20
1.71039e-34
0.000655705
0.000347299
0.000924687
0.000724201
0.000538241
0.000854225
0.000927326
0.000890197
0.000779206
0.000298294
2.26133e-34
-7.59772e-20
0.00057382
0.000312673
0.000917129
0.000932305
0.000720758
0.00053287
0.000838784
0.00087214
0.000733054
0.000292527
-4.17894e-20
3.86588e-20
0.000547963
1.53566e-35
3.76157e-05
2.65904e-35
3.80686e-05
0.000356453
0.000934901
0.000903689
0.000910596
0.000705236
0.000519689
0.000822466
0.000822417
0.000673445
0.000339365
2.28781e-34
1.73978e-34
3.78025e-35
1.80408e-19
3.80388e-05
0.000932614
0.000535187
0.00027483
0.000921447
0.000904436
0.00084939
0.000654718
0.000800767
0.000750586
0.000306823
0.000537666
2.30041e-34
1.74946e-34
4.98079e-35
3.82774e-05
-8.25296e-21
0.000934391
1.30336e-35
3.82674e-05
2.45617e-35
3.82454e-05
0.000868505
3.79097e-05
0.000349779
0.000621813
0.000887101
0.000926525
0.00073698
0.000799708
0.000571162
0.000350612
2.31261e-34
1.75908e-34
5.33997e-35
5.74311e-35
3.82392e-05
0.000927491
2.55196e-21
2.76511e-22
0.000870642
3.82389e-05
3.82744e-05
0.000265853
0.000513302
0.000734898
0.000867631
0.00093051
0.000764583
0.000632609
0.000491843
0.000254847
2.32442e-34
1.76865e-34
-4.25352e-18
3.82293e-05
1.50153e-20
0.000922791
7.11967e-35
3.826e-05
8.92909e-22
0.000880532
3.82861e-05
3.83069e-05
0.00066366
0.000934239
0.000286207
0.000501158
0.000803207
0.000887776
0.000911745
0.00081405
0.000707994
0.000553233
0.000294002
2.33589e-34
1.77817e-34
-1.8858e-16
3.82311e-05
-8.16503e-21
1.06714e-20
5.54554e-35
3.8244e-05
0.000689381
0.000914692
0.000931083
3.82478e-05
3.83062e-05
0.000277003
0.000500536
0.000818153
0.000863
0.000752451
0.000646103
0.000355587
2.34704e-34
1.78768e-34
9.87503e-15
1.8817e-21
3.82285e-05
-8.7202e-17
1.0885e-21
3.82285e-05
0.000647684
0.000932664
0.000885448
0.000917888
3.82713e-05
3.82504e-05
0.000334877
0.000768642
0.000837681
0.000745714
0.000527196
0.000266987
2.35801e-34
1.7972e-34
-8.77375e-14
3.82038e-05
-8.18971e-21
2.77668e-15
-3.01232e-21
3.82212e-05
0.000547499
0.000932021
0.000876275
0.000916492
3.83026e-05
3.82505e-05
0.00063581
0.000327005
0.000805886
0.000877152
0.00079194
0.000626371
0.00035099
3.13122e-20
1.80676e-34
-7.10031e-12
3.8203e-05
1.50313e-20
2.86141e-14
3.82116e-05
1.91552e-22
0.000933888
0.000911607
0.000477178
0.000668919
1.8164e-34
3.82407e-05
3.83645e-05
0.000262222
0.000755838
0.000874777
0.000871386
0.000922187
0.000737584
0.00051801
0.000262761
2.37826e-34
2.98503e-11
5.02183e-35
3.82528e-05
-2.31962e-12
5.42975e-35
3.82006e-05
0.00093171
0.000531193
1.82598e-34
3.82164e-05
3.7771e-05
0.000278815
0.000837567
0.000688479
0.000918078
0.00092958
0.000869166
0.000572826
0.000757667
0.000308866
2.38506e-34
9.8546e-35
3.66457e-05
-7.88615e-21
-3.00056e-11
1.37036e-21
3.81786e-05
0.000492667
3.80084e-20
-3.82435e-20
3.83241e-05
3.52181e-05
0.000323357
0.000784316
0.00089308
0.000610861
0.000933701
0.000926071
0.00087255
0.000369747
0.000614304
0.000778848
0.000244501
1.37158e-34
1.1923e-19
3.29659e-05
1.45366e-09
3.82717e-05
5.13652e-35
1.84205e-34
2.36228e-34
-3.63079e-20
3.78061e-05
-2.18651e-21
2.97286e-05
0.000510297
0.000266071
0.000745311
0.000866856
0.000930353
0.000928043
0.000867425
0.000509537
0.00071158
0.000345455
2.37396e-07
1.31463e-22
9.84777e-35
3.66961e-05
1.8419e-34
0.000233353
2.1039e-34
6.36823e-21
3.53097e-05
2.87436e-05
0.000481934
0.00061534
0.000322676
0.000887449
0.000787076
0.000936698
0.000935258
0.000894353
0.000795007
0.00063477
7.83922e-35
1.66324e-05
3.69944e-23
1.4081e-34
1.825e-34
0.000452852
0.00024905
1.19116e-19
1.95105e-21
3.27346e-05
2.91587e-05
2.82507e-05
0.000659807
0.000505266
8.50947e-20
0.000720789
0.00030018
0.00093674
0.000869569
0.000949081
0.000924007
0.000816837
1.77669e-07
3.59501e-05
6.99489e-05
3.62302e-05
2.28109e-07
1.76379e-34
0.000560068
0.00029934
0.000179775
2.93614e-05
1.69756e-05
-4.80153e-36
0.000805042
0.0005623
9.65103e-05
2.9249e-34
-1.77799e-20
0.000744105
3.16742e-20
2.42969e-34
9.5146e-05
0.000833347
0.000711333
0.000294135
0.000487255
0.000967163
0.000932222
0.000943232
1.46145e-34
0.000162937
7.04168e-35
0.000498962
0.000766917
0.000292031
2.78356e-05
2.99196e-05
3.06333e-05
2.57748e-05
5.7924e-35
0.000957518
0.000428935
0.000173673
0.000746868
2.04185e-34
0.000400524
0.000120498
0.000207731
0.000749621
1.53866e-34
2.62098e-05
9.85364e-05
0.000884716
0.000629899
0.000420042
0.000998841
1.48507e-06
0.000202306
0.000350274
2.55782e-07
0.000563745
0.000793886
0.000954645
4.99774e-05
3.22208e-05
8.04389e-05
0.000249505
0.00105077
0.000567976
0.000596157
0.00040976
0.000372226
0.000752365
0.000643796
0.000321119
2.14385e-18
2.35799e-05
0.000213461
-3.087e-20
0.000760542
0.0007551
0.000757826
0.000379037
0.000830231
0.00101716
0.00062414
0.000200705
1.35454e-34
0.000420825
0.000632919
1.52768e-07
0.000888595
0.00106149
6.86159e-05
0.000146242
2.3737e-05
0.000454193
0.00112413
0.000618253
0.000682336
0.000557119
0.00068583
0.000703151
0.00051702
0.000194911
0.000391089
-1.32619e-18
0.00076325
0.000712187
0.000703893
0.00034799
0.000503449
0.00092681
0.000768769
0.000596486
0.000731987
0.000765977
0.000489308
0.00114734
0.000739872
0.000368721
2.10001e-06
0.000708343
0.000974631
1.05661e-34
0.00113026
0.00121646
0.00019257
0.000661704
0.000704521
0.000638844
0.000723336
0.000201733
0.00036971
0.000625504
-2.17523e-17
0.000718875
0.000735989
0.000370478
0.000604418
0.0010261
0.000771908
0.000669757
0.000729164
0.000738134
0.000613397
0.000505899
0.00131094
0.00120424
0.000897827
0.000629858
4.07606e-34
0.00108047
0.00127756
0.000205253
2.41466e-07
0.000704234
0.000729985
0.000239571
0.000514355
1.58683e-34
0.000744572
0.000457172
0.000690404
0.00077648
0.000740362
0.000748277
0.000754719
0.000624076
0.000701491
0.00133383
0.00141113
0.00107999
0.00063269
0.00106489
0.000669613
4.38811e-34
0.00133765
0.000233158
1.26632e-34
0.000731087
0.000750261
0.000250267
1.41565e-20
0.000757164
0.000474153
0.000783401
0.00075716
0.000767644
0.000715852
0.000629524
0.000957708
0.00147262
0.00140883
0.00113653
0.000650772
2.09862e-06
0.00121994
0.000758134
8.24686e-09
0.00145213
0.000754501
0.000772404
0.000257447
2.17181e-34
0.000629264
0.000477936
0.000792079
0.000772176
0.000779669
0.00072905
0.000978965
0.000938478
0.000972502
0.00149884
0.00106947
0.000903541
0.000919891
0.000887466
0.000791403
0.00122625
0.00125449
0.000718388
4.10282e-34
0.00149454
0.000762326
5.87316e-10
0.000779718
0.000796763
0.000338844
3.53435e-20
0.000622786
0.000802772
0.000796915
0.000753751
0.00095657
0.000971031
0.000998256
0.00098359
0.00148637
0.00106063
0.00107679
0.00109107
0.000919442
0.000934876
0.000868096
0.000906026
0.000808798
0.00126083
0.00147643
0.0011574
0.00108973
0.000998351
0.00109607
0.00102253
0.0010467
0.00110183
0.00108342
0.00079028
0.000796276
0.00126539
4.39612e-34
0.00153191
0.000831067
5.02827e-11
0.000809653
0.000824285
0.000401781
-4.06494e-20
0.000669546
0.000819547
0.000827408
0.000943991
0.000969691
0.000994814
0.00100827
0.00108265
0.00109221
0.00109174
0.000926377
0.000911953
0.00090398
0.000844068
0.000889337
0.00153758
0.00136708
0.00115788
0.00118111
0.00115675
0.00111041
0.00110168
0.00103575
0.00111768
0.00105285
0.00112102
0.00110615
0.000802876
0.000838652
0.00115819
0.00115585
0.00111911
0.00112776
0.0011332
0.00113866
0.00114385
0.00114864
0.00115233
0.00115833
0.00115453
0.00111018
0.00111458
0.00115827
0.00115981
0.000714622
4.97685e-09
0.00143128
0.00111939
0.000748404
0.00127554
-5.47365e-13
0.000851967
0.000853557
0.000400437
-4.17808e-19
0.00069435
0.000862082
0.000940683
0.000966822
0.000997054
0.00102748
0.00104768
0.0010837
0.00110145
0.00109063
0.000922527
0.000908964
0.000884002
0.00153227
0.00150005
0.00117733
0.00116557
0.00117334
0.00117695
0.00110872
0.00111574
0.0011326
0.000845095
0.000879491
0.00113883
0.00112332
0.00115513
0.00116063
0.00117091
0.00116297
0.00117418
0.00118102
0.00113551
0.00118063
0.00115802
0.00115152
0.00115664
0.00115754
0.00102976
9.03627e-10
0.000713648
0.00124996
0.000783971
0.00123894
0.00151113
-9.62878e-14
0.000888207
0.000434529
5.08318e-20
0.000718108
0.000930593
0.000958254
0.00100425
0.00106613
0.00109187
0.00110644
0.000915657
0.00150579
0.00117319
0.00117043
0.00117368
0.00117527
0.00111852
0.00112744
0.000828844
0.000905867
0.000917949
0.00113871
0.00113093
0.00114968
0.00116555
0.00115771
0.00117213
0.00117389
0.00117827
0.00117688
0.00115652
0.00117517
0.00117595
0.00115547
0.00105315
0.00115291
0.00108632
0.00114095
0.00111883
0.00115423
0.00113263
0.0011515
0.00117641
0.00114971
0.00112815
0.00114733
0.00114426
0.00112376
0.00113708
0.00116032
3.7364e-11
0.00078377
0.00129065
0.000832293
0.00135656
0.00153516
2.4417e-15
0.000933946
0.00055602
2.09792e-19
0.000955594
0.000991611
0.00105209
0.00109241
0.00111503
0.00117497
0.00117059
0.00116148
0.00117431
0.00113092
0.000940512
0.000849875
0.00097034
0.00115214
0.00113809
0.00117631
0.00117055
0.00117353
0.00115974
0.00116839
0.00117712
0.00117873
0.00110263
0.00109206
0.00108041
0.00116101
0.00111269
0.00113961
0.00115415
0.00115977
0.00116392
0.00114236
0.00116565
0.00115715
0.00104907
0.00105741
4.26313e-20
0.0011054
0.00109826
0.00103933
0.00107343
0.00106559
1.02207e-19
0.00111685
0.00150885
0.00115981
-3.06878e-12
0.000790024
0.0012932
0.000769042
0.00128626
0.00149532
0.000989551
0.000672113
0.00101668
0.00107996
0.00110358
0.00113706
0.00117585
0.00116263
0.00117453
0.00115139
0.000985228
0.00103489
0.00103272
0.00117344
0.00117258
0.00117224
0.00117169
0.00116275
0.00109624
0.00111745
0.00110438
0.0011568
0.00113709
0.00113306
0.00115115
0.00114117
0.00106269
0.00107682
0.000714159
0.00111956
0.00102822
0.00105311
0.00108972
0.00113916
0.0015
0.00115976
0.00101614
-1.08526e-13
0.000789769
0.00125895
0.00118875
0.00141723
0.00147394
0.00108705
0.00108871
0.00114099
0.00116127
0.00117325
0.00117617
0.00117444
0.0011494
0.00112127
0.00117094
0.00116803
0.00110808
0.00109691
0.00111765
0.00107736
0.0011588
0.00115027
0.00113496
0.00105855
0.0010369
0.00103937
0.0010255
0.00100237
0.00098848
5.26251e-15
0.000715562
0.00134342
0.00108502
0.00130553
0.00140337
0.00116856
0.00118455
0.00117517
0.00116639
0.00117234
0.00117985
0.0012312
0.00110132
0.00112247
0.00107864
0.00114996
0.0011382
0.00103627
0.00105343
0.00102072
0.00101112
0.000974701
0.000958285
0.000940592
0.000924078
0.0010192
4.77939e-34
0.000692527
0.00113282
0.00129843
0.00129444
0.0011932
0.00122638
0.00115752
0.00116984
0.00111547
0.00107807
0.00112561
0.00103117
0.00099779
0.00097984
0.000960827
0.000941054
0.000909174
0.00100447
5.33565e-34
0.000762288
0.00107025
0.00119851
0.00115491
0.00116251
0.00111853
0.00107442
0.000989475
0.00098233
0.00102448
0.000970473
0.000934222
0.000933432
0.00089232
4.48068e-34
0.000616021
0.000933066
0.00107149
0.000985958
0.00106914
0.00102662
0.000940636
0.000964014
0.000934577
0.000919322
0.000870879
3.84666e-34
0.000845219
0.000497297
0.000985138
0.000938905
0.00089583
0.000913278
0.000938501
0.000842569
3.46311e-34
0.000869385
0.000731174
0.00045346
0.000921366
0.000861919
0.000889555
0.000815683
0.000798556
2.56721e-34
0.000826821
0.000872706
0.000754965
0.000374192
0.000616771
0.000819428
0.000851815
0.000787484
0.000788281
0.000781547
0.000778093
0.000326504
1.73208e-34
0.000801566
0.000828158
0.000751617
0.000577905
0.000804579
0.000770061
0.000756245
0.000776218
0.000787517
0.000772318
0.000754931
0.000322132
1.28804e-34
0.000796064
0.000772249
0.000708776
0.000561455
0.000774548
0.000739161
0.00077939
0.000769104
0.000755627
0.000763913
0.000257483
0.000473588
3.71559e-18
0.000768634
0.000735828
0.000650599
0.000766498
0.000741978
0.000728244
0.000766055
0.00075633
0.000212622
0.000425905
0.000589206
1.38854e-34
0.000743139
0.000751952
0.000691973
0.000749672
0.000746644
0.000724087
0.00076325
0.000716536
7.47874e-35
0.000355461
0.00056959
0.000725984
0.000733625
0.000678024
0.000731961
0.00073694
0.000760542
0.000709776
0.000198118
-6.35401e-21
0.000380345
0.000505965
0.000602673
0.000704511
0.000713357
0.000657397
0.000721823
0.000757826
0.000699061
0.00019796
1.48846e-20
0.000301786
0.000465511
0.000573206
0.000660816
0.000680894
0.000704078
0.0007551
0.000670509
1.42751e-34
0.000275174
0.000499461
0.000619139
0.000674028
0.000644004
0.000752365
1.55681e-34
0.000468907
0.000378459
0.000592746
0.000592485
0.000749621
3.69984e-19
0.00053406
0.000389497
0.000746868
-2.28215e-19
0.000371647
0.000744105
2.12432e-34
