0.00125838
0.00134713
0.00115643
0.000661527
0.000480178
0.00115603
0.00102398
0.000856526
0.00106365
0.000314634
8.53714e-05
0.00018151
-1.3434e-34
0.00142679
0.0012719
0.00107599
0.00117894
0.000295027
0.000670797
0.000485924
0.000957935
0.000833673
0.00100604
0.000130924
-6.54271e-05
2.24755e-05
-3.27241e-34
0.00135398
0.00149037
0.00135087
0.0012588
0.00106397
0.00115512
0.000365261
0.000475206
0.000232926
0.00104368
0.000703362
0.000910506
0.000996285
-5.13548e-05
4.5504e-05
-1.55081e-34
0.00137296
0.00151041
0.00139527
0.00135313
0.00126256
0.00112732
0.000605542
0.000196875
0.000398259
0.00100645
0.00105585
0.000846929
-1.67868e-05
7.32384e-05
1.06284e-20
0.00134726
0.00140847
0.00136431
0.00147535
0.00133476
0.00139097
0.00122976
0.000490379
0.000295768
0.00109356
0.000951388
0.000710819
3.62753e-05
1.29664e-20
0.001374
0.00139578
0.00130575
0.00141687
0.00134504
0.00125119
0.0013536
0.00129895
0.000471781
0.000279455
0.00102308
0.00076322
0.00112597
0.000116131
-2.55328e-21
0.0013749
0.00139568
0.00116624
0.00124965
0.00134991
0.00124802
0.00114062
0.00123145
0.00128104
0.00135795
0.0013923
0.00129516
0.000477785
0.000902282
0.00109337
0.00019267
-4.07974e-35
0.00137888
0.00113966
0.00127371
0.00114264
0.00106861
0.00104681
0.00111778
0.00115651
0.00128168
0.00137847
0.00139704
0.00133707
0.0005417
0.000896706
0.00109321
0.000291553
1.75063e-35
0.00107716
0.00120298
0.00103748
0.000978454
0.000956978
0.000994366
0.00100874
0.00109184
0.00122174
0.00134478
0.00139432
0.00137133
0.00124463
0.00102886
0.000740493
0.00038134
7.47103e-35
0.000953107
0.00113585
0.000927285
0.000924026
0.000879786
0.00107154
0.000909708
0.000918671
0.00094571
0.00101733
0.00117532
0.00131831
0.00138987
0.00137569
0.00125408
0.00105917
0.000379723
0.000779848
0.00031841
1.438e-34
0.000907448
0.00113148
0.000852189
0.000873793
0.000865716
0.000856943
0.00102021
0.000833682
0.000836839
0.000899353
0.0012381
0.00135642
0.00139001
0.00135612
0.00122646
0.000984279
0.000689172
0.000434001
-1.78299e-20
0.000834117
0.000877274
0.00101944
0.000782589
0.000795837
0.000800014
0.000975945
0.000802107
0.000840019
0.000703156
0.000552137
0.000614182
0.00114013
0.00130344
1.89785e-34
0.00137246
0.0013399
0.00104965
0.00121595
0.000764534
0.000420351
0.000959013
0.000662408
0.000862659
0.00066676
0.000774901
0.000931933
0.000799201
0.000772035
0.000789451
0.000529514
0.000455221
0.00029327
0.000272639
0.00132832
0.00100234
0.00121141
0.000368397
-1.31318e-20
0.0013489
0.00130886
0.00119327
0.000726908
0.00102707
0.000484681
0.00068446
0.000527017
0.000648499
0.00073518
0.000875559
0.000740052
0.000728009
0.000141774
0.000360903
0.000345803
0.000244854
8.36174e-05
5.05207e-05
0.000853776
0.00127977
0.00112341
2.10695e-34
0.000338845
0.000537256
0.00132477
0.00122048
0.00132004
0.000871193
0.00113266
0.000240398
0.000471722
0.000639343
-2.10504e-19
0.000291898
0.000439441
0.000534548
0.000601189
0.000801743
0.000639973
0.000365556
0.000290467
-2.75643e-20
0.000230072
0.000125781
6.14976e-06
-2.59392e-05
-3.63565e-05
0.000667779
0.00100543
0.00123023
2.19193e-34
0.000356429
0.000707346
0.00132344
0.00129131
0.00102077
0.00122086
0.000427681
0.00053281
6.22057e-19
4.27264e-19
0.000334436
0.000733203
0.000445296
0.000714893
0.000501754
0.000329797
0.000242755
0.000279431
-7.11892e-35
2.43843e-05
0.000192545
0.000116277
-5.07458e-05
-7.45298e-05
-6.746e-05
0.000919207
0.000394559
0.00111361
0.00125057
2.27244e-34
0.000563019
0.00090664
0.00131487
0.00131436
0.00114623
0.00127911
0.000392277
3.23619e-19
0.000207215
0.000651216
0.000386991
0.000637267
0.0003216
0.000242335
0.000209649
-8.38519e-35
-9.85168e-05
-4.91479e-06
-1.54838e-05
7.93348e-06
-7.11472e-05
-8.02254e-05
-2.41388e-19
0.000929935
0.000357357
0.00113337
0.00127897
-2.8675e-20
0.000771469
0.00107149
0.00131988
0.00126366
0.000489246
0.000120233
0.000661311
0.000573548
0.000513965
0.000454631
0.000236127
2.99092e-05
0.000152165
-7.07058e-05
-3.06627e-18
-0.00010622
-8.5731e-05
-6.45096e-05
-7.4152e-05
-6.70765e-05
-9.37014e-05
-2.52241e-19
0.000884351
0.000467647
0.00121992
0.00107568
0.00130151
2.42498e-34
0.000358431
0.000886742
0.00123378
0.00112745
0.00131551
0.000373149
0.000732806
0.000394939
0.000232403
0.000283326
0.000337277
-7.50019e-05
-7.55703e-05
-0.000108641
-0.000156042
5.14581e-18
-0.000116108
0.000187688
-5.8357e-05
-0.000138466
-0.00016483
2.53307e-19
0.000407907
0.000803172
0.00105147
0.00121855
0.00130081
2.4979e-34
1.66403e-34
0.000289332
2.24013e-34
0.000310815
0.00101343
0.00128106
0.00120163
0.00131844
0.000532303
0.000897034
4.07219e-34
0.000972216
-1.86779e-20
-0.000147856
-0.000149931
-0.000178567
-0.000191701
-0.000152585
1.18727e-35
-0.000150694
0.000153621
-0.000105546
-0.000154888
5.46412e-19
0.000662079
0.000352368
0.000910296
0.00112607
0.00126151
0.0003541
-1.0976e-20
1.5625e-10
0.000328899
-6.64254e-20
0.000338734
0.00112227
0.0013037
0.00125401
0.00131333
0.000772462
0.0010684
-4.75835e-20
1.25696e-19
0.0003827
0.000624119
0.000974155
0.000340647
1.61617e-17
-0.000121927
-0.000157422
2.76957e-05
8.96747e-05
0.000108398
0.000128608
7.10393e-05
5.08123e-05
-5.39882e-19
0.000368036
0.00067076
0.000937578
0.00113514
0.0012569
0.000619851
0.000350284
2.63716e-34
6.17983e-34
0.000358308
4.48659e-34
0.00124585
0.00131052
0.00131203
0.000913181
0.00123246
0.00112728
0.00066258
0.00064983
0.000977736
0.000806229
0.000572083
0.000295514
1.70951e-34
2.55027e-19
0.00040159
0.000699298
0.000953316
0.00113736
0.00123592
0.000699834
0.000414089
-1.96701e-20
4.06211e-09
0.000310697
0.00031319
4.4991e-34
0.00130362
0.00131263
0.000953402
0.00128482
0.00116586
0.000833145
0.000795183
0.000981305
0.000853336
0.000275644
0.000703985
0.000510063
2.07616e-34
-2.0788e-19
0.000377561
0.000739504
0.00104958
0.00121949
0.000716689
0.000351137
2.76567e-34
0.000353385
6.99493e-34
4.51813e-34
0.00131044
0.00131784
0.00100237
0.00127916
0.00118473
0.000861219
0.000756873
0.000834843
0.000882933
0.000899555
0.000984862
0.000988407
0.000897402
0.000992099
0.000259208
0.000493372
0.000654866
2.27518e-34
2.30999e-20
0.000477735
0.00085262
0.00107584
0.00122541
0.000490675
2.25639e-20
0.000339836
9.18386e-34
4.31742e-34
0.00131855
0.00129721
0.00131853
0.00111377
0.00126913
0.000743035
0.00100864
0.000824985
0.000913297
0.000931858
0.000940074
0.00095966
0.000930944
0.000996268
0.000463496
0.000255244
0.00067334
1.73837e-20
0.000668292
3.08498e-34
0.000369525
0.000913159
0.00109064
0.00122238
0.000366055
2.86448e-34
0.000617052
4.1407e-06
4.25053e-34
0.000311833
0.00128806
0.00131688
0.00129808
0.00120737
0.00112344
0.000900258
0.00100098
0.000994162
0.000846556
0.000925353
0.000962405
0.000962599
0.000979292
0.000960057
0.000521427
0.000328078
0.000742871
2.46196e-34
0.000330258
0.000684866
-1.15512e-20
0.000337385
0.000915777
0.00115579
0.000326323
2.87949e-34
0.000625488
1.52979e-20
0.000238595
4.06159e-06
0.00028001
0.00127052
0.00132361
0.0012611
0.000902087
0.00111172
0.00100678
0.00101495
0.00101081
0.00101364
0.00094597
0.000902867
0.000978611
0.00099349
0.000629654
0.000462723
0.000859703
2.79634e-34
0.000542771
1.76278e-19
0.000985922
0.000753058
0.00113112
0.0012356
4.31187e-20
0.000393396
0.00074291
2.64651e-34
2.16855e-34
2.23092e-34
0.000223145
0.000194631
5.55496e-34
0.00131467
0.00131992
0.00123599
0.00103667
0.0012555
0.00127201
0.00128631
0.00117527
0.00116214
0.00114743
0.00113203
0.00109755
0.0010399
0.00103597
0.00102247
0.00102228
0.00105926
0.000989752
0.000987378
0.00101695
0.000397477
0.000760886
0.000967194
2.79848e-34
0.0003641
0.000642215
2.16189e-20
0.000906248
0.00109224
0.00125923
0.000416696
0.00100693
0.000739559
1.61876e-34
0.000424832
0.000257711
0.00019769
0.000169246
1.30729e-06
0.0013382
0.00132286
0.00121481
0.00132485
0.00119032
0.00127264
0.00121311
0.00123597
0.00134756
0.00136512
0.00131131
0.00129889
0.00138194
0.00126351
0.00124943
0.00110769
0.001119
0.00125531
0.00125663
0.00123354
0.00108741
0.00107431
0.00122428
0.00103661
0.0010566
0.00136918
0.00134265
0.00140224
0.00143221
0.00145898
0.00149271
0.00148063
0.00106176
0.00109334
0.00105039
0.000709418
0.000442118
0.000940009
0.00105476
-5.48987e-21
0.00110379
0.000331113
0.000635227
2.81406e-34
0.000851195
0.00132252
0.00121428
0.00149962
0.00153983
0.00150451
0.00150741
0.00150934
0.00151087
0.00151049
0.00116073
0.000811627
0.000792307
0.000266436
0.000527987
0.000260152
0.000217805
0.000121264
4.69248e-34
0.00136946
0.00132805
0.00140234
0.00126941
0.00129997
0.00130421
0.00133608
0.00135256
0.00136022
0.00137159
0.00139145
0.00125016
0.00128304
0.00126626
0.00128004
0.00124922
0.00123278
0.00125581
0.00113916
0.00118141
0.00143362
0.00147665
0.00153706
0.00149783
0.00152864
0.00154722
0.00111884
0.000452894
0.00111833
0.0008318
0.000805051
0.00105647
2.55646e-34
0.000988198
0.000424281
-2.73018e-19
0.00067937
0.00134411
0.00114336
0.00158035
0.00151332
0.00155915
0.0015739
0.00151038
0.00156326
0.00150915
0.00150744
0.00150542
0.00150312
0.00147632
0.00149735
0.00150048
0.00149323
0.00148718
0.00146187
0.00145035
0.00132399
0.001108
0.00112784
0.000879444
0.000522635
0.000467704
0.000302835
1.88415e-06
0.00142088
0.00137981
0.00132046
0.00125967
0.00131839
0.00132807
0.00136303
0.00123889
0.00127368
0.00127998
0.00125279
0.00124421
0.00123069
0.00123189
0.00123733
0.0011794
0.00139938
0.00141784
0.00146252
0.00147879
0.00152134
0.00153394
0.00118118
0.000492926
0.00115707
0.000990133
0.00105029
-6.22117e-16
0.00138939
0.00082949
0.00034214
1.20641e-19
0.000448844
0.0013911
0.000800065
0.00117728
0.00154132
0.0015505
0.00139886
0.00140904
0.00155541
0.00155076
0.00155456
0.00156635
0.00156097
0.0015482
0.00154931
0.00154332
0.00152432
0.00155157
0.00155876
0.00150965
0.00141842
0.00143432
0.00142652
0.00144186
0.00150225
0.00137957
0.00127913
0.000961297
0.000682328
0.000459207
6.47605e-34
0.00150718
0.00137386
0.00131616
0.00127992
0.00134614
0.00126604
0.00125317
0.00123887
0.00124968
0.00123269
0.00121853
0.00122305
0.00147255
0.00140144
0.00144222
0.00153714
0.00150214
0.00152673
0.00122986
6.45461e-06
0.000662387
0.00111839
0.00119298
5.18285e-13
0.00137063
0.00137997
0.00136377
0.00135885
0.00143808
0.00144206
0.00135163
0.00135502
0.00134851
0.00134547
0.00134251
0.00150869
2.23217e-34
0.00037727
0.000584671
0.00138405
0.000989848
0.00154912
0.00148962
0.00146722
0.00149907
0.0015552
0.00153975
0.00153844
0.00153095
0.0015109
0.00154262
0.00148861
0.00148489
0.00148841
0.00147628
0.0014695
0.0015447
0.00141568
0.0010588
0.000668774
0.0016385
0.00136288
0.00131241
0.00125898
0.00126741
0.00126033
0.00142116
0.00146988
0.0013972
0.00153391
0.00156063
0.00127115
5.33993e-06
1.03826e-33
0.000989506
0.00125723
6.95803e-11
0.000796051
0.00142206
0.00143531
0.00141687
0.00141341
0.00142578
0.00141427
0.00141854
0.00141001
0.0014148
0.00142637
0.00133958
0.00141391
0.00133648
0.00154475
0.000407898
-1.01198e-20
0.000258031
0.000801315
0.000538288
0.00121269
0.00155569
0.00146177
0.00143293
0.00150924
0.00154534
0.00154458
0.0015381
0.00149604
0.00148891
0.00146925
0.00147747
0.00147121
0.00171533
0.00156856
0.00117125
0.0017619
0.00133773
0.00129116
0.00128773
0.0013779
0.00155376
0.00148607
0.00146448
0.0015376
0.00131314
0.000777814
7.76243e-34
0.00134444
9.5496e-09
1.00163e-09
0.00126961
0.000927862
0.00140775
0.00140908
0.0014254
0.00142286
0.00131037
0.00138183
0.00140428
0.00132711
0.00133263
0.00139562
0.00139479
0.00141404
0.00140504
0.00140959
0.00031752
0.00151101
0.00031749
0.000278004
0.000295664
0.000215384
-6.72555e-21
0.000181896
0.000540117
0.00102552
0.00154925
0.00145998
0.00150945
0.00154339
0.00148817
0.00147383
0.00149928
0.00187246
0.00177127
0.00183723
0.00135447
0.00145218
0.00155862
0.00153746
0.00138303
0.00123018
0.00102915
0.00144809
0.00106428
0.00139765
0.00130128
0.00140997
0.00141392
0.00142527
0.00131924
0.00138881
0.00139079
0.00140007
0.00140119
0.00140038
0.00137653
0.00137497
0.00138926
4.04214e-34
0.000177963
2.02074e-06
0.00149102
0.000186286
0.000202037
0.00015218
0.000221952
-3.57978e-20
0.000272872
2.91106e-06
0.000847693
0.00154514
0.00145084
0.0015065
0.00147627
0.00185644
0.00198035
0.00175076
0.00146128
0.00154855
0.00155799
0.00153062
0.00175493
0.0016087
0.0015979
0.00161816
0.00127266
0.0012916
0.0013771
0.00128236
0.00140541
0.00142192
0.00137798
0.00138809
0.00136756
0.001358
0.00140044
0.00137827
0.00137879
0.00139313
0.00138491
5.12355e-34
0.00112945
0.000114622
0.00196856
4.30581e-34
1.45865e-06
2.00773e-06
7.54195e-20
0.00031546
9.34252e-34
0.00109494
0.00151858
0.00144576
0.00148216
0.00202727
0.00175529
0.00157188
0.00153656
0.00157581
0.0016436
0.00197435
0.00185731
0.0017699
0.00126054
0.00135266
0.00134696
0.00136299
0.00140336
0.00142144
0.00133495
0.00137505
0.00136227
0.00136051
0.00139246
0.00138247
0.00138326
0.00124448
7.96026e-34
-1.17427e-20
0.00034528
7.78749e-34
0.00100521
0.0014864
0.00144545
0.00195324
0.00144382
0.00162431
0.00151425
0.0015685
0.00173489
0.00191144
0.00135114
0.00134378
0.00132752
0.00140536
0.0014232
0.00134429
0.00137176
0.00136476
0.00138801
0.0013759
0.00132847
0.00122411
0.00120211
7.09814e-34
4.50929e-34
0.00032121
0.000324566
2.41874e-09
0.00145785
0.0017539
0.00109793
0.00162406
0.00151147
0.00172985
0.00134531
0.00133229
0.00139572
0.00141502
0.00133914
0.00135775
0.00137499
0.00130307
0.00130198
0.00117907
0.00127656
1.44561e-09
2.25818e-18
0.000358213
2.58127e-10
0.00144189
0.000952107
0.00144942
0.00149209
0.00153615
0.00128356
0.0013239
0.00137818
0.00139295
0.00133385
0.00135289
0.00129126
0.00115509
0.00130292
0.00126456
5.43326e-34
-8.63233e-21
0.000326189
0.000346808
5.12436e-11
0.00138478
0.00135719
0.00090961
0.00133253
0.00128623
0.00125988
0.00134404
0.00127946
0.00131155
0.00127342
0.00113069
0.00125879
0.00127856
5.62494e-11
0.000297151
-6.66913e-22
0.000306443
-1.65287e-13
0.00132667
0.000636542
0.00105496
0.00124973
0.00122934
0.00127471
0.00129799
0.00127248
0.00110589
0.00125129
0.00124956
0.00121507
0.00108199
0.000358143
1.56975e-34
2.23846e-34
4.47334e-34
0.0012701
0.000579946
0.000962451
0.00118208
0.00122734
0.0012352
0.00124734
0.00119228
0.00124693
0.00119841
0.00105911
3.8706e-34
0.00121103
0.000632018
0.00100113
0.00113574
0.000790569
0.00120418
0.00119437
0.00119801
0.00118833
0.00114421
0.00103786
3.3753e-34
0.000402055
0.00113796
0.00101435
0.000572743
0.000912385
0.00114858
0.00113488
0.00110242
0.0010219
3.03796e-34
0.000375482
0.00110194
0.00104948
0.00100988
0.000719595
0.000905921
0.00108839
0.00107168
0.00106406
0.00101213
0.00103311
-1.03005e-17
0.000579985
0.000314309
0.00105604
0.00102689
0.000939031
0.000991881
0.000801095
0.00104612
0.00103378
0.00103228
0.00100449
0.00100461
-1.19693e-17
0.000613234
0.000304362
0.0010152
0.000975711
0.000832602
0.000927328
0.00101448
0.00101586
0.00100108
0.00100735
0.000999485
0.000980863
1.81504e-34
0.000693557
0.000496977
0.000246885
0.000840429
0.000985411
0.000937388
0.000996603
0.00098722
0.00098887
0.000995565
0.000965731
1.28662e-34
0.000670056
0.0004403
0.000228335
0.000536018
0.00082443
0.000927223
0.000971438
0.000978136
0.00099194
0.000955416
6.05563e-20
0.00068602
0.000299927
0.000504667
0.000799993
0.000887399
0.000963022
0.000938569
0.000957467
0.000937523
0.000988407
1.29654e-34
0.000641365
0.000341387
0.000787188
0.000883811
0.000944609
0.000930932
0.000904904
0.000984862
3.34538e-20
0.000313954
0.000590621
0.000774621
0.000885163
0.000878059
0.000981305
1.86555e-34
0.000464301
0.000708797
0.000844644
0.000834907
0.000977736
2.49854e-34
0.000592151
0.000751054
0.000974155
3.32027e-34
0.00047001
0.000972216
2.831e-34
