0.00149133
0.00150213
0.00137371
0.00132902
0.00140472
0.00130514
0.00115819
0.00116737
-1.19995e-33
0.00119656
0.00132079
0.00139282
0.00124795
0.00100909
0.000837377
0.000904592
1.59385e-34
0.000480748
0.000189238
0.000773184
0.00088256
0.00120314
0.00132959
-1.16419e-33
0.000436445
0.000152455
0.00134155
0.00120598
0.000945068
0.000483698
0.000912241
0.000309739
2.27919e-34
0.00049346
0.0012864
0.00109649
1.4707e-34
0.000278045
0.00129112
0.00125843
0.0010812
0.000850215
0.000634442
0.000419624
0.000842916
0.000317502
2.60748e-34
0.00115609
2.3248e-34
0.000698826
0.00126291
0.00120058
0.00126241
0.00116614
0.00101515
0.000842794
0.000607124
0.000367146
-2.67435e-19
0.000990285
0.000322532
-3.81451e-20
0.000707858
0.001244
0.0012114
0.00122235
0.00111156
0.00107193
0.000598459
0.000854839
0.000364326
-3.87651e-19
0.000933287
0.000317269
2.82405e-34
0.000666091
0.00104114
0.00123672
0.00118883
0.00117933
0.00102061
0.00059515
0.000831389
4.0918e-20
0.000443982
0.000805597
0.00032553
2.83893e-34
0.00114487
0.00102329
0.000845058
0.00122409
0.00121759
0.00114278
0.000746392
0.000991304
0.000601744
-3.53044e-19
0.000365561
0.000322145
4.26504e-20
0.00115704
0.00102998
0.000813669
0.00121048
0.00122158
0.00113254
0.00049444
0.000797786
0.00100043
0.000576174
-4.38967e-19
0.000317192
2.81803e-34
0.00114612
0.00099812
0.000808624
0.00121619
0.000305394
0.00121512
0.0011456
0.000594741
0.000815495
0.00102182
0.000587159
3.28271e-34
0.000339559
4.10637e-20
0.00113633
0.00101528
0.000832011
0.00121718
0.000319123
0.000839136
0.00121327
0.00114757
0.000536055
0.0010132
0.00066356
-3.68227e-19
0.000381948
2.76549e-34
0.000959325
0.00112596
0.00121597
0.000734848
-3.95316e-19
0.000382861
0.000936244
0.00121128
0.00114543
0.000355166
0.000739098
2.73583e-34
0.00100277
0.00114635
0.0012217
0.000649484
3.8129e-19
0.000297392
0.000621495
0.00104871
0.00085333
0.0012101
0.00121067
0.00114635
0.000335233
0.000891735
2.70501e-34
0.00110752
0.000607361
4.33641e-19
0.00045209
0.000759849
0.00100921
0.000791126
0.00120503
0.00122445
0.00119404
0.00113239
0.000385088
0.000989221
0.000320017
2.6732e-34
0.00111953
4.01461e-19
0.00062267
0.000857403
0.000993701
0.000628284
0.00087517
0.00122395
0.00120362
0.0011862
0.00110683
0.000323396
0.00104329
0.000312053
0.000610976
2.64047e-34
3.59178e-19
0.000871473
0.000610425
0.00101381
0.000846299
0.00122295
0.0011999
0.000618413
0.00114793
0.0011318
0.000334013
0.00102384
0.000429515
0.000770102
2.60682e-34
2.11273e-20
0.00102861
0.000852924
0.00122451
0.00119926
0.00119749
0.000580755
2.57225e-34
0.00112859
0.00115266
0.000315506
0.000970108
0.000442752
0.000750615
3.27947e-34
0.00100985
0.000814247
0.00122204
0.00120785
0.000577748
0.000302173
2.53676e-34
0.00100662
0.00114273
0.00113721
0.00121341
0.000315278
0.000804917
0.000595387
3.27472e-34
0.000830935
0.000994028
0.00121463
0.000599594
0.000387715
2.50035e-34
0.00112
0.00100678
0.00115004
0.00120603
0.00122204
0.000378115
0.000781802
3.80277e-19
0.000793501
0.0010179
0.000528442
0.000382639
2.46302e-34
0.00117588
0.000824425
0.000595295
0.00101923
0.00118297
0.00122457
0.000306702
-3.47785e-19
0.00083379
0.00101297
0.00113226
0.000791071
0.000622929
0.000331273
2.42478e-34
0.00121211
0.00059841
0.00111283
0.00100047
0.00120077
0.00121797
0.000344006
3.29557e-19
0.000835915
0.00115738
0.00103127
0.000866079
0.000627517
0.000334185
2.38562e-34
0.0012203
0.000655656
0.00113611
0.00104557
0.0012184
0.00117036
0.000327119
3.24633e-34
0.000932813
0.00120767
0.00111693
0.000867796
0.000623213
0.000412222
2.34554e-34
0.000588105
0.000842812
0.00101818
0.00115794
0.00122408
3.23686e-34
0.000340332
0.00106027
0.00118233
0.000794258
0.000371987
0.000699351
2.30455e-34
0.000681485
0.000953782
0.000963321
0.00111875
0.00119645
0.00121148
0.00122302
-3.38024e-19
0.00043992
0.00113951
0.00032692
0.000645483
0.000894938
2.26264e-34
0.000794922
0.00102751
0.000586812
0.00109447
0.00119607
0.00121676
0.00032777
-2.98871e-19
0.00066901
0.00114019
0.000308573
0.00083966
0.00103164
2.21981e-34
0.000945624
0.000611791
0.000854767
0.00116308
0.00121862
0.00121613
0.000301572
0.000548885
-4.2253e-20
0.00082575
0.00118321
0.00105066
0.000347097
0.00104137
2.17607e-34
0.00068589
0.000998356
0.00122272
0.0011603
0.000649011
0.000379842
2.44479e-19
0.000922894
0.00120884
0.00110618
0.000347366
2.13141e-34
0.000611719
0.000859629
0.00114885
0.00106255
0.00121796
0.000746664
3.17515e-34
0.000525398
0.000986183
0.0011386
0.00121471
0.000373994
4.52743e-20
0.000770758
0.000979449
0.00119651
0.00113547
0.000343589
0.000582104
0.00122449
0.000838031
3.15995e-34
0.000678276
0.00104771
0.00117507
0.000325305
2.03934e-34
0.000815425
0.00100228
0.00121394
0.00114679
0.000348623
0.000593382
0.00121094
0.000949277
3.14379e-34
0.000608318
0.000850971
0.0011216
0.00033566
1.99193e-34
0.00084381
0.00101936
0.00122309
0.00121197
0.00114156
0.000347823
0.000664176
0.00117522
0.0010576
3.12668e-34
0.000678048
0.000962706
0.00035985
1.94361e-34
0.000981981
0.00121729
0.00121587
0.00114607
0.00035455
0.000762027
0.00113871
-4.69295e-19
0.00082817
0.000552489
0.00102194
1.89437e-34
0.000517399
0.00101587
0.00121378
0.00121758
0.00115173
0.000839323
3.74823e-35
5.98657e-05
0.000439388
0.00114885
-4.2253e-20
0.000819275
0.00103721
1.84421e-34
0.000378579
0.000776046
0.00102291
0.00121229
0.00121747
0.00115702
1.50401e-20
5.98947e-05
4.50832e-05
2.41807e-35
0.000344701
0.000688928
0.000596872
0.00113616
3.06962e-34
0.000963701
1.79315e-34
0.000308826
0.00101287
0.000840206
0.00121546
0.00122112
0.00114399
5.9833e-05
1.18872e-19
8.62394e-35
0.000483681
0.000829472
0.000579346
2.43027e-35
3.75054e-35
0.00120885
0.00081009
0.0010456
0.00118571
5.31916e-19
1.74119e-34
0.000314171
0.00101224
0.00122038
0.00114547
5.98643e-05
3.91814e-14
-1.78754e-19
0.000811208
0.000423439
0.000593078
5.99483e-05
1.65002e-18
9.72984e-21
0.00121819
0.000852007
0.000715973
0.000988516
0.00113674
3.02687e-34
1.68833e-34
0.000332336
0.0010379
0.00120325
0.00115575
-1.35948e-12
5.99088e-05
1.40072e-20
0.000399623
0.000644794
5.98969e-05
-2.47098e-17
-4.94625e-21
0.00121909
0.00121659
0.000883092
0.000759833
0.0010027
0.00114198
3.00414e-34
0.000413683
1.63461e-34
0.00103632
0.00115976
1.07314e-11
5.9934e-05
5.33143e-20
0.000422642
0.000807395
5.99887e-05
-9.41506e-16
5.52231e-21
0.00121178
0.00122076
0.000770818
2.54422e-34
0.00101228
0.00114713
5.49359e-19
0.000300636
0.000595605
1.6621e-34
0.0010536
0.00119336
4.16381e-11
5.99264e-05
4.19188e-20
0.000458394
0.000867994
5.99371e-05
-4.3473e-14
-1.73744e-20
0.00121849
0.000805473
0.000429125
0.000975409
3.41579e-34
1.69054e-19
0.000607831
0.000713067
0.00113442
0.000995247
0.000303494
0.000363985
1.71579e-34
0.00112362
0.000967153
0.0012176
1.09432e-34
5.99505e-05
8.84557e-35
5.99752e-05
1.38802e-12
1.5291e-20
0.00120531
0.000830638
0.000667313
0.000505125
0.000974165
2.52722e-34
2.05099e-19
0.000586308
0.000574223
0.00083024
0.001165
0.00122122
0.00114043
0.00102175
0.000317534
0.000306057
1.76865e-34
0.00102752
0.0012173
1.1972e-09
6.00839e-05
7.58795e-35
6.0005e-05
-1.15425e-11
4.17048e-21
0.000840333
0.000732689
0.000769823
0.000424217
0.000977751
-2.5228e-20
-1.43263e-19
0.000593048
0.000602734
0.000846024
0.0011356
0.00120163
2.87784e-34
0.0011424
0.00100431
0.000396975
0.000321597
2.54727e-20
0.001008
0.00120212
0.00122093
1.4118e-34
5.72666e-05
6.85607e-35
5.99565e-05
1.4074e-11
1.39174e-21
0.000771511
0.000838851
0.000687216
0.000823923
0.000327139
0.000596198
0.000981325
1.66873e-34
0.000608702
0.00083578
0.00112396
0.000336129
2.84759e-34
-4.35816e-21
0.000991974
-1.96647e-19
0.000988436
0.000984887
0.00122487
0.000524431
0.00108011
0.00118905
0.000913359
0.000663547
0.000325389
-3.21556e-20
0.000998753
0.00120255
1.91694e-34
5.11354e-05
-3.44987e-20
6.00234e-05
1.41874e-34
7.53891e-35
0.000794865
0.000882084
0.00085959
0.000272669
0.000736708
0.000600759
0.000802922
0.00113145
0.000589764
0.000317831
-4.41337e-18
0.000921434
0.000936226
0.0009955
1.51462e-19
0.000329775
0.000898582
0.000897842
0.00122183
0.00066192
0.000510688
1.53019e-18
0.000317573
0.00116098
0.00103051
0.000841581
0.000422339
2.67322e-20
0.00100745
0.00121814
3.20177e-07
4.20336e-05
-2.83596e-20
5.70518e-05
1.89743e-34
6.66531e-35
0.000864158
0.000913775
0.000301881
0.000788359
0.000737753
0.00116461
0.000622128
0.000960906
0.000941183
0.000950744
0.000999014
5.80555e-19
0.000605177
0.00121838
0.000704928
0.000536595
0.000202483
-1.00859e-17
0.000279491
0.000574954
0.00100601
0.00100948
0.00100252
3.92509e-05
0.0011378
0.00101755
0.000843843
0.000416208
9.32747e-21
0.00113767
0.00096247
0.00122464
1.02951e-34
3.53669e-05
4.49278e-05
9.75625e-36
5.02942e-05
3.43834e-07
6.34803e-35
0.000876652
0.000923803
0.000385836
0.000839567
0.000736041
0.000956675
0.000975042
0.000972303
1.41369e-19
0.00081997
0.00120753
0.000684366
0.000816409
0.000551691
0.000216534
2.2984e-34
0.000447996
0.000776877
0.000969954
0.000974091
0.00101295
0.00098251
3.80237e-05
1.4045e-19
-1.27721e-19
0.000218693
8.52244e-05
0.000759179
0.00115349
0.00102304
0.000320048
0.00061086
1.94107e-34
0.00120692
0.00109238
0.000913389
0.00123334
3.69635e-07
0.000125266
0.000168453
7.01685e-05
3.8978e-05
3.95828e-05
2.78185e-05
1.0747e-34
1.52576e-35
0.000918743
0.000951529
0.000389713
0.000901834
0.000971085
0.000984229
0.000986951
0.000374121
0.000988977
0.000668519
0.000903052
0.000850506
0.000543706
0.000225357
1.75064e-34
0.000700738
0.000990103
0.000991368
0.000984597
0.00101647
0.000993364
4.24337e-05
0.000232098
0.000152884
0.000780205
1.85047e-34
0.000111293
0.00099613
0.00124491
2.84674e-05
8.87866e-05
0.00122317
0.00114578
0.00034027
0.000713809
0.00112694
0.00122476
0.00098417
2.90917e-34
0.000337811
0.000306596
0.000191267
3.90349e-05
4.26454e-05
2.50038e-05
5.74026e-07
1.11309e-35
0.00095266
0.000449414
0.000985875
0.00100536
0.00100076
0.000521945
0.000778144
0.000697567
0.000585152
0.000921412
0.00086763
0.000359581
0.000191568
2.5853e-34
0.00107452
0.00118096
0.000989025
0.00102026
0.0010062
0.000790371
7.9947e-21
0.000116258
0.00022175
0.00126613
4.05697e-05
2.45173e-05
0.00102452
9.58036e-35
6.00046e-05
0.00127085
0.000495827
0.00086823
0.00114463
0.00128089
2.7878e-06
0.000575609
0.000423003
0.000100867
7.92304e-05
0.000119386
3.87658e-07
0.000202817
0.000963565
0.000979981
0.000506878
0.00100631
0.00102156
0.00101618
0.000843643
0.000665694
0.000931721
0.000884619
0.000318663
2.83283e-34
0.00130426
0.00117237
0.0010021
0.000999318
0.00101638
0.000828085
0.000329493
0.000212601
0.000372128
5.30542e-05
2.68203e-05
0.0010293
0.000156878
5.90642e-05
7.74477e-05
0.000781812
0.00135108
0.000722562
0.00106531
0.00125814
0.000247041
2.31427e-34
0.0010018
0.000789912
0.00066315
0.000279219
0.000129231
0.000190089
1.98017e-34
0.000474279
0.000954123
0.000995674
0.000606326
0.00103007
0.00101609
0.00102913
0.00103663
0.000229342
0.000444035
3.0893e-20
0.00138509
0.00144166
0.00100161
0.00101205
0.000912117
0.000510007
0.00103564
0.000289614
8.99485e-05
0.000143409
0.000784532
0.00137927
0.00121514
0.00131837
0.00136434
0.00137243
0.00118148
0.00119959
0.00138572
0.000360601
0.00104069
0.00132266
0.000777976
0.00105356
0.000422261
2.5856e-06
0.00126659
0.00109443
0.000856692
0.000510544
0.000273519
1.53831e-06
0.000993952
0.000595979
0.00104913
0.00103117
0.00103418
0.00105127
3.34181e-20
0.000355746
0.00156351
0.00156839
0.00146342
0.00101766
0.000937355
0.00104469
0.000192114
0.000879521
0.000745436
0.00141347
0.00122941
0.00125286
0.00134172
0.00130461
0.00133154
0.00140715
0.00135489
0.00139264
0.00123727
0.0012233
0.00116032
0.00141509
0.00139278
0.000534236
0.0010522
0.00142032
0.00146638
0.00148778
0.00127514
0.00144907
0.00145959
0.00147475
0.00140967
0.00113543
0.00143148
0.00124366
0.00144118
0.00125898
0.0014692
0.00129069
0.00145498
0.00147186
0.00134388
0.00140057
0.00103828
0.0012828
0.00146329
0.00122354
0.000875741
0.000695272
5.18391e-34
0.00150654
0.00132492
0.000416051
2.07832e-06
0.000983645
0.000628008
0.00107415
0.00106747
0.00104783
0.00105754
3.29441e-20
0.000396674
0.00172718
0.0016996
0.00153494
0.00105866
0.000230504
0.000869628
0.00140673
0.0014156
0.00127403
0.00125738
0.00125931
0.00132843
0.00135943
0.00133336
0.00140974
0.00138687
0.00119945
0.00122854
0.00141913
0.000762885
0.00144544
0.00150129
0.00148506
0.00150938
0.00149013
0.00130446
0.00147228
0.00148044
0.00147797
0.00149607
0.00142939
0.00117662
0.00110745
0.00145683
0.00149507
0.00107004
0.00129249
0.00148446
0.00149849
0.0015065
0.0015097
0.00107956
0.00148152
0.00150787
0.00149257
0.0014953
0.00150891
0.00126344
0.000885286
5.67417e-34
0.00179024
0.00158647
0.000476357
1.80172e-34
0.00102626
0.000694453
0.00110704
0.00110801
0.00108822
3.22945e-34
0.000384882
0.00182582
0.00165225
0.00110186
0.000903282
0.000977769
0.00140636
0.00141335
0.00139952
0.0012832
0.00126494
0.00125334
0.00132199
0.00133624
0.00137346
0.00120162
0.0012219
0.000975199
0.00143738
0.00149309
0.00150496
0.00150399
0.00152329
0.00146197
0.00147151
0.00150221
0.0014886
0.00118715
0.00114157
0.00150184
0.00152814
0.00152752
0.00150454
0.00151027
0.00152699
0.00152236
0.00152628
0.00147631
0.00144198
0.00149451
0.00151083
0.00151003
0.00150782
0.00150584
0.00150274
0.00149837
0.00149099
0.00151065
0.00151085
0.00148758
0.0014379
0.00151058
0.00148406
0.0014803
0.0014334
0.00132196
0.00151815
0.00147219
0.00141688
0.00118683
9.38567e-11
0.000829894
0.00185075
0.00192236
0.00177059
2.5084e-06
0.000655169
0.00106458
0.000628581
0.00115583
0.00115304
0.00117342
0.00113198
3.94101e-34
0.000971054
0.00140851
0.00140039
0.0014312
0.00128261
0.00125902
0.00135582
0.0012113
0.00145302
0.00148521
0.00149297
0.00150017
0.00150755
0.00151459
0.00147044
0.00149858
0.00118361
0.00153049
0.0015208
0.00151732
0.00152101
0.00153573
0.00152076
0.00147213
0.00150734
0.00146829
0.00144583
0.00152361
0.00154687
0.00150915
0.00154274
0.00153219
0.00153234
0.00152424
0.00151837
0.00154771
0.00152746
0.00147128
0.00142832
0.00131605
0.00152325
0.00147371
0.0014496
0.00146826
0.00145738
5.79609e-34
0.00145352
0.00146473
0.00146112
0.000757105
0.00133949
0.0014918
0.00152004
0.0015789
0.000975867
0.00153147
0.00108087
-4.34631e-10
0.0018998
0.00198484
0.00191001
5.33378e-34
0.00112063
0.000475038
0.00121304
0.0011865
0.00120212
0.00090371
0.00140186
0.00142293
0.00145156
0.00129344
0.0012533
0.00147416
0.00149775
0.00150429
0.0015136
0.001523
0.00152095
0.00152316
0.00152676
0.00153506
0.00149892
0.00149342
0.00146098
0.00147564
0.0015101
0.00151701
0.00153701
0.0015281
0.00152419
0.00151465
0.0014567
0.0014714
0.00142273
0.00151812
0.00146183
0.00146614
0.00148376
-2.58562e-20
0.00149692
0.00134873
0.00148743
0.00152319
0.00136429
0.00141667
0.00111456
0.00135183
0.00141012
0.00140301
0.00139519
0.00133864
0.00138622
0.00137586
0.00145411
3.52204e-10
0.00143781
0.00153796
0.000869387
0.00185025
0.00156404
0.000889985
0.00192411
0.00201163
5.70089e-34
0.00122091
0.000675136
0.00128174
0.00125733
0.00124239
0.00107898
0.00141693
0.00145511
0.00130071
0.00149766
0.00150418
0.00151724
0.00152488
0.00152314
0.00153476
0.00153293
0.00148958
0.00149592
0.00150776
0.00147111
0.00146882
0.0014628
0.00151329
0.00151803
0.00152219
0.00152818
0.00143822
0.00145703
0.00146257
0.00147979
4.3171e-18
0.0014849
0.00138321
0.00147929
0.00140446
0.00138558
0.00143323
0.00143598
0.00136185
0.00132507
0.00142567
0.00143228
0.000985302
0.000794099
-1.7492e-11
0.00144901
0.0014416
0.0012679
0.00129887
-1.28955e-19
0.0013117
1.33791e-13
0.00162033
0.000940755
0.00201698
0.00191711
0.00158706
0.00191778
8.44544e-11
0.00131079
0.00128518
0.00100473
0.00133604
0.00135173
0.00145454
0.0015133
0.00149707
0.00152477
0.00153393
0.00153192
0.00149097
0.0014979
0.00151542
0.00147143
0.00146335
0.00152247
0.00142486
0.00142229
0.00143608
0.00146012
0.0014832
0.00143203
0.00140685
0.00136634
0.0014366
0.00135092
0.0014891
0.000972858
0.0014402
0.0012769
0.00129751
0.00126028
0.00134154
0.00132681
0.00128727
0.00102678
0.00147595
0.00124517
0.000859744
0.00201129
0.00194876
0.00189779
0.00155562
-1.18693e-10
0.00143183
0.00140653
0.001517
0.00142657
0.00149561
0.00152628
0.0015221
0.00152705
0.00153733
0.00148828
0.0014957
0.00151362
0.00151864
0.00146711
0.00147795
0.00146341
0.00143136
0.00143753
0.00149893
0.00134919
0.00139216
0.00142718
0.00134767
0.0016686
0.00131497
0.0012885
0.00131295
0.00125286
0.00131757
0.00128463
0.00127477
0.0012363
0.00133847
0.000873659
0.00197878
0.00161742
0.00197697
3.73255e-11
0.00161615
0.0015246
0.00185092
0.00154098
0.00153553
0.00152536
0.0014878
0.00150855
0.00147191
0.00146543
0.00144735
0.00143112
0.0014356
0.00156447
0.00135236
0.00138964
0.00131187
0.00131292
0.00129297
0.00130477
0.00130924
0.00128249
0.00129099
0.00126988
0.00122587
0.00133192
-2.5383e-12
0.00104388
0.00177093
0.00187318
0.0016344
0.00175173
0.00179775
0.00153755
0.00155581
0.00151588
0.00148608
0.00143873
0.00146096
0.00142607
0.00160328
0.00134842
0.00138552
0.00131255
0.00130233
0.00129247
0.00130097
0.00126618
0.00127101
0.00127687
0.00125206
0.00121353
0.00132997
0.00120006
5.12531e-14
0.00134158
0.00159163
0.00165793
0.00158529
0.00150193
0.00154139
0.00141448
0.00144142
0.00135194
0.00130798
0.00129288
0.00127017
0.00125567
0.00126045
0.00123861
0.00132338
0.00122901
0.00118595
0.000964688
3.78351e-14
0.00133392
0.00150921
0.00142142
0.00144474
0.00137844
0.00133189
0.00128847
0.00130158
0.0012555
0.00127169
0.00124604
0.00123358
0.00122924
0.00122135
0.0011701
0.00122487
0.000767474
1.02037e-19
0.00114453
0.00131439
0.00137137
0.00135518
0.00130239
0.00127279
0.00123729
0.00125444
0.0012217
0.00121344
0.00115204
0.00121582
0.0012145
0.00113083
0.000705441
6.74868e-34
0.0012749
0.00110479
0.00128493
0.00126476
0.00124002
0.00121908
0.00118845
0.00119658
0.00119322
0.00110684
0.00117784
0.00118507
0.000571961
0.000957842
-2.78332e-20
0.00121605
0.00108346
0.00123242
0.00119847
0.00115266
0.00108228
0.00116638
0.0011552
-1.35292e-19
0.000617469
0.000343389
0.00090574
0.00114866
0.00114125
0.00117035
0.00107906
0.00111146
0.00106221
0.00111283
-6.97052e-20
0.000332234
0.000831951
0.000624455
0.000999448
0.00110329
0.00110009
0.00108432
0.00106213
0.00104722
0.00103615
-1.71099e-20
0.00037949
0.000836759
0.000671809
0.000968675
0.0010401
0.00106761
0.001069
0.00105062
0.0010251
0.00100038
0.00102765
1.92596e-34
0.000264273
0.000524258
0.000871829
0.000780223
0.000975772
0.00101174
0.00103792
0.00104603
0.001039
0.00101022
0.000981905
0.00102069
0.00101492
0.00101873
0.000683409
2.96155e-34
0.000274725
0.000477124
0.000930691
0.000846246
0.000998909
0.00102493
0.00102932
0.000994673
0.000972777
0.000973193
0.00101011
0.00096719
0.00101377
0.000664936
2.62816e-34
0.000244058
0.000509496
0.000961344
0.000735078
0.000890904
0.00100198
0.00101467
0.000997669
0.00097143
0.00100606
0.000965453
0.000971636
0.00100669
0.00100479
0.000996037
2.27392e-34
0.000187281
0.000359946
0.000550395
0.000955724
0.000992011
0.000678935
0.000808708
0.000893711
0.000986253
0.000996048
0.00100253
0.000950481
0.000979899
0.000985182
0.000982742
1.76102e-34
0.000224221
0.000397283
0.000573045
0.000928633
0.000965389
0.000727788
0.000812044
0.000879591
0.000976123
0.000982774
0.000999014
0.000968541
0.000940896
0.000965243
0.000972069
2.34488e-34
0.00016869
0.000288159
0.000491209
0.000678821
0.000935954
0.000875599
0.000768325
0.000965106
0.000969373
0.0009955
0.000940514
0.00096034
0.0009419
1.66156e-34
0.000152905
0.00032275
0.000433579
0.000622426
0.000901015
0.000822271
0.000732016
0.000951128
0.000932285
0.000991974
0.000936884
1.26953e-34
0.000212839
0.000545601
0.000388456
0.000661676
0.000892111
0.000845058
0.000749511
0.000918331
0.000934405
0.00089193
0.000988436
-7.64021e-21
0.000181296
0.000572561
0.000332626
0.000811146
0.000870424
0.000678462
0.000906872
0.000873217
0.000984887
9.71708e-35
1.10029e-34
0.000506129
0.000282743
0.000783666
0.000882236
0.000819457
0.000528154
0.000693517
0.000837493
0.000981325
1.30556e-34
0.000307226
0.000833358
0.000732229
0.00055608
0.000775057
0.000977751
-4.9258e-20
0.000387591
0.000678983
0.000656464
0.000974165
-5.59226e-20
0.000389315
0.000975409
2.0562e-34
4.49302e-34
