0.000292202
0.000362907
0.00043412
0.000497833
0.000149972
0.000224329
0.000179727
0.000243129
0.000551896
0.000310847
0.000155796
0.00150974
-1.07055e-34
8.39691e-05
0.00143875
0.00125914
0.000194982
9.78005e-05
8.29964e-08
0.000205051
0.000333014
0.000338826
0.000616032
0.000341391
0.00127797
0.00148581
0.00150524
-4.48452e-05
-1.8379e-20
0.00126676
0.00148129
0.00131492
0.00137452
0.000945246
0.00105751
0.00113032
0.00141193
0.00127079
0.000717854
0.000887966
0.000875159
0.00108913
0.00072332
0.000580121
0.000813302
0.000189961
4.97005e-05
0.000244978
0.000299757
0.000364235
0.000340478
0.000380476
0.000310077
0.00121258
0.00127777
0.00128009
-4.015e-35
0.0011137
0.00134251
0.000794138
0.0010726
0.000531385
0.000431746
0.000582085
0.000580523
0.000878356
0.00100184
0.000580678
0.000417055
0.000177485
6.18147e-05
0.000267248
0.000350425
0.000383486
0.000442475
0.00123934
0.00132426
0.00133551
-5.15806e-36
0.00132874
0.000946878
0.00052167
0.000219855
6.95003e-05
0.000623654
0.000962793
0.000633122
0.00124244
0.000218578
-3.02521e-34
9.26706e-05
0.000219019
0.000332658
0.000457575
0.0012609
0.00111421
0.00131026
0.00134148
2.02274e-35
0.000838218
0.000363209
-8.98085e-05
0.000793956
0.0011691
3.28114e-19
0.00100753
0.000656477
0.000131293
0.000319248
0.000489785
0.00125041
0.00102358
0.00133472
0.00131598
-5.16187e-21
-1.58153e-20
0.000194264
0.000750302
0.00124787
0.00105361
0.000830271
0.000403394
0.000220373
0.000501692
0.00111424
0.00125631
0.00133134
0.00130521
1.96717e-34
-2.46273e-35
0.000806868
0.00125154
0.00105713
0.000923015
0.000569401
0.000173442
0.000391417
0.000751802
0.00119964
0.00131005
0.00128191
3.06721e-20
6.403e-35
0.00122432
0.00101323
0.00106857
0.00086085
0.000596539
0.000255892
0.000357071
0.000701193
0.00117282
0.00128307
0.00124621
2.64749e-34
2.18564e-19
0.00118487
0.000979063
0.000990457
0.000681541
0.000325985
0.000439043
0.000804713
0.00109061
0.0012679
0.0012358
0.00120377
8.91112e-21
2.89562e-34
0.00110325
0.000824392
0.000425481
0.000485755
0.0010248
0.000830553
0.000908835
0.00109874
0.00125667
0.00123322
0.0011751
8.94882e-21
-3.03771e-19
0.000628764
0.000310508
0.000512626
0.000782775
0.00102293
0.000885483
0.000646054
0.00117595
0.00103496
0.0012365
0.00125109
0.00116379
0.000287395
2.81491e-34
2.8831e-19
0.000359449
0.000560588
0.000830229
0.00103498
0.000851146
0.000646388
0.000329416
0.00108261
0.00122326
0.00124414
0.00117861
2.84823e-34
4.62005e-19
0.0012514
0.000860942
0.000531741
0.000845706
0.00104992
0.000495291
-4.78704e-19
0.00117152
0.00105015
0.00123636
0.00124113
0.00116206
0.000340291
1.04054e-20
0.000622445
0.000850061
0.000699448
0.000991187
0.000314501
-3.17343e-19
0.00117164
0.00103039
0.00124452
0.00123442
0.00114196
0.000403672
1.09593e-20
0.000591417
0.000846356
0.000857876
0.000700124
0.000991203
3.25317e-34
0.0003194
0.00106645
0.00119599
0.00124867
0.00123283
0.00115172
0.000350372
-1.09565e-20
0.000591471
0.000874696
0.000636951
0.000867351
0.000601357
0.00107868
3.16554e-19
0.000340216
0.00106488
0.00117798
0.00124752
0.00121847
0.000330389
2.97002e-34
0.00087803
0.000616124
0.00124805
0.000640982
0.000882722
0.00105277
0.00118542
3.15934e-19
0.000405389
0.00102893
0.00115485
0.00123579
0.000335416
2.9983e-34
0.00079614
0.00124509
0.000847769
0.000610584
0.00105058
0.00117292
-2.57189e-20
0.000344682
0.000684952
0.00097275
0.0012368
0.00114353
0.000324953
3.02547e-34
0.00123806
0.00102901
0.00085246
0.000616365
0.00116369
-3.06052e-19
0.000454121
0.000828445
0.00103838
0.00124619
0.00118182
0.000434928
3.05143e-34
0.00123432
0.00104603
0.000833575
0.00116908
-7.77096e-19
0.000544447
0.000842241
0.00105725
0.00124994
0.00120418
0.000379317
0.000727426
3.07615e-34
0.00123675
3.24772e-34
0.00102204
0.00116456
0.000327205
0.000665707
0.000946178
0.00113357
0.00124029
0.000620626
0.000310181
0.000884182
3.0996e-34
0.00124102
3.24643e-34
0.00117943
0.00104583
0.00116986
0.00040152
0.000809714
0.00104069
0.0012401
0.000464035
0.000831461
3.12179e-34
0.00124739
5.01361e-19
0.00116393
0.00121956
0.000602702
0.00101184
0.00114278
0.000339111
0.000841313
0.00101882
0.00123454
0.000425806
0.000757805
3.14271e-34
0.0012506
-4.90877e-19
0.00115701
0.00122847
0.000612497
0.000809399
0.00101683
0.00114917
0.000479386
0.00102014
0.00082815
0.00122455
0.000537533
0.000324701
3.16236e-34
0.00124795
-1.87818e-20
0.0011446
0.00123143
0.000618361
0.00124906
0.000846825
0.00104373
0.00118458
0.000325523
0.00103137
0.000844878
0.00117408
0.000644963
0.000335583
3.18075e-34
0.0012272
3.09876e-19
0.000583251
0.000832832
0.0012308
0.00124968
0.000909584
0.00111447
0.000323897
0.00102889
0.00114496
0.000627733
0.00033198
3.19788e-34
0.00121663
-3.09211e-19
0.00062252
0.00085872
0.00120425
0.00124947
0.000844204
0.00104083
0.000341691
0.00104044
0.00116752
0.000614362
0.000336809
3.21376e-34
-4.77492e-19
0.000650379
0.00088111
0.00123477
0.00114811
0.00124864
0.00120273
0.000869375
0.00103836
0.000389523
0.0010584
0.000643698
0.000349442
3.22839e-34
1.84459e-19
0.000627609
0.000863887
0.00117385
0.00124434
0.00123417
0.00115522
5.89433e-19
0.00124989
0.00119283
0.000882064
0.00106237
0.000317252
0.00105776
0.000652933
0.000352652
3.24178e-34
0.00085224
0.000598478
0.00123037
0.00120478
3.23541e-34
0.00125047
0.00115065
0.000890453
0.00104589
0.000398304
0.000986437
0.00113117
0.00066583
0.000373307
0.000334531
3.25395e-34
0.000774859
0.00119639
0.00122662
4.58964e-19
0.00125021
0.000882887
0.00106902
0.000363514
0.000691818
0.0009925
0.00118829
0.000661451
0.000605162
0.000339592
3.26492e-34
0.00120541
3.23307e-34
0.00124792
5.5398e-35
9.9171e-35
0.000142804
0.000305732
0.00124354
0.00087543
0.0010607
0.000623187
0.000879431
0.00106987
0.00118118
0.000697207
0.000372871
3.27474e-34
0.00115734
-3.04337e-19
0.00123617
-6.67122e-15
-4.68124e-22
0.000142795
0.000511942
0.00125004
0.00122761
0.000961756
0.000841632
0.00103359
0.0011522
0.000691494
0.000364791
3.28349e-34
0.00114992
-1.78261e-19
0.00035866
0.00120495
1.63671e-13
3.58285e-21
0.000142502
0.000758001
0.00124685
0.00123501
5.42158e-35
9.91747e-35
0.00014274
0.00104923
0.000884863
0.00103963
0.00064714
0.000345637
3.29114e-34
0.00117291
3.23034e-34
0.000327758
0.000599143
0.00118132
2.11496e-11
1.98367e-34
0.000142707
0.000871961
0.0012435
0.00123952
-9.9096e-16
-9.05095e-19
0.000142268
0.00105247
0.000872031
0.00105891
0.000629889
0.000390281
3.29786e-34
0.00117487
0.00039787
-6.05501e-19
0.000654065
0.00117345
-7.22918e-11
4.7614e-20
0.000142797
0.000884517
0.00123601
0.00124242
6.9717e-14
1.98369e-34
0.000142693
0.00104576
3.13885e-34
0.000797432
0.00102429
0.000303266
0.000596782
2.19269e-20
0.00118742
0.000784369
0.000463618
3.22904e-34
0.00114521
2.26453e-34
1.98887e-34
0.000142715
0.00119783
0.0012507
7.30652e-12
0.000142771
2.25818e-23
0.00101388
0.000414952
2.72792e-34
0.000974979
0.00107869
0.000857301
0.00101826
3.30464e-34
0.000550914
0.00118343
0.0012452
0.000783726
0.000435023
-4.84733e-19
1.74828e-08
0.000142764
1.89393e-34
0.00123351
0.00113233
-1.01171e-11
0.000142826
3.20737e-20
0.000617547
2.45626e-34
0.00046671
0.000974153
0.00104132
0.000358049
0.000824557
0.000992991
2.79092e-20
0.000465817
0.00118125
0.00124158
0.00124585
0.000759547
3.21698e-34
3.15446e-34
0.000136655
1.61486e-34
0.00116415
2.11872e-34
0.000142699
1.98781e-34
0.000748154
0.000748351
1.73824e-34
0.000621539
0.000336003
0.000809886
0.000977734
0.00103017
0.000325205
0.000582002
-2.24974e-20
0.000541825
0.000779594
0.00103646
0.000439789
0.00125418
0.00118389
0.00120587
0.000838697
4.74855e-19
4.06221e-34
0.00012502
1.55881e-34
7.10065e-09
0.000142859
1.89522e-34
0.000780802
0.000867965
1.48745e-34
0.000729991
0.000283194
0.000981302
0.000907036
0.00100727
0.000351346
0.000636594
0.000366034
3.19542e-34
0.000513337
0.000988403
0.000984858
0.000112066
0.000740021
0.00091319
0.00111366
0.00125634
0.00123787
0.00116828
2.52132e-19
7.91945e-07
9.30417e-35
3.15192e-34
0.000138402
-7.53109e-19
0.000861938
0.000915319
-2.99057e-20
0.000658678
0.000857279
0.000779991
0.000262944
0.000897854
0.000994328
0.000377131
0.000689614
0.000505557
-1.98481e-20
0.000302329
0.000463821
0.000922722
0.000991935
0.000100276
0.000132864
0.000961603
8.70656e-05
7.85975e-05
0.000797419
0.000965203
0.00115754
0.00125943
0.0012642
0.00118432
-6.69549e-19
2.23135e-34
5.96111e-35
8.96771e-05
4.07845e-34
1.51993e-19
0.000124539
0.000921614
0.000951409
1.32718e-34
0.000651535
0.000801994
0.000910683
0.000277193
0.00103488
0.000724168
0.000414201
0.000583097
0.000306453
2.5936e-34
0.000477314
0.000942662
0.000995657
0.000970783
0.000125334
6.97763e-05
-2.31039e-20
2.58644e-34
1.76482e-34
-7.21824e-20
0.000114936
0.000815346
0.000993192
0.000991349
0.00118136
0.00128844
0.00128673
0.00119377
0.000363833
8.13326e-07
0.000186266
0.000249321
7.85856e-07
8.98579e-05
3.25481e-19
0.000952098
1.63862e-34
0.000617618
0.000813173
0.000901381
0.000949043
0.000318055
0.000731817
0.000551011
0.000263951
0.000957897
0.00100018
0.000985931
0.000975737
0.000204263
9.71008e-05
0.000192566
9.49044e-05
9.44759e-05
0.00113846
0.000853211
0.00102429
0.00125551
0.00129675
0.00134545
0.000730555
0.000518571
3.37974e-34
0.00046014
0.000398422
2.22368e-34
8.5957e-05
8.32902e-05
0.000978126
2.04413e-34
0.000788241
0.000557845
0.000930307
0.000294602
0.00100539
0.000982041
0.00100226
0.000998003
0.00022325
0.000286749
0.000222627
0.000126933
0.000126871
0.000892439
0.00122586
0.00138404
0.000720409
0.00113891
0.00093875
0.00118579
0.00137888
0.000649466
0.000273725
3.07319e-34
0.00058674
6.98727e-07
7.99322e-05
0.00101036
0.000977303
1.86147e-34
0.000698693
0.000356262
0.00101198
0.00100074
0.00102427
0.000501994
0.000285159
0.000288634
9.74012e-05
0.000907844
0.00145655
0.00149713
0.00102139
0.00146909
0.000953163
0.00128683
0.000521317
2.75864e-06
3.26529e-34
0.00105017
0.00101167
1.42033e-34
0.000739392
0.000444074
0.00102092
0.00102449
0.00105117
0.00061545
0.000309997
0.000946414
0.0013342
0.00113104
0.00117444
0.00115115
0.00150618
0.00164586
0.000897406
0.00139639
0.00171673
0.0013127
0.00103414
6.72742e-34
1.93895e-06
0.00108354
0.0010531
0.00109498
2.71144e-34
0.000418056
0.000764436
0.00103372
0.00107017
0.000634809
0.000310797
0.00099101
0.00134994
0.00131898
0.00137222
0.001196
0.001111
0.0011995
0.00121247
0.00124238
0.00160615
0.00138077
0.00124246
0.0014664
0.00144658
0.00130165
0.0014254
0.00137096
0.00136137
0.00147811
0.00122234
0.00147162
0.00143683
0.00141314
0.00128122
0.00140125
0.00139085
0.00126141
0.000993303
0.00177172
0.00162063
0.0018681
0.00148677
0.00102214
6.45071e-34
2.81509e-34
0.00113
0.00112855
0.00108142
0.00113539
3.69903e-34
0.000519969
0.000894887
0.00105488
0.000514446
0.00139646
0.00134973
0.00137072
0.00135341
0.00120561
0.00120805
0.0010844
0.00125016
0.00122522
0.00142515
0.00129232
0.00146106
0.00150706
0.00149508
0.00145458
0.0014643
0.00141281
0.001487
0.00151142
0.00151672
0.00145162
0.00132341
0.00143467
0.00116924
0.00169169
-5.21224e-10
0.00149502
0.00150514
0.00138652
0.0013583
0.00180404
0.00194985
0.00144299
0.000802838
0.00101593
2.78175e-06
0.00116814
0.0011794
0.00118443
0.0010366
0.00115395
4.3104e-34
0.000661558
0.00139351
0.00133428
0.00137319
0.00121115
0.00119989
0.00123794
0.00127798
0.00142309
0.00141671
0.00151117
0.00149239
0.00147391
0.00144493
0.0015266
0.00151639
0.00143126
0.00131123
0.00171825
0.00195638
4.51878e-10
0.000855053
0.00150163
0.00152789
0.00150875
0.00139404
0.00134805
0.00174539
0.00192933
0.00116944
6.85468e-34
0.00156946
0.00119626
0.00121685
0.00121504
0.000985929
0.00118011
0.000591509
4.8702e-34
0.00141385
0.00132184
0.00135093
0.00137899
0.00121825
0.00127783
0.00143315
0.00149449
0.0014995
0.00145994
0.00150787
0.00151968
0.00201576
0.00191593
6.30825e-11
0.00100369
0.00153765
0.001507
0.00154463
0.00151295
0.00139911
0.00151074
0.00148988
-4.42944e-20
5.04225e-14
0.00150022
-3.0027e-12
0.00150606
0.00151036
0.00146265
0.0014683
0.00150929
0.00147736
0.00070793
0.00145274
0.00186505
6.47684e-34
0.00198708
0.00166486
0.00123232
0.00125243
0.0012465
0.000831486
0.00116419
0.00127721
0.00142408
0.00132301
0.00136165
0.00140862
0.00127069
0.00144762
0.00148944
0.001504
0.0015197
0.00153566
0.00151743
0.00202569
0.00111143
0.0015248
0.00154325
0.00154559
0.0015238
0.000899068
0.00115123
0.00153609
0.00153754
0.00145827
0.00150141
0.00150042
0.00150985
0.000910865
0.00135204
0.00139461
0.00141614
0.00145371
0.00143573
0.00137306
0.0014474
0.00149878
0.00153773
0.00192843
1.29656e-09
0.0019584
0.00198968
0.00173877
0.00132378
0.00132473
0.00126916
0.00136578
0.00144464
0.00139872
0.00148938
0.00151654
0.00153057
0.00153474
0.00153256
0.00153641
0.00153392
0.00150864
0.00152661
0.00134779
0.00160099
0.00150434
0.00149008
0.00149886
0.00148909
0.000939053
0.00139552
0.00133321
0.00143002
0.00145271
0.00145969
0.00148352
0.00148344
0.00152419
0.00158805
5.31158e-34
0.00196267
0.00180148
0.00183595
0.00142736
0.0014423
0.0014945
0.00146246
0.00150076
0.00152684
0.00153834
0.00153561
0.00153917
0.00150568
0.00166097
0.00148932
0.00149421
0.000886996
0.00140222
0.00136098
0.00135898
0.00131659
0.0014415
0.00145579
0.00147962
0.00152036
0.00124013
0.00125661
0.00130259
0.00127338
0.00121431
0.0012273
0.00128844
0.00141901
0.00117393
2.32399e-10
0.00173891
0.00182082
0.00172526
0.00152021
0.00153154
0.00156406
0.00154145
0.00153057
0.0015339
0.00149485
0.00150702
0.00162919
0.00149103
0.00137433
0.0013582
0.00134403
0.00144966
0.00147259
0.00128775
0.00129843
0.00131674
0.00134252
0.00133036
0.00127209
0.00119517
0.00125457
0.00143031
0.0013868
0.00123762
0.00122737
-9.49814e-12
0.00159546
0.00164912
0.00154956
0.00157318
0.00153371
0.00151147
0.00149173
0.00156127
0.00135196
0.00133035
0.00134421
0.00144407
0.00146383
0.00127207
0.00127653
0.00128907
0.00131228
0.0012588
0.00117008
0.00139178
0.00123877
0.00104242
1.19658e-13
0.00146076
0.00149484
0.00149349
0.00143999
0.00145295
0.001344
0.0013148
0.00126548
0.00123817
0.00127967
0.00114343
0.00120285
0.00136282
0.00121814
0.000964569
5.69652e-34
0.00137245
0.00123293
0.00139791
0.00136611
0.00130178
0.00124215
0.00120244
0.00125006
0.00111722
0.00118272
0.00132066
0.000806811
5.23923e-34
0.0012865
0.00116373
0.00130004
0.00127865
0.0012564
0.0011849
0.00121383
0.00118987
0.00121041
0.00108741
0.000968089
0.000579193
0.00105634
4.45367e-34
0.0012149
0.00111947
0.00123099
0.00116872
0.0011452
0.00119322
0.000890132
0.000492287
0.00109417
0.00103449
0.000593757
3.57088e-34
0.00117965
0.00114425
0.00106032
0.00113751
0.000904445
0.00106406
0.00109642
0.00104299
0.00102161
0.000354561
0.00072864
0.00100982
2.94052e-34
0.00111388
0.00108233
0.000993782
0.00103457
0.00106285
0.00101289
0.000470104
0.000836042
0.00100672
0.00103262
-2.16292e-20
0.00105011
0.00103158
0.000943674
0.00102121
0.000985376
0.00100633
0.000728418
0.000353655
0.00100194
0.00101329
0.000543997
7.76943e-21
0.00099575
0.000885798
0.000999983
0.000978015
0.00100071
0.000691055
0.00032792
0.000992576
0.000991133
0.000514968
0.000955818
1.71127e-34
0.000951678
0.000793034
0.000880486
0.000984528
0.000973634
0.000983338
0.000995913
0.000661088
0.000278761
0.000485037
0.000961392
0.000939048
1.618e-34
0.000935297
0.000775288
0.000868345
0.00097353
0.000960748
0.000991935
0.000616195
0.000324877
0.000961858
0.00093134
-6.19424e-18
0.000928956
0.00077451
0.000881653
0.000948814
0.000988403
0.000459513
0.000643474
0.000215131
0.000940766
0.000904871
6.21569e-18
0.000919062
0.000698489
0.000814519
0.000868781
0.000984858
0.000266087
0.00051713
0.000892627
-5.24095e-21
0.000901971
0.000582505
0.000776633
0.000850011
0.000981302
0.00031168
0.000852823
2.01893e-34
0.000806448
0.000400989
0.000683766
0.000779369
0.000977734
-2.99084e-20
0.000974153
0.000694784
0.000546391
3.52208e-34
0.000974979
0.000444904
2.50099e-34
