-3.94596e-35
7.45219e-35
1.44942e-35
2.5696e-35
2.94705e-22
1.30964e-22
1.80434e-22
-2.49615e-22
9.63459e-23
2.91644e-22
-9.38194e-23
-1.45967e-34
4.2112e-21
-3.10759e-21
-1.64691e-36
1.0896e-07
2.77112e-06
-2.91531e-06
-8.13408e-21
3.84489e-06
8.14427e-06
2.43398e-05
2.63503e-06
5.85783e-06
8.5777e-07
3.86748e-08
-5.46018e-06
-1.43458e-06
-7.72834e-07
-1.268e-05
-4.40187e-05
4.46973e-06
4.41403e-35
1.24761e-06
7.38317e-21
6.22715e-35
2.94758e-05
8.05441e-05
4.47482e-05
1.34099e-05
1.85865e-05
1.18294e-05
4.45926e-06
4.90588e-06
-2.65343e-07
-7.15339e-06
1.40029e-06
-5.81127e-06
-3.95208e-05
-6.8639e-05
3.89077e-06
8.54695e-06
3.02313e-21
-7.43401e-06
3.99539e-05
3.70798e-34
2.2172e-34
-5.13812e-35
-6.61983e-06
2.84841e-05
-1.13838e-05
7.59218e-06
7.92425e-05
3.72464e-05
3.411e-05
1.74566e-05
3.90418e-06
6.76764e-07
-2.86826e-07
-4.44765e-05
-3.92816e-05
-2.34089e-05
-3.6155e-05
-2.66915e-05
-3.7356e-35
-1.82206e-05
0.000112021
2.82144e-05
-5.78644e-21
-3.36085e-06
-1.85828e-05
1.27819e-05
-1.62125e-05
6.18743e-05
5.53837e-05
3.01017e-05
6.8647e-06
2.25322e-06
-6.20027e-05
-9.89743e-05
-2.98482e-05
-3.65502e-05
-1.76885e-05
-2.75992e-05
-2.35902e-21
-1.52358e-34
-1.01835e-05
4.93e-05
7.88415e-05
2.91608e-33
-2.61019e-05
2.11232e-05
-2.53903e-05
8.02078e-05
6.0764e-05
1.06314e-05
1.15427e-06
-0.000115258
-5.30889e-05
-4.70235e-05
6.77825e-22
-7.00848e-22
9.80305e-05
-1.05544e-19
3.39757e-05
-3.63972e-05
-1.52624e-05
8.84045e-05
9.82718e-05
7.64327e-05
2.06448e-05
5.91368e-06
-7.07712e-05
-9.77168e-05
-5.96023e-05
-6.01885e-33
-3.05452e-21
5.22953e-05
-2.6089e-05
7.78974e-05
0.000101591
8.08755e-05
3.98274e-05
1.14824e-05
-9.89056e-33
-2.94302e-05
-7.69962e-05
-7.33029e-05
-4.73826e-05
3.80124e-05
1.51956e-21
-2.03035e-05
-4.86908e-05
7.98372e-05
7.08411e-05
5.0409e-05
-1.64629e-06
2.54548e-05
-1.26534e-32
-1.16072e-05
-3.73228e-05
-5.05627e-05
-2.80632e-05
2.63759e-05
-2.73683e-22
-3.4404e-05
-7.66227e-06
2.55884e-05
4.67227e-05
4.45292e-05
8.91922e-06
-7.92448e-23
-5.80877e-06
-2.21457e-05
-1.41328e-05
-2.42354e-05
1.52045e-05
-3.74284e-21
-1.80399e-05
-2.49278e-06
1.4014e-05
2.47508e-05
2.36838e-05
4.46819e-06
-3.13116e-23
-5.66539e-06
-1.38297e-05
-7.2673e-06
6.70187e-06
-3.13966e-22
-9.1295e-06
-8.93993e-06
-1.42241e-06
7.09492e-06
1.33667e-05
6.82101e-06
8.41704e-06
1.9523e-06
-1.6136e-23
-9.89057e-07
-3.57658e-06
-6.64735e-06
-3.40579e-06
2.03385e-06
-1.59417e-22
-4.22109e-06
-4.02743e-06
-7.05552e-07
3.02303e-06
5.31255e-06
3.4525e-06
1.37889e-06
4.34622e-07
1.2831e-23
-8.6319e-07
-3.07864e-06
-1.35127e-06
4.39031e-23
-1.71826e-06
-1.95482e-06
1.57712e-06
1.90869e-06
1.59653e-06
4.0133e-07
3.06965e-07
-5.35055e-07
-1.25886e-32
-3.27871e-07
-1.43253e-06
1.40878e-23
-7.77533e-07
-9.02423e-07
6.95146e-07
5.78934e-07
5.74151e-07
-8.37517e-08
1.89384e-07
7.2609e-08
-6.55466e-07
-3.04146e-07
-1.25314e-32
-5.21852e-08
-2.02112e-07
5.91607e-25
-3.6758e-07
-4.02566e-07
1.70818e-07
1.55284e-07
-9.03168e-08
1.62977e-08
3.09679e-09
-2.72635e-07
-1.45334e-07
-1.24735e-32
-1.42525e-08
-8.61535e-08
-5.00241e-24
-1.66465e-07
-1.6316e-07
-1.79544e-08
1.27302e-08
-7.9814e-08
-5.8842e-08
-4.08035e-08
-1.93884e-08
-1.26289e-07
-8.59015e-08
-8.91795e-08
-1.2415e-32
-1.39535e-09
-3.4109e-24
-5.17287e-08
-6.293e-08
-4.56029e-08
-6.41289e-08
-1.78577e-09
-1.83674e-08
-5.84848e-08
-6.4393e-08
-5.19092e-08
-1.23558e-32
4.89424e-09
-4.04104e-24
-7.82157e-09
-2.08318e-08
-4.26319e-08
-4.34197e-08
8.8252e-09
8.02878e-09
-7.66528e-09
-2.49274e-08
-2.12515e-08
-4.0666e-08
-2.9726e-08
-2.24978e-26
4.01627e-09
1.153e-32
9.35552e-09
1.62515e-09
-2.04572e-08
-2.68386e-08
9.92949e-09
-1.33172e-08
-7.05164e-09
-6.11936e-10
-1.68668e-08
-1.2235e-32
4.69722e-09
1.15086e-32
1.06297e-08
1.03679e-08
8.68323e-09
-1.26922e-08
-8.77422e-09
-8.51495e-09
-4.54115e-09
6.89906e-09
-1.65833e-09
4.33007e-09
-3.70303e-09
-1.21734e-32
1.91838e-09
1.14854e-32
9.57029e-09
9.14477e-09
8.12579e-09
-3.52099e-09
-3.16217e-09
-2.03044e-09
1.85307e-09
4.57636e-09
7.92473e-10
8.06696e-09
-4.51121e-10
6.16923e-09
3.34735e-09
-1.2111e-32
1.21326e-09
7.82052e-26
6.57619e-09
7.08846e-09
2.42935e-10
5.4315e-11
3.27458e-09
3.60007e-09
1.95154e-09
6.8822e-09
6.95374e-09
1.957e-10
5.46231e-09
-8.02816e-27
8.70809e-10
3.38545e-26
4.53657e-09
5.22307e-09
1.1351e-09
2.35371e-09
4.20285e-09
2.62159e-09
5.95605e-09
5.89114e-09
2.88914e-09
4.42684e-10
4.92544e-09
-1.1984e-32
5.3437e-10
1.14062e-32
3.06103e-09
4.56509e-09
1.52764e-09
1.51366e-09
3.67799e-09
4.90955e-09
2.26506e-09
4.00731e-09
3.91102e-10
3.98872e-09
-1.19194e-32
3.48036e-10
-2.69748e-26
3.06045e-09
1.85384e-09
1.20245e-09
1.10503e-09
2.94121e-09
3.58742e-09
1.96252e-09
1.21934e-09
2.92774e-09
3.22364e-10
2.88762e-09
1.66154e-27
2.54096e-10
1.11851e-27
2.03211e-09
7.51447e-10
1.16372e-09
2.07729e-09
2.53788e-09
2.62034e-09
1.19204e-09
6.3809e-10
1.9741e-09
1.59895e-10
1.82689e-09
-1.17879e-32
1.54838e-10
1.13128e-32
1.30865e-09
4.60731e-10
7.38668e-10
1.37983e-09
1.8503e-09
7.40563e-10
4.54381e-10
1.32283e-09
8.11627e-11
1.18924e-09
1.37286e-09
9.98853e-10
-1.17211e-32
8.75144e-11
1.12785e-32
7.726e-10
2.61293e-10
4.41526e-10
1.13299e-09
4.51113e-10
1.93056e-10
7.96681e-10
2.94139e-10
5.99149e-10
-1.03011e-26
8.75062e-10
6.88769e-10
-1.16535e-32
4.96293e-11
3.23558e-10
4.58892e-10
1.54112e-10
7.23058e-10
8.95061e-11
4.76119e-10
1.46609e-10
3.56459e-10
4.61698e-10
5.21414e-27
5.1559e-10
3.80249e-10
-1.53703e-28
2.88717e-11
2.10321e-10
1.03655e-10
2.41142e-10
2.69627e-11
2.8409e-10
6.07528e-11
1.55787e-10
2.34318e-10
3.04369e-10
1.86865e-27
2.58735e-10
1.78198e-10
-1.15165e-32
2.17725e-11
8.84741e-11
1.27367e-10
1.28331e-11
1.83135e-10
5.59193e-11
1.10913e-10
1.64198e-10
2.93316e-27
1.18139e-10
7.83841e-11
-1.14469e-32
1.89773e-11
3.72036e-11
5.63295e-11
9.44967e-11
1.34154e-11
3.94553e-11
8.28826e-11
3.55753e-11
1.06598e-11
4.2357e-28
1.16602e-12
5.88159e-11
4.50612e-11
2.47083e-11
4.71954e-12
-1.13767e-32
8.71104e-12
1.36066e-11
3.44746e-11
8.72772e-12
2.75679e-11
7.43742e-12
3.79637e-13
1.10423e-32
1.93578e-11
5.48076e-12
4.8871e-13
3.24668e-13
-2.49325e-29
3.07198e-13
-2.68464e-12
2.06929e-12
-2.13058e-12
3.63116e-12
-5.88949e-12
-1.06178e-12
-1.80689e-28
-3.69209e-12
-8.90244e-12
-1.04961e-11
-6.57674e-12
-1.53084e-12
-1.12344e-32
-4.36828e-12
-8.30809e-12
-1.13018e-11
-9.16226e-12
-2.91202e-12
-1.16936e-11
-1.16467e-11
-5.67273e-12
-1.63151e-12
1.09522e-32
-1.40956e-11
-9.7733e-12
-1.31934e-11
-1.53884e-11
-1.3927e-12
1.31734e-29
-5.09851e-12
-7.80132e-12
-1.56549e-11
-1.4919e-11
-1.12281e-11
-5.39385e-12
-1.67372e-11
-1.4086e-12
7.56337e-29
-1.71373e-11
-8.93244e-12
-1.56084e-11
-1.26473e-11
-2.36412e-12
-1.10896e-32
-5.64782e-12
-1.44331e-11
-1.07865e-11
-7.16112e-12
-4.36739e-12
-1.61737e-11
-1.20839e-12
8.18943e-29
-1.54223e-11
-9.13977e-12
-4.45975e-12
-1.28706e-11
-1.27707e-12
-1.10163e-32
-3.25035e-12
-1.10127e-11
-1.34951e-11
-7.24262e-12
-3.80762e-12
-1.39028e-11
-1.04668e-11
-1.13956e-12
1.08071e-32
-1.15625e-11
-9.3908e-12
-5.92653e-12
-2.76062e-12
-8.24822e-13
-1.09425e-32
-7.61659e-12
-1.1151e-11
-4.31361e-12
-1.40695e-12
-7.41641e-12
-9.15661e-12
-5.78294e-13
4.15861e-30
-7.93263e-12
-8.26314e-12
-5.77596e-12
-1.27031e-12
-3.35616e-12
-1.0868e-32
-5.1281e-12
-8.11651e-12
-2.8058e-12
-1.9826e-12
-4.42581e-13
-5.26658e-12
-6.75542e-12
6.53814e-29
-5.48414e-12
-5.72802e-12
-4.83508e-12
-3.05182e-12
-3.89613e-13
-1.38719e-12
-1.07931e-32
-3.39978e-12
-1.73513e-12
-7.57361e-13
-3.51839e-12
-4.89888e-12
-4.09851e-12
-2.48985e-29
-3.48988e-12
-2.81726e-12
-2.40338e-13
-7.14136e-13
-1.48951e-12
-1.07175e-32
-2.06694e-12
-4.77758e-13
-8.98955e-13
-3.24439e-12
-2.2807e-12
-2.72475e-12
-1.84995e-30
-2.00025e-12
-2.17545e-12
-1.61444e-13
-6.78001e-13
-1.23277e-12
-1.63242e-13
-1.06415e-32
-1.34109e-12
-1.0022e-12
-2.86702e-13
-2.09078e-12
-1.4007e-12
-1.63162e-12
4.63623e-31
-1.15223e-12
-1.74267e-13
-5.89544e-13
-6.74434e-13
-1.05649e-32
-7.76311e-13
-5.79662e-13
-1.41626e-13
-1.22528e-12
-7.8071e-13
-9.32092e-13
1.04828e-32
-5.11224e-14
-6.64478e-13
-2.66606e-13
-4.07728e-13
-2.7987e-13
-1.04878e-32
-3.84552e-13
-3.58515e-13
-1.49353e-13
-3.195e-14
-6.73941e-13
-4.03179e-13
-4.72637e-13
1.6604e-30
-1.50541e-14
-9.90316e-14
-3.20064e-13
-1.63579e-13
-1.04102e-32
-1.59062e-13
-1.50065e-13
-3.99362e-14
-3.47074e-13
-1.94596e-13
-2.19484e-13
-2.06675e-13
1.03651e-32
-5.27967e-14
-6.66469e-15
-1.25277e-13
-5.18628e-14
-4.85427e-15
-1.03321e-32
-5.61566e-14
-4.0315e-14
-4.52205e-14
-3.5776e-14
-1.31176e-13
-7.8196e-14
-6.36661e-14
7.58174e-16
-9.04721e-31
-1.16586e-14
-2.45404e-14
2.91125e-15
-1.20029e-15
-1.02536e-32
2.23986e-14
1.12546e-14
-1.60902e-14
3.25136e-15
-3.80476e-15
9.58185e-15
2.49987e-14
4.61926e-15
6.78762e-15
-8.76108e-31
2.87392e-14
1.98688e-14
5.71272e-15
-1.01746e-32
4.70726e-14
6.05803e-14
4.28921e-14
2.33323e-14
4.92053e-14
6.78952e-14
1.34264e-14
9.47565e-15
1.01803e-32
3.73059e-14
5.51339e-14
-1.81138e-32
8.23206e-14
6.52347e-14
8.48142e-14
3.97347e-14
7.89603e-14
9.73512e-14
2.17417e-14
5.19939e-15
2.32103e-14
6.50738e-15
-6.8823e-31
7.21678e-14
4.73429e-14
-1.00152e-32
1.08268e-13
9.80887e-14
6.77535e-14
3.4165e-14
1.04837e-13
1.24792e-13
8.19718e-15
2.66279e-14
7.58675e-15
-6.15394e-31
6.38839e-14
1.04146e-13
8.33031e-32
1.33539e-13
1.22757e-13
4.60568e-14
8.51345e-14
1.20806e-14
1.40587e-13
1.60018e-13
3.373e-14
1.44399e-14
1.70045e-30
6.85865e-14
1.58687e-13
1.32492e-13
-9.85416e-33
1.76091e-13
1.77563e-13
1.28975e-13
8.32652e-14
2.0603e-14
2.00976e-13
3.08477e-14
1.15424e-30
9.70265e-14
2.10116e-13
1.744e-13
-1.21705e-31
2.38051e-13
2.34538e-13
1.72758e-13
5.68627e-14
1.24726e-13
1.44757e-14
2.73345e-13
9.4036e-14
2.38427e-14
9.85117e-33
2.77265e-13
1.87173e-13
-9.69152e-33
3.16758e-13
2.7542e-13
2.29685e-13
4.93274e-14
1.45031e-13
3.42964e-13
7.0957e-14
2.81348e-14
6.62723e-30
3.8241e-13
2.99387e-13
1.77952e-13
3.57855e-14
-9.60963e-33
3.62609e-13
4.10294e-13
2.87544e-13
1.51949e-13
1.04532e-13
3.71382e-14
9.40441e-30
4.79835e-13
4.08565e-13
3.36945e-13
2.37649e-13
8.10136e-14
-7.11911e-31
4.62404e-13
4.25106e-13
2.67372e-13
4.69621e-13
4.93642e-14
1.53794e-13
1.16981e-13
3.93855e-14
7.07846e-30
5.20762e-13
5.2573e-13
3.75893e-13
2.50468e-13
2.06713e-13
-9.44476e-33
5.19043e-13
3.89642e-13
4.29787e-13
9.29721e-14
4.67872e-13
1.29392e-13
2.72326e-14
9.57039e-33
4.37588e-13
4.88563e-13
2.1741e-13
2.37548e-13
3.21163e-13
-9.36181e-33
5.19727e-13
2.10562e-13
1.35528e-13
4.93514e-13
5.17398e-14
-6.13044e-14
6.38387e-30
1.12602e-13
9.40584e-14
4.23382e-13
-7.28436e-14
-3.2495e-13
3.88612e-13
2.20598e-30
1.69723e-13
4.92038e-13
-2.26159e-13
-2.52358e-13
-5.73187e-13
7.68134e-30
-7.09506e-13
-7.9157e-13
1.2434e-13
-9.44036e-13
-1.63832e-12
4.85581e-13
-9.19495e-33
3.13839e-13
4.20753e-13
-1.59577e-12
-2.94369e-13
-1.55197e-12
-4.7398e-29
-2.27337e-12
-2.32948e-12
-5.01094e-13
-2.7542e-12
-4.03533e-12
6.37081e-13
1.66293e-13
-9.11105e-33
6.12462e-13
2.13589e-13
-4.44604e-12
-7.86806e-13
-3.74122e-12
-2.68437e-29
-5.04484e-12
-5.40138e-12
-2.05542e-12
-5.68215e-12
-8.33082e-12
9.16822e-13
5.67045e-13
-9.02686e-33
-2.45648e-13
-9.28502e-12
-9.9895e-12
-1.57111e-12
-6.94795e-12
1.95977e-29
-1.02547e-11
-6.1967e-12
-1.11014e-11
-3.40493e-12
-1.51727e-11
1.40134e-12
1.77721e-13
8.25746e-13
2.07112e-29
-1.6923e-11
-1.67798e-11
-2.53074e-12
-1.01445e-11
9.12307e-33
-1.8287e-11
-1.17723e-11
-4.49454e-12
-2.38257e-11
-6.47021e-13
1.79316e-12
1.06083e-12
-3.15061e-29
1.70997e-12
-2.57296e-11
-2.80025e-11
-1.76646e-11
-4.7143e-12
1.31844e-27
-2.81523e-11
-2.31724e-11
-1.15446e-11
-3.44125e-11
-1.74479e-12
-8.78074e-12
1.24147e-12
-8.77267e-33
-3.56575e-12
-3.4857e-11
-2.49891e-11
-9.44962e-12
8.96763e-33
-3.72035e-11
-2.46356e-11
-3.88194e-11
-4.17591e-11
-2.15173e-11
-8.68744e-33
2.32272e-13
-6.54139e-12
-3.21831e-11
-1.58813e-44
-1.7727e-15
-2.36016e-29
-5.3138e-12
-2.40562e-11
-1.70388e-11
-3.30285e-11
-1.38641e-11
1.17789e-27
-5.12145e-11
-5.32088e-11
-6.91932e-11
-4.64805e-11
-8.09795e-11
-8.60197e-33
-1.09543e-10
6.46696e-45
4.20505e-14
3.88942e-14
-6.34106e-29
4.24831e-12
-1.30119e-11
-9.7819e-11
5.08125e-45
2.63789e-15
-9.25929e-12
4.52962e-11
3.88866e-11
-6.43247e-28
-8.45921e-11
-1.39214e-10
-4.19731e-11
-2.16895e-10
-8.51628e-33
-2.92234e-10
-8.18272e-30
-1.75847e-13
-1.76914e-29
6.03255e-11
-8.45672e-11
-1.26385e-34
-5.8964e-45
-7.31251e-15
-1.67457e-13
3.69392e-11
7.75358e-11
2.66544e-10
2.07677e-10
-4.1294e-27
-1.64775e-10
-3.37195e-10
-3.20082e-12
-4.79817e-10
-8.43039e-33
-4.22306e-10
-8.21043e-10
-5.87509e-34
-9.2166e-29
1.29952e-12
2.8383e-10
-9.44251e-11
-5.61296e-34
2.94234e-34
1.42638e-14
1.33232e-10
-9.58424e-34
4.69912e-13
3.11523e-10
8.64645e-10
6.65796e-10
1.75974e-27
-4.16748e-10
7.08865e-12
-8.39561e-10
3.69505e-27
-3.42852e-10
-1.16536e-09
-1.63726e-09
1.00751e-28
-4.86504e-12
6.17562e-28
7.6025e-10
5.18664e-14
5.89918e-34
3.42366e-10
-4.37852e-28
-5.32148e-13
-2.36808e-12
-2.53592e-09
7.78252e-10
1.70349e-09
2.18455e-09
8.5667e-33
-1.13638e-09
-1.04819e-10
-8.25803e-33
-1.21642e-09
-2.718e-09
-1.17505e-33
1.66334e-11
-8.60426e-22
1.78502e-09
8.85953e-34
1.26102e-09
3.10169e-27
2.05335e-12
-3.5601e-09
-4.96755e-09
1.21765e-11
1.40966e-12
-7.18944e-10
2.22249e-09
2.60522e-10
4.12949e-09
4.69322e-09
2.14098e-25
-1.6891e-09
-8.17158e-33
-3.60255e-09
-4.46522e-09
-5.0395e-27
-8.365e-11
-1.18956e-19
1.09987e-31
4.85975e-09
1.77376e-09
1.51422e-23
-1.47495e-11
-7.92095e-09
-8.56014e-09
-2.10092e-09
-7.67148e-12
-3.18459e-11
5.30985e-09
1.04365e-09
8.87717e-09
1.116e-08
8.40181e-33
-3.85929e-09
7.16433e-26
-9.54946e-09
1.17243e-26
4.75009e-10
6.50657e-18
1.46728e-33
8.80717e-09
3.76706e-09
-9.75624e-22
7.10494e-11
-1.51327e-08
-1.16325e-08
-6.21595e-09
4.89096e-11
1.15353e-08
3.04134e-09
1.8825e-08
2.10421e-08
8.31847e-33
-6.72107e-09
-7.99823e-33
-2.11518e-08
1.62415e-26
-1.40617e-09
6.56457e-16
2.06383e-25
1.68097e-08
7.27065e-09
-2.89816e-19
-3.92652e-10
-2.17569e-08
-1.82128e-08
-5.03615e-09
-2.48136e-10
1.04168e-08
2.10286e-08
2.97671e-09
3.28479e-08
3.59763e-08
-1.5155e-24
-1.3975e-08
-7.91133e-33
-3.43016e-08
-3.44556e-08
1.12911e-25
6.39488e-09
-8.72739e-15
-5.02357e-26
2.82833e-08
1.20376e-08
-1.11452e-16
1.2634e-09
-3.35217e-08
-1.54639e-08
7.25976e-09
3.2871e-08
4.86597e-08
5.13292e-08
-1.61514e-25
-1.89623e-08
-1.34932e-08
-2.72047e-25
-4.9778e-08
-4.06382e-08
1.2287e-25
-3.30499e-08
3.27033e-33
5.71361e-26
3.94237e-08
1.6513e-08
1.20041e-16
-7.38773e-09
-4.07106e-08
1.98283e-08
-4.84433e-09
3.95366e-08
5.09067e-08
4.95973e-08
7.41575e-24
-2.33775e-08
-1.67374e-08
-3.92067e-08
4.02807e-25
-3.95787e-08
-5.21774e-08
4.45751e-25
1.73508e-07
2.05687e-12
1.44939e-25
3.51228e-08
1.35847e-08
-3.1254e-33
4.68707e-08
1.23773e-08
3.39824e-09
1.25308e-08
5.96181e-10
-1.93698e-08
-6.21927e-25
3.9649e-08
-3.26271e-08
-1.41887e-08
8.52301e-25
1.53899e-09
-3.23101e-33
-7.8098e-07
3.78465e-33
-9.06724e-26
-2.8299e-08
-9.76444e-09
-1.81544e-07
5.11871e-12
-8.23621e-09
3.55093e-25
7.31609e-08
-9.65338e-08
-1.93844e-07
-2.5559e-07
-7.76416e-24
3.16575e-07
2.11493e-07
5.94503e-08
3.19993e-08
-3.49434e-33
-3.32982e-06
3.51907e-33
-2.79444e-23
-1.99448e-07
7.84426e-07
-3.77616e-33
-6.80331e-08
1.34724e-07
-7.47377e-33
2.5238e-07
-4.29915e-07
-6.96929e-07
-9.35061e-07
-1.94563e-07
-7.3162e-25
8.25787e-07
9.64042e-07
4.23227e-07
-3.70155e-33
-7.72604e-06
-1.13008e-07
3.48674e-33
-9.66112e-07
2.91604e-06
-3.51029e-33
-1.82376e-07
4.17311e-07
8.46104e-07
-7.38478e-33
7.98017e-34
2.09859e-06
4.85192e-07
-1.32517e-06
-8.78797e-07
-2.25158e-06
-2.88434e-06
-1.58759e-06
-1.67916e-22
2.13617e-06
2.46916e-06
-4.29476e-33
-1.60627e-05
-1.25573e-05
6.90618e-21
5.2167e-06
9.16021e-06
1.12779e-07
1.39853e-06
2.66444e-06
-7.29478e-33
-1.58566e-05
-1.738e-07
4.99917e-06
3.33786e-22
-9.08805e-07
-2.11284e-05
1.55824e-06
-3.26194e-06
-5.74891e-06
-6.20564e-06
-3.25529e-06
7.01796e-06
6.1739e-06
-5.20557e-33
-2.57917e-05
-3.17678e-05
8.64954e-22
1.93717e-05
1.36931e-05
-7.9523e-34
3.33897e-06
7.91092e-06
-7.20357e-33
-1.08273e-07
1.17154e-05
-1.22915e-21
-3.10612e-06
-2.66967e-06
-1.47356e-05
-2.148e-05
-1.9086e-05
3.07016e-06
-8.75962e-06
-1.26752e-05
-1.43927e-05
-1.41201e-05
2.07041e-05
1.47106e-05
7.79898e-23
-2.6632e-06
-1.35272e-05
-1.93997e-20
3.09382e-05
2.40585e-05
1.70243e-05
1.72008e-07
6.86475e-06
1.62366e-05
-7.11334e-33
-4.01547e-08
-9.04237e-06
-1.56777e-22
-7.44629e-06
4.03866e-06
7.54255e-06
3.18514e-05
1.92809e-05
-7.03108e-33
5.55044e-35
3.47471e-05
6.60964e-05
2.51584e-05
4.11681e-06
-2.39012e-05
-3.06876e-05
-3.59587e-05
4.93725e-05
3.05116e-05
2.13068e-05
-6.97686e-33
3.36915e-05
5.21415e-05
4.00418e-06
1.34914e-21
2.26429e-05
8.60205e-06
9.69553e-08
1.7081e-05
2.85279e-05
2.32192e-05
4.88367e-35
-2.0858e-05
4.32598e-21
-1.5131e-05
4.8859e-05
9.31457e-05
8.36807e-05
4.1811e-34
-5.76865e-05
-9.96228e-19
6.57705e-05
9.18145e-05
0.000118461
2.55211e-06
-1.7346e-05
-4.3956e-05
9.17707e-05
-4.16792e-05
-6.54826e-06
-5.7356e-05
-3.90834e-05
-7.11531e-05
9.50619e-05
5.43578e-05
2.26226e-05
7.27959e-05
0.00014548
-3.70481e-05
-2.66494e-05
8.14781e-22
-5.46975e-05
3.27947e-08
7.4765e-06
9.54931e-05
4.66163e-08
5.94282e-05
-3.9418e-05
0.000144451
1.66037e-34
-0.000101322
-0.000169632
1.70263e-18
0.000114319
0.000162174
-1.53097e-05
-9.30094e-05
-8.88708e-05
0.000148754
-8.87476e-05
-5.55515e-05
1.95413e-18
-3.97251e-05
-0.000113273
-7.73143e-05
-0.000126229
0.000152862
8.86351e-05
1.67149e-05
0.000181162
0.000199925
0.000217735
-7.55348e-05
-9.79486e-05
-0.000134411
-0.000131628
-2.1064e-35
1.91242e-07
5.83895e-05
-4.40347e-05
1.11885e-34
-0.00019696
-0.000134038
-0.000166751
0.000147203
0.000200058
-0.000135334
-0.00016331
-0.00011247
-6.37059e-05
-0.000152537
-2.5474e-18
-7.36768e-18
0.000154787
-6.49077e-05
-0.000125368
-0.000187307
-0.000200689
0.000227543
8.3013e-05
-2.00565e-05
0.000260594
0.00024397
-0.000190346
-5.98191e-08
8.1718e-05
5.05698e-07
-0.000107558
-2.91392e-05
9.17511e-35
-0.000193901
-0.00022518
0.000191451
-0.000141173
-0.000184944
-0.00021304
-6.6831e-05
-0.00016553
-0.000113358
2.0417e-17
0.000171625
-4.40907e-17
-0.000230214
-0.000131893
-0.000202743
-0.000255472
-0.000249489
0.000238202
4.95356e-05
-8.95447e-05
0.000221919
-1.1494e-07
0.000104601
-8.50203e-34
-0.000156818
-7.80465e-05
-2.00321e-05
6.84673e-35
-0.000237605
-6.08565e-05
-0.000125398
-0.000213325
-0.00020378
-0.000126045
0.000130099
-0.000122979
-1.06735e-34
-0.000250728
-0.0002169
-0.000213014
-0.000253729
0.000172036
0.000163371
-1.21667e-06
-0.000124245
8.98371e-05
-5.97484e-07
5.29155e-07
-0.000177058
-8.93742e-05
-2.22216e-05
4.45986e-23
-0.000259825
-0.000122238
-0.000201063
-0.00021952
7.30345e-05
-0.000133704
-1.1401e-34
-0.00024648
-7.2226e-35
-4.80512e-35
1.18573e-16
2.25529e-17
-2.80763e-17
-0.000220221
-0.000197907
9.09134e-05
0.000109221
-3.11619e-05
-0.000123731
-3.17004e-33
8.2441e-34
-0.000140587
-0.000220171
-6.65542e-05
6.02415e-21
-1.6589e-05
-0.00026808
-0.000269847
-0.000122161
4.84791e-05
-0.000166876
-9.47579e-18
-1.65681e-05
-1.62097e-05
-0.000148893
-2.2034e-05
1.21793e-17
-0.000150396
-8.31426e-17
-0.000255797
-1.75358e-20
-2.99115e-17
-2.71053e-35
-6.87466e-21
6.56156e-18
-1.65462e-17
-2.74073e-17
2.61704e-17
-8.90407e-35
-0.000105178
4.46296e-05
5.93518e-05
-1.21432e-05
-6.34653e-05
-7.85634e-05
-3.62136e-33
-5.03967e-07
-0.000109957
-0.000189458
-0.000252355
-3.21541e-05
3.01464e-21
-0.000285939
-0.000283301
-0.000281722
2.29525e-05
-0.000247452
-1.83436e-05
-3.48928e-05
-3.01074e-05
-3.045e-05
-4.34773e-05
-5.05891e-35
-0.000246965
-0.0001297
-6.87639e-05
-3.31616e-05
-1.08688e-17
-1.16345e-05
-1.46924e-05
-2.38521e-35
-4.76228e-05
-1.0195e-05
8.47082e-22
-1.59433e-05
-1.67672e-17
-1.65274e-05
7.74288e-18
-1.84351e-35
-4.12874e-35
-3.80281e-35
-1.32399e-35
-5.85312e-22
-2.58127e-35
-5.21523e-35
-3.11808e-36
-5.11725e-36
-1.53544e-35
3.23021e-21
-2.13627e-35
-1.5049e-18
-9.95288e-36
-3.06889e-35
-9.33792e-36
-8.63483e-18
-7.22405e-06
-7.10519e-05
-4.18509e-05
3.25041e-33
2.16729e-05
2.35144e-05
-8.07798e-06
-3.48754e-05
-3.78208e-05
2.0124e-13
-8.7895e-05
-0.000160448
-0.000237598
6.73644e-35
-3.41649e-05
-0.000295598
-0.000298516
-0.000278096
1.01694e-05
-3.33679e-05
-5.9017e-05
-5.29049e-05
-3.37776e-05
-5.45698e-05
-0.000298979
-0.000250223
-0.000189688
-0.000133258
-0.000102637
-5.51208e-05
-2.3987e-05
-2.44826e-05
-1.4641e-05
-2.1177e-05
-2.00675e-05
-3.50883e-05
-1.37294e-05
-2.8744e-36
-8.29173e-06
-1.05104e-05
-9.5164e-06
-8.22196e-06
-1.26001e-05
-1.17293e-05
-3.55971e-35
-6.20993e-36
-6.88473e-06
-1.41353e-05
-3.31164e-06
-9.58498e-06
-1.61026e-05
2.40122e-21
-1.35302e-05
-2.40226e-05
-1.01402e-17
-1.02355e-05
-2.23071e-05
-0.000120332
-9.63456e-05
-3.05876e-18
3.06649e-18
-7.88037e-36
-1.43364e-22
-3.68008e-05
4.97997e-23
-4.23578e-18
1.00495e-21
3.60611e-33
-1.35304e-05
7.28926e-06
6.222e-06
1.39086e-06
-6.07563e-06
-1.42919e-05
1.31939e-13
8.00344e-07
-0.000109354
-0.000222993
5.7133e-22
-3.10511e-05
-0.000313838
-0.000295591
-5.04109e-05
-8.94913e-05
-8.84102e-05
-7.04348e-05
-8.33157e-05
-0.000315081
-0.000265982
-0.000180728
-3.81446e-05
-3.66787e-05
-3.50816e-05
-3.84989e-05
-5.5087e-05
-1.97612e-05
-3.11018e-05
-8.47181e-06
-2.66057e-05
-1.67166e-05
-1.95788e-05
-1.90166e-05
-1.99763e-05
-1.86298e-05
-2.29932e-05
-1.93834e-05
-6.76739e-06
-1.32969e-05
-1.3834e-05
-2.17782e-05
-1.02222e-05
-1.88793e-05
-3.21713e-05
-3.81879e-05
-0.000162651
7.77927e-18
-4.01489e-06
-1.70439e-06
-9.12686e-18
-4.889e-06
-1.9855e-35
-5.49032e-06
-5.55865e-06
-1.9658e-05
2.82894e-21
-1.07962e-35
-3.61699e-22
-9.59122e-36
-1.77992e-35
-7.56813e-22
1.48188e-18
-1.16066e-19
-3.3465e-18
1.60869e-19
-2.14652e-18
9.3969e-18
-1.30816e-35
1.32026e-36
-6.87554e-18
5.90881e-19
-1.49729e-23
-9.15987e-23
6.32187e-18
6.40029e-24
-7.68795e-36
3.34632e-18
-6.48127e-18
-2.50588e-06
5.86633e-13
-2.52094e-06
1.9885e-06
8.18009e-07
-9.86658e-07
-2.69075e-06
1.45843e-15
3.07754e-07
-4.59779e-05
-0.000159476
-0.000285875
5.78048e-21
-0.000330391
-8.26679e-05
-0.000147414
-0.000110681
-0.000331376
-0.00026799
-5.46094e-05
-5.77342e-05
-5.61292e-05
-2.65849e-05
-3.62619e-05
-3.90392e-05
-4.44183e-05
-2.77282e-05
-2.66515e-05
-3.2732e-05
-3.20154e-05
-2.82382e-05
-3.62118e-05
-3.54415e-05
-1.2938e-05
-1.33763e-05
-1.74253e-05
-2.28316e-05
-2.83512e-05
-5.03388e-05
-0.000241626
-3.89812e-06
-7.46313e-06
-9.40403e-06
-9.47581e-06
-3.96016e-06
-3.27716e-06
-1.08432e-05
-1.07907e-05
-1.12568e-05
-5.29087e-06
-1.5849e-06
6.52118e-07
-1.00791e-05
-2.89863e-06
-1.33174e-06
-5.36339e-06
-5.69834e-06
-2.04879e-06
1.6529e-05
1.81089e-17
-3.8473e-35
-1.25643e-06
-2.41642e-06
1.05587e-19
-6.5598e-06
-3.01874e-06
-2.14191e-06
-1.86297e-06
-3.74858e-06
-3.84016e-06
-6.03468e-06
-1.60929e-19
3.99182e-36
-1.2685e-35
-2.8992e-36
1.00413e-22
4.68476e-18
2.75377e-19
-5.50429e-19
1.57887e-18
1.55671e-17
-1.35302e-19
-0.000249422
-1.12841e-18
8.68998e-36
1.26697e-21
2.99268e-18
1.58387e-18
-4.73698e-22
2.3636e-18
-9.66324e-22
-4.61075e-18
6.1915e-36
1.68062e-18
6.02065e-36
4.99761e-19
-6.21975e-17
-2.20834e-18
2.1802e-35
-5.87009e-19
1.44832e-19
-9.38906e-06
4.81231e-13
-5.20772e-07
2.67741e-07
4.40834e-08
-2.83999e-07
-4.12012e-07
-4.18353e-09
-6.16571e-05
3.22194e-22
-0.000194915
-0.000311266
-0.000351785
-8.52398e-05
-0.000123379
-0.00016783
-0.00025937
-0.000337041
-7.51082e-05
-5.04037e-05
-6.18353e-05
-3.90394e-05
-4.16668e-05
-4.37924e-05
-5.87676e-05
-5.54091e-05
-5.89991e-05
-2.31455e-05
-1.77121e-05
-3.92955e-05
-3.36756e-05
-7.65562e-06
-1.15696e-05
-1.28441e-05
-1.25548e-05
-7.23463e-06
-1.30251e-05
-1.30385e-05
-1.0238e-05
-1.68113e-05
-4.91447e-06
-2.69656e-06
-5.78814e-06
-2.10385e-06
-3.00365e-06
-7.33019e-06
-1.10859e-05
-1.06602e-05
7.51845e-06
1.79491e-06
-9.58022e-07
1.41279e-05
-8.03262e-07
-2.26996e-06
-3.49007e-06
-1.48491e-05
-4.48036e-06
-6.06789e-06
-9.50354e-06
-8.2833e-36
3.08687e-06
6.95019e-06
-2.85647e-06
1.25354e-18
2.09035e-06
8.09898e-06
-5.41272e-08
-1.15444e-18
6.17526e-06
3.21443e-06
6.47309e-06
7.83367e-06
1.94874e-06
1.87003e-06
1.5518e-05
5.88539e-22
6.79181e-06
-1.33493e-06
4.95445e-06
2.25933e-06
-6.99186e-18
6.09719e-07
2.16655e-18
2.60673e-06
1.53832e-06
4.07254e-19
8.96954e-09
-3.13368e-18
8.33653e-06
-4.86931e-07
-1.2809e-19
-1.58996e-05
5.52759e-19
1.52411e-35
4.52255e-18
6.94957e-19
3.21613e-18
4.41884e-20
-6.81459e-20
-9.10801e-05
3.17018e-35
1.37039e-22
6.1707e-18
-7.91628e-22
2.78715e-22
-2.41407e-19
-0.000179477
-3.1499e-15
-9.80767e-09
1.6962e-08
-2.24371e-08
4.25842e-09
-5.78017e-08
-5.5669e-05
-1.42231e-34
-0.000318134
-0.000216127
-0.000362037
-0.000122145
-0.000178727
-0.000266506
-0.000343816
-9.01649e-05
-6.3417e-05
-5.42463e-05
-9.5129e-05
-9.72281e-05
-3.8435e-05
-2.61335e-05
-1.19992e-05
-2.04488e-05
-1.94427e-05
-1.83986e-05
-1.55805e-05
-1.73889e-05
-2.27992e-05
-1.26997e-05
-5.34587e-06
-6.7162e-06
-6.09922e-06
-5.8714e-06
-1.94119e-05
1.02308e-05
1.7252e-05
9.21607e-06
1.02454e-05
-2.29761e-06
-2.62732e-06
-4.18795e-06
-2.22595e-05
-7.51618e-06
-1.24961e-05
1.16081e-06
1.11483e-05
1.4929e-05
-8.14794e-08
1.64965e-06
3.2944e-06
5.79459e-06
6.0791e-06
2.95835e-06
2.37986e-06
3.48025e-06
8.00125e-06
7.17586e-06
5.1279e-06
1.26673e-05
2.23002e-06
3.60268e-06
7.4479e-06
1.12306e-05
8.55736e-07
4.14938e-07
1.08902e-06
-4.00176e-19
3.70729e-08
4.41542e-08
2.19011e-06
-1.74673e-07
-7.12978e-07
2.43789e-06
5.82261e-06
-4.48152e-18
7.1328e-06
6.70145e-06
8.70078e-06
6.70084e-06
5.83683e-06
-0.000256584
-1.40785e-17
-5.97565e-22
1.61921e-05
-0.000111003
6.25309e-16
-4.39921e-09
2.46745e-08
-1.7271e-08
-3.42748e-08
1.83357e-08
-3.62628e-34
-0.000294184
-0.000366559
-0.000175128
-0.000265029
-0.000345712
-8.50225e-05
-6.0686e-05
-0.000150732
-0.000141481
-3.84612e-05
-1.84826e-05
-2.68547e-05
-2.63463e-05
-3.28339e-05
-3.06283e-05
-2.05827e-05
-1.00163e-05
-7.72311e-06
-1.16717e-05
-3.26165e-05
1.43166e-05
1.17279e-05
2.01358e-05
1.91062e-05
-1.85455e-06
-4.46954e-06
1.37902e-05
1.80327e-05
-1.02067e-06
1.14268e-06
3.72262e-06
7.04467e-06
1.33662e-05
7.35823e-06
2.09309e-06
4.21953e-06
1.01843e-05
1.25288e-05
8.95104e-06
1.29696e-05
3.91089e-06
-2.63876e-07
1.06367e-06
9.42693e-21
-1.60463e-07
-7.80514e-08
1.00167e-05
1.83485e-05
1.01334e-05
1.46668e-05
1.42842e-05
1.38098e-05
1.18998e-05
1.42578e-05
9.05328e-06
1.70206e-17
-0.000123033
8.00773e-06
5.24315e-06
4.03355e-17
-3.85111e-08
-2.08128e-07
6.63415e-09
2.48928e-07
-7.8509e-34
-0.000302252
-0.000366705
-0.000232038
-0.000331245
-0.000108057
-5.19761e-05
-8.11939e-05
-0.000172654
-3.50489e-05
-4.5335e-05
-5.1319e-05
-3.13742e-05
-1.67811e-05
-1.15068e-05
2.83452e-05
1.97127e-05
1.64538e-05
2.79803e-05
2.30055e-05
-9.94814e-07
-4.68341e-06
2.31416e-05
1.10014e-06
2.15356e-06
1.48734e-05
1.56714e-05
5.49782e-06
6.92967e-06
1.40899e-05
1.64056e-05
1.03343e-22
-1.9904e-06
-1.18165e-06
2.46519e-05
2.43599e-05
1.82922e-05
2.28283e-05
2.12528e-05
1.14279e-05
1.89366e-05
-4.84296e-18
-0.000112244
6.66067e-06
3.06887e-35
6.07065e-18
3.55884e-35
2.18091e-35
2.30383e-35
-1.89878e-18
8.95742e-23
4.26446e-06
4.10875e-35
-2.2567e-19
4.34308e-08
1.20626e-06
-1.30198e-06
7.60398e-07
1.45088e-20
-0.000313641
-0.000348572
-0.000252371
-0.000129366
-7.6537e-05
-5.59839e-05
-2.65065e-05
-7.16076e-06
-2.51549e-07
3.25095e-05
4.02394e-05
2.68262e-05
2.17639e-05
3.6832e-05
2.87739e-05
3.80608e-06
2.43173e-05
1.23488e-05
1.13684e-05
-2.51603e-33
-8.59697e-06
-5.17733e-06
-1.35617e-05
2.97762e-05
3.59198e-05
3.53406e-05
3.31539e-05
1.81789e-05
2.37087e-05
2.75769e-05
-0.00017662
1.51958e-05
8.67782e-06
1.69632e-05
1.74487e-05
2.25871e-36
6.06933e-06
8.04235e-06
1.51599e-05
2.17958e-05
-1.62852e-21
-1.56558e-23
4.05492e-05
-0.000172233
-2.07708e-23
6.80454e-07
4.42351e-06
4.6619e-06
-9.87228e-06
-9.03904e-05
-0.000308577
-0.000275431
-9.30348e-05
-4.66917e-05
-8.36691e-06
1.01656e-05
4.9647e-05
5.79555e-05
3.7867e-05
5.28079e-05
4.43799e-05
3.16284e-05
2.27081e-05
-3.59656e-05
-4.2485e-05
4.71336e-05
5.34646e-05
5.29952e-05
2.95307e-05
-0.00023158
3.34478e-05
1.71018e-05
1.62464e-05
3.273e-05
2.6458e-05
2.7161e-05
3.03645e-05
3.22784e-35
4.43121e-05
-0.000134487
6.02575e-19
2.40518e-23
2.81887e-06
1.75459e-05
1.38175e-05
-3.06004e-05
-0.000121248
-0.000182394
-0.000194837
-2.76586e-05
3.19076e-05
7.86629e-05
7.22228e-05
9.35707e-05
4.97768e-05
7.44584e-05
7.26946e-05
8.13472e-05
4.31136e-05
2.36156e-05
3.4429e-05
4.06426e-05
4.70602e-05
4.84645e-05
4.53477e-05
5.94422e-05
-2.01472e-05
1.83155e-05
-8.12668e-18
0.000109905
8.34324e-06
2.68995e-22
4.97224e-05
4.64131e-05
-4.00253e-05
-6.70904e-08
7.75486e-05
9.53277e-05
0.00012291
0.000156731
0.000123721
9.56332e-05
7.23337e-05
3.61086e-05
4.56712e-05
6.26045e-05
7.47913e-05
7.57419e-05
0.000143712
1.57162e-05
7.94944e-35
0.000160643
-1.84736e-17
4.87509e-35
3.05328e-05
3.44725e-05
3.09701e-33
0.000125136
0.000128239
0.000208292
0.000213767
0.00020383
0.000233545
0.000126493
6.40832e-05
4.62698e-05
0.00010406
0.000104836
0.000306207
2.02648e-05
0.000223592
2.59223e-05
-2.36373e-17
8.8751e-05
1.80488e-33
0.000249819
0.000330124
0.000330171
0.000172394
7.66661e-05
4.71232e-05
0.000137606
0.000348366
0.000286371
6.17591e-05
3.37894e-05
3.969e-17
2.46407e-17
0.000122841
0.000129086
5.31837e-20
0.000266935
0.000374687
0.000370264
0.000210557
9.76539e-05
0.000318416
0.000311197
5.58739e-05
8.27177e-05
3.33428e-05
3.86352e-05
1.65051e-34
0.000167746
0.000146555
-3.64166e-20
0.000319168
0.000355264
0.000347754
0.000270255
0.00011958
7.60416e-05
6.29005e-05
9.39838e-05
-4.828e-17
0.000186263
0.000180968
-4.82678e-22
5.71791e-05
0.000349796
0.000325616
0.000273401
0.000243111
0.000138549
8.3101e-05
0.000144826
-1.22888e-17
9.59967e-05
-8.71518e-36
0.000315248
0.000332338
0.000285365
0.000206845
0.000205057
0.00017129
0.000100748
-1.13636e-17
0.000170275
5.7404e-05
-5.30485e-35
0.000319014
0.000274315
0.000315786
0.000258772
0.000191413
8.18269e-21
0.000234418
0.000122074
-6.64527e-17
3.01429e-05
-7.92405e-35
0.000304498
0.000301901
0.000234119
0.000146282
0.000266007
0.000183047
8.89863e-05
1.4891e-17
2.60297e-05
-1.01049e-23
0.000294591
0.000303526
0.00029561
0.000266067
0.00018083
0.000258512
0.000190487
0.000101853
0.000110276
1.48923e-16
0.000210671
3.8349e-05
-9.23627e-35
0.000291406
0.000286716
0.000266885
0.000256976
0.000121316
0.000204764
9.53635e-05
0.000187037
-9.96829e-17
0.000257587
8.46014e-05
2.41424e-05
-8.44749e-35
0.000277956
0.000274876
0.00024019
0.000167561
0.000165438
-1.44144e-20
0.000244594
0.0002591
0.000123985
5.24213e-05
1.37141e-05
-7.95271e-35
0.000260749
0.000207481
0.000211604
0.000118158
-9.22562e-18
0.0002398
7.75402e-05
0.000166013
1.93255e-05
-9.09175e-35
0.000214244
0.000241817
0.000120295
2.14665e-16
0.000214103
0.000162283
2.48058e-05
9.20788e-05
-1.70456e-22
0.000137808
0.000214361
0.000211558
2.54208e-16
0.000148129
-3.29478e-22
5.13964e-05
-1.9913e-18
0.000151108
0.000192904
0.000139739
6.57611e-21
9.71743e-05
1.69784e-20
0.000165923
6.59634e-18
5.44707e-05
1.13578e-34
-4.90485e-35
