-2.89779e-35
-1.23606e-34
-2.59611e-06
2.08491e-22
1.3548e-35
9.58923e-35
-3.3495e-22
-6.67471e-35
2.9036e-06
-1.43016e-34
-9.557e-35
-6.31016e-35
-3.39161e-35
-2.98562e-35
-1.62539e-06
-1.56852e-06
-4.44653e-06
-1.13069e-06
-1.73468e-06
-1.13531e-06
1.35448e-06
-3.41676e-06
4.85994e-06
-1.09879e-05
-1.20996e-05
-6.59341e-06
-3.31392e-34
2.61159e-07
4.72363e-35
3.52737e-07
-3.45847e-06
-9.51369e-07
-7.19351e-06
1.8847e-06
-3.18874e-06
-9.29472e-06
3.34763e-06
-3.89686e-06
-1.96032e-06
4.25415e-06
-1.78844e-05
-1.65435e-05
-3.29008e-34
9.75834e-07
-5.32132e-36
5.7099e-07
3.46654e-07
-7.22796e-06
-5.63901e-06
-6.64104e-06
-2.13942e-05
1.25493e-06
4.97026e-06
9.13892e-07
-9.41363e-06
-2.68478e-05
-2.64061e-05
5.20539e-21
-2.33871e-06
3.25879e-06
3.99672e-07
5.47754e-36
1.51719e-07
7.64118e-08
-1.09874e-05
-5.98956e-06
-1.64205e-05
-4.69339e-06
-1.6275e-06
-8.7464e-06
-3.6235e-05
6.41474e-21
3.70789e-07
4.28703e-07
8.64547e-07
1.73376e-35
1.23408e-06
1.31425e-06
1.9711e-06
-1.04796e-05
-9.79798e-06
-2.20168e-05
6.06502e-06
-1.63704e-05
-1.19623e-05
-4.9266e-05
-2.82655e-21
8.44776e-07
4.25299e-06
4.4762e-07
3.57958e-07
4.27428e-36
3.14722e-07
3.44287e-06
1.73944e-06
3.95306e-06
-4.68824e-06
4.94843e-06
-1.62894e-05
-1.59764e-05
-1.42763e-05
-1.20521e-05
-4.79875e-05
-1.21512e-33
1.85315e-06
1.27233e-06
-5.44267e-23
3.79512e-06
1.64239e-06
6.77706e-07
4.64026e-06
6.34026e-06
6.78215e-06
3.2559e-06
6.29266e-06
-1.29235e-05
-2.92828e-05
-1.8833e-05
-1.80995e-05
-3.95627e-05
-2.33143e-33
5.31658e-07
5.4948e-23
6.77324e-06
4.57313e-06
3.85517e-06
1.78751e-06
1.04629e-05
1.10957e-05
1.13805e-05
9.34816e-06
6.56757e-06
-4.87549e-06
-2.68435e-05
-2.58804e-05
-3.97005e-05
-3.77109e-05
-4.17991e-33
1.80331e-06
2.55288e-35
3.09452e-06
-7.17855e-08
-3.1581e-06
-3.83076e-36
-1.7454e-07
1.23318e-05
1.47886e-05
2.08198e-05
1.99392e-05
1.74714e-05
8.82888e-06
-3.64878e-06
-2.61944e-05
-3.38517e-05
-2.82946e-05
-4.11399e-05
-1.23343e-05
-6.08659e-33
1.55817e-05
3.15194e-05
1.7183e-05
2.58403e-05
1.27187e-05
-2.93177e-06
-3.77496e-36
1.79526e-05
2.80944e-05
3.75704e-05
3.32015e-05
1.95103e-05
9.73727e-06
-7.11308e-06
-2.47604e-05
-3.16191e-05
-3.13925e-05
-1.08034e-05
1.11022e-22
1.64534e-05
5.21484e-05
5.22033e-05
1.08762e-05
1.27917e-06
-4.66799e-06
8.38809e-35
1.33512e-05
1.37657e-05
2.95533e-05
6.82103e-05
4.95179e-05
4.87941e-05
3.20042e-05
-6.81556e-33
1.40593e-05
-3.74919e-06
-2.02521e-05
-1.7444e-05
-1.74727e-05
-4.86805e-06
-1.24715e-05
7.26372e-05
6.38719e-05
2.10837e-05
1.06255e-05
-3.16764e-35
-1.01666e-05
-1.09096e-05
-6.14461e-06
3.06829e-05
4.67852e-05
7.52333e-05
7.62528e-05
2.47208e-05
4.74781e-05
3.83525e-05
-1.70731e-06
1.17382e-23
1.12115e-05
-2.95802e-06
-9.19011e-06
-6.35033e-06
-6.34091e-06
6.40907e-05
4.65784e-05
2.14788e-05
1.12767e-05
1.55632e-05
2.51106e-35
2.26149e-06
4.16588e-06
3.32014e-05
2.51271e-05
3.70536e-05
6.42607e-05
8.38205e-05
5.28253e-05
3.17614e-05
2.4279e-05
3.06418e-05
-7.34232e-33
-2.33344e-07
-1.48815e-06
1.34818e-05
-3.12835e-06
3.06753e-06
-2.66624e-06
-1.9365e-06
4.74994e-05
1.51372e-05
1.09927e-05
-6.79863e-21
2.36584e-05
1.67707e-05
1.26022e-05
8.11784e-06
3.28875e-35
3.60855e-06
1.64292e-05
2.4775e-05
8.09564e-21
3.56156e-05
7.61199e-05
7.89226e-05
5.93458e-05
2.44084e-05
1.59664e-05
2.01161e-05
1.75548e-05
-7.58745e-33
-4.40101e-08
-5.53268e-07
8.57599e-06
1.86464e-06
-5.82039e-07
6.64231e-07
1.43959e-05
6.29615e-06
7.18191e-21
2.14742e-21
4.70933e-06
1.09528e-05
5.79539e-06
3.41082e-35
4.992e-06
1.35042e-05
2.00013e-05
1.54767e-05
2.81735e-33
7.95199e-05
3.81704e-05
6.1079e-05
6.39465e-05
5.25286e-05
2.25448e-05
1.05463e-05
3.01938e-06
1.16945e-05
9.74807e-06
-7.82071e-33
2.72048e-08
1.07118e-07
6.20254e-06
3.6541e-06
6.46995e-07
1.94304e-06
4.89726e-08
-9.79422e-22
1.27554e-05
4.66581e-06
7.24669e-06
-1.14717e-21
3.72719e-06
7.84683e-06
8.80614e-06
1.58314e-33
4.62935e-05
6.04386e-05
5.98481e-05
5.98209e-05
6.59821e-05
2.02082e-05
1.43706e-22
5.98265e-06
9.82442e-07
6.01025e-06
5.28189e-06
-3.24473e-25
2.04171e-07
5.59394e-07
3.17422e-06
1.45375e-06
6.9615e-08
2.82751e-05
2.44272e-06
3.67955e-35
2.12698e-35
1.62698e-35
4.08837e-06
4.46591e-05
5.83709e-06
6.0522e-05
3.46173e-19
3.51387e-05
3.7338e-05
6.55098e-06
4.47646e-05
4.14824e-05
3.93585e-05
-1.70744e-23
2.85042e-06
7.16975e-07
3.66474e-06
2.82629e-06
2.84447e-06
-8.25196e-33
-9.74448e-09
2.7198e-07
9.93203e-07
5.42975e-07
1.72378e-06
2.33284e-08
1.12292e-07
-1.46489e-22
3.12564e-35
1.00594e-34
4.09094e-21
5.47644e-05
3.82599e-05
2.97853e-05
5.59098e-05
-7.97998e-19
3.96189e-05
-6.61075e-21
3.72682e-05
-8.17601e-06
7.26368e-05
4.97312e-24
2.55399e-07
1.21212e-06
1.5191e-06
1.9249e-06
1.65744e-06
-8.45013e-33
2.27227e-38
2.76633e-08
2.51866e-38
1.46751e-08
2.58738e-07
8.9754e-07
4.59807e-07
1.05515e-06
1.88272e-08
8.9981e-08
1.39717e-35
8.7646e-21
-2.80219e-22
7.77222e-05
3.51336e-05
1.56714e-05
3.37254e-05
4.75291e-05
3.46459e-35
3.12821e-05
-3.13617e-35
-7.92215e-06
5.0043e-05
-8.79041e-24
4.28817e-07
8.00811e-08
7.01799e-07
9.2949e-07
9.40343e-07
-6.09804e-09
4.66127e-26
4.40252e-14
-6.21402e-08
-3.1361e-24
-7.29866e-08
1.90879e-07
6.03799e-07
3.29861e-07
5.79808e-07
1.00067e-08
5.94794e-08
4.33792e-21
1.7469e-20
-4.55975e-05
-7.74392e-05
-5.76428e-20
-3.02106e-05
1.18089e-19
4.60503e-05
1.22413e-05
1.96502e-35
1.18811e-35
6.02093e-35
2.71475e-35
-2.70632e-21
-7.34984e-21
7.33501e-24
3.71689e-08
2.11831e-07
3.61183e-07
4.77322e-07
4.2827e-07
-1.57532e-08
-1.20019e-08
-8.81213e-33
1.80846e-33
5.33207e-07
-1.68318e-33
1.59298e-07
2.61676e-07
3.07273e-07
7.88931e-09
7.84946e-08
5.86075e-08
-0.00011745
-0.000125108
-9.04134e-35
-0.000202977
-9.13261e-05
-2.30448e-05
5.11935e-35
-3.83901e-24
2.2453e-08
1.07742e-07
1.71982e-07
2.3311e-07
1.72428e-07
1.96512e-08
1.15874e-08
2.12397e-24
1.79701e-11
-1.97934e-06
-6.67656e-07
-2.52484e-33
1.01191e-07
1.15449e-07
1.13777e-07
7.93535e-08
1.93514e-07
-0.000205104
-0.000190781
-7.55898e-35
-0.000179861
-1.92044e-05
-0.000141308
-7.02955e-05
4.57811e-35
1.62898e-24
1.35355e-08
5.63771e-08
7.99613e-08
1.99769e-08
2.21508e-07
5.63079e-08
-9.12883e-33
-6.8272e-06
4.03948e-33
-3.47998e-33
-3.0397e-09
2.13397e-08
4.75372e-07
2.42435e-07
5.89858e-07
9.90402e-07
-0.000163469
-0.00020659
-0.000238098
-0.000238316
2.05007e-20
-9.15765e-35
-0.00016971
-3.37871e-17
-1.66963e-05
-6.3842e-05
-0.00011747
3.02877e-35
1.91002e-25
1.22373e-08
4.30026e-09
-8.78282e-08
-1.99442e-07
3.51454e-07
-2.32848e-24
-1.27108e-05
4.72199e-33
-4.70807e-33
2.913e-08
-2.47919e-07
1.73834e-07
1.42421e-06
8.92733e-07
1.87213e-06
2.9672e-06
-0.000196954
-0.000250551
-0.000248022
-0.000210497
-0.000100753
-0.000150121
3.77163e-17
-5.49636e-05
-1.60785e-05
-0.000122487
-1.10295e-22
-4.46994e-08
1.02986e-32
-1.21094e-08
-2.3745e-07
-5.87773e-07
-7.45818e-07
5.44329e-07
-9.4001e-33
2.8037e-06
-5.59276e-07
-6.12723e-33
-2.26829e-05
-9.54068e-07
-7.68284e-07
1.70211e-06
2.78799e-06
5.96065e-06
6.04165e-06
-9.67207e-35
-0.000135122
-0.000203607
-0.000254304
-0.000269089
-0.000240291
-0.00017213
-0.000185217
-6.9413e-05
-2.63585e-05
-0.000147676
-2.59765e-35
-2.56748e-05
-2.72425e-07
2.49739e-25
-6.58878e-08
-1.06358e-06
-2.03985e-06
1.27636e-06
-9.51883e-33
6.30511e-06
-8.93385e-22
-4.23731e-05
-8.50723e-07
-3.88098e-05
-3.25258e-06
3.82759e-07
5.66881e-06
1.24142e-05
1.19133e-05
-9.67987e-35
-0.000153626
-0.000237034
-9.52419e-35
-0.000261618
-0.00022932
-0.00028039
-0.000267101
-9.96713e-05
-5.0172e-05
-0.000197264
-8.07814e-35
-4.73392e-07
-7.36219e-24
-3.19196e-06
-1.93511e-06
-5.67941e-06
-8.43547e-06
-5.29189e-23
5.30108e-06
1.61424e-05
-9.73429e-33
-9.81698e-33
-8.50298e-33
-6.88572e-05
-6.27762e-05
1.74556e-33
-4.2789e-06
4.48443e-06
1.4641e-05
2.42762e-05
-8.46026e-35
-7.80286e-35
-1.11459e-21
-2.66255e-21
-8.19504e-21
-1.73558e-21
-1.10913e-34
-1.04497e-34
-0.000182902
-0.000251182
-0.000280726
-8.34784e-35
-0.000208693
-0.00028185
-0.000272172
-0.000291896
-3.56609e-05
-0.000144424
-0.000249772
-1.48536e-34
-4.47546e-07
-2.84672e-06
-3.96373e-24
-7.01882e-06
-1.33542e-05
-1.63386e-05
1.44987e-05
4.34245e-05
2.76619e-05
-9.77823e-33
3.29417e-05
2.42423e-05
-2.86731e-05
-6.84197e-05
-5.16657e-07
-3.64014e-06
1.29249e-05
3.06106e-05
-7.85874e-35
-7.66046e-35
-1.30659e-05
-1.12583e-34
-1.20762e-34
-1.61767e-05
-9.42204e-06
-8.40953e-35
9.89992e-18
-1.24151e-05
-2.1156e-05
-4.42017e-05
-9.6509e-35
-1.38123e-34
-2.19248e-05
-5.24163e-05
-3.51075e-05
-8.82751e-35
-9.80846e-35
-7.92837e-05
-9.44709e-35
-1.16377e-34
-4.18331e-35
-5.02496e-35
-6.35246e-35
-7.65843e-22
-1.85036e-35
-3.71739e-22
-2.45264e-22
-0.0002848
-0.000228164
-0.000301445
-0.000118069
-4.29872e-05
-0.000221435
-0.000291764
-3.09997e-23
-2.56441e-05
-9.39084e-07
-6.03772e-06
9.23523e-33
-1.64966e-05
-1.99778e-05
-4.0233e-05
-7.13997e-22
1.36888e-06
-7.26153e-35
2.25018e-23
1.25836e-35
-7.30906e-23
-8.34449e-36
5.95341e-05
5.9133e-05
0.000103573
2.26198e-05
9.37368e-05
3.04329e-05
7.25583e-05
1.35743e-05
4.94128e-35
-5.17087e-08
3.15377e-05
-8.95689e-06
-3.02767e-05
-3.07952e-05
-1.67782e-05
-1.66416e-05
-2.56796e-05
-3.07754e-05
-2.29428e-05
-1.60788e-05
-5.65669e-05
-5.46294e-05
-5.6723e-05
-7.86204e-05
-0.000103881
-0.000105457
-0.000106046
-0.000271511
-0.000179634
-7.46542e-06
-8.37257e-06
-2.73389e-06
-4.45512e-06
-5.20418e-06
-5.08293e-06
-0.000303735
-4.31505e-05
-0.000315656
-0.000159363
-0.000141803
-0.000276869
-3.73923e-34
-4.15686e-05
-4.60604e-06
2.63676e-22
-2.32576e-05
-4.02545e-05
-7.82296e-05
-2.72245e-06
-2.14796e-06
-6.43445e-07
1.8785e-07
7.11336e-36
3.85633e-07
-3.37019e-36
-2.62212e-36
1.27474e-35
-2.95513e-22
-7.5822e-21
2.54078e-22
2.3892e-22
2.7157e-35
2.28563e-19
2.0829e-35
2.66175e-35
6.32152e-05
9.72323e-05
0.000143697
0.000183297
0.000149849
0.00018049
0.00014539
7.2244e-07
9.99513e-06
-1.95943e-05
-4.71865e-05
-4.83868e-05
-3.64055e-05
-4.23713e-05
-3.45662e-05
-7.52446e-05
-9.09031e-05
-0.000112933
-0.000101985
-0.00010746
-0.000143879
-0.000167365
-0.000200566
-0.000288855
-2.60691e-05
-1.46948e-05
-1.47201e-05
-8.62393e-06
-8.4268e-06
-1.04016e-05
-0.000324187
-4.84101e-05
-0.000323447
-0.000217291
-0.000259458
6.03136e-18
-4.43234e-22
-5.78458e-05
-6.6217e-06
-5.77834e-22
-2.41892e-05
-6.69945e-05
-9.73755e-05
-0.000124196
-8.45959e-06
3.34932e-07
-2.52204e-36
2.07168e-35
5.85357e-07
-7.47528e-07
3.19639e-07
-5.35311e-07
4.36727e-07
2.07171e-06
2.49004e-06
2.69079e-06
3.92094e-06
2.35914e-06
2.72181e-06
4.1863e-06
3.87066e-22
-3.5763e-22
3.35415e-35
1.9397e-35
4.9947e-06
9.50567e-05
0.000181658
0.00024084
0.000223895
0.000147154
-1.82073e-33
1.80641e-05
-4.4543e-05
-7.16692e-05
-6.8892e-05
-6.66751e-05
-0.000108424
-0.000127048
-0.000164656
-0.000150339
-0.000222626
-0.00024656
-0.000317098
-1.90652e-05
-4.07819e-05
-2.24896e-05
-1.20371e-05
-1.60551e-05
-6.76862e-06
-0.000350311
1.46186e-06
-8.65177e-05
-0.000279918
-0.000336636
-1.84875e-14
1.28191e-35
-1.54209e-21
-1.4901e-18
2.67874e-18
6.27884e-06
1.09846e-05
-1.62853e-19
-2.91851e-18
4.82058e-35
3.36681e-21
1.9783e-35
-6.0853e-05
8.34165e-33
-3.7183e-05
-0.000120106
-0.000142638
-0.000175431
-2.36357e-06
8.2932e-06
1.59647e-07
7.41588e-06
4.74877e-07
1.35726e-06
4.20079e-06
5.67678e-06
6.4632e-06
4.59831e-06
9.78995e-06
6.7864e-06
5.73187e-06
9.55994e-06
1.39473e-05
9.84257e-05
0.000194859
0.000217895
0.000142533
-2.80333e-05
-8.52502e-05
-0.000117699
-0.000168854
-0.000229068
-0.000311785
-5.34281e-05
-3.36493e-05
-9.33068e-05
-2.01643e-05
-8.58937e-06
-0.000370939
8.64933e-07
-5.28674e-33
-0.000200808
-0.00036002
-2.00156e-12
-0.000113978
9.96629e-06
5.6579e-06
1.01111e-05
1.49344e-05
1.66589e-05
9.25543e-06
1.22383e-05
-2.37399e-06
2.4053e-05
2.10774e-05
-5.47366e-22
5.78471e-06
-1.99883e-36
-0.000146665
-9.30754e-05
1.75848e-22
-2.67679e-05
-0.000224046
-0.000206645
-0.000222844
2.11699e-07
9.27152e-06
1.13664e-05
1.18664e-05
3.51672e-06
6.27311e-06
9.37673e-06
1.6379e-05
1.46799e-05
1.34974e-05
1.81367e-05
2.03326e-05
7.76823e-05
0.000155559
0.000146343
-5.66276e-05
-0.000166999
-0.000216659
-0.000310532
-0.000174731
-5.08923e-06
-4.22136e-05
-8.8218e-05
-2.17215e-05
-0.00037442
6.37682e-05
-5.50505e-33
-0.000388217
-7.45104e-11
-1.99452e-11
-0.000318359
-0.000124605
1.90206e-05
1.3038e-05
2.51557e-05
2.24401e-05
2.4084e-35
1.87195e-05
1.83126e-05
1.52635e-35
1.30543e-35
2.87137e-05
1.08885e-05
7.12395e-06
2.4023e-05
7.45294e-08
-0.000119429
-0.000172852
-0.000130234
-2.18213e-05
-5.99629e-05
4.76424e-05
-4.19612e-22
3.58606e-05
-0.000132898
-0.000218032
6.15773e-06
1.64032e-05
1.79094e-05
1.28885e-05
2.48628e-05
2.66727e-05
8.52318e-05
2.91944e-05
8.74653e-05
-6.91389e-05
-0.000270872
-0.00015114
-4.73358e-06
-4.4646e-05
-0.00034849
3.47233e-05
-1.2076e-05
-0.000371285
-8.75121e-05
-0.000291365
-1.89894e-21
2.77191e-05
3.36104e-05
3.57465e-05
2.03627e-35
4.60472e-06
1.67712e-05
3.43407e-05
1.49912e-05
3.3727e-05
1.82242e-05
2.01528e-05
2.0243e-05
1.07076e-33
-0.000100294
-7.77929e-07
-0.000137705
-3.89449e-05
2.0458e-05
6.89391e-05
6.80992e-05
-1.40352e-21
3.61832e-05
-5.15861e-07
-0.000124277
2.325e-05
3.06087e-05
3.0905e-05
3.97854e-05
3.67143e-05
2.79258e-06
-6.5752e-05
-0.000240901
-6.97728e-05
1.47208e-05
-0.000270783
-6.48588e-06
-8.48516e-05
-0.000291602
-0.000224073
2.01986e-21
2.66594e-35
1.06025e-05
4.91674e-35
4.49774e-05
5.20721e-05
1.66371e-05
1.1392e-05
1.70299e-05
2.88358e-05
5.06718e-05
2.99476e-05
2.63588e-05
3.9401e-05
3.16378e-05
3.82787e-35
-9.22804e-05
4.36796e-05
-1.90227e-05
-1.2608e-33
5.78874e-07
3.28838e-07
7.21906e-22
2.01644e-05
4.87464e-33
-4.78261e-05
5.01071e-05
5.44803e-05
6.13702e-05
2.28582e-07
-1.09577e-05
-0.000112888
7.21561e-05
2.82155e-05
-0.000136208
-2.64111e-05
-0.000102066
-0.000123898
7.52968e-35
1.18067e-05
1.22195e-05
1.09237e-05
7.26922e-05
8.5189e-05
2.85065e-05
2.73008e-05
3.62624e-05
3.29362e-05
6.74783e-05
4.43575e-05
5.46569e-05
5.61202e-18
-4.24713e-33
-7.77296e-23
1.056e-05
5.51972e-33
-5.15079e-06
0.000104727
0.000103109
2.70514e-05
4.53899e-05
2.06249e-05
0.000149612
0.000147354
4.43227e-05
2.72485e-05
1.76267e-05
2.24088e-05
3.63643e-05
0.000108326
0.000145165
4.84055e-05
4.85451e-05
5.06e-05
9.18381e-05
7.13993e-05
1.30237e-05
-2.43714e-18
8.69454e-35
-4.08184e-33
3.46396e-33
1.12174e-06
2.85631e-06
2.50737e-11
0.000193106
0.000121568
8.5184e-05
0.000204335
0.000275021
0.000191952
3.14612e-05
5.15033e-05
0.000141985
0.000204837
7.07612e-05
8.43785e-05
0.000116521
2.61499e-05
1.2869e-05
1.32031e-34
5.19719e-05
-5.72461e-12
4.08596e-21
-6.02937e-07
7.06984e-12
0.000292139
0.000128587
0.000364348
0.000244324
0.000324653
4.67317e-05
7.66638e-05
0.000184304
0.000263045
0.000115994
0.000153274
3.49544e-05
1.33524e-34
5.44794e-05
7.99773e-05
-1.63477e-33
-7.84202e-25
1.26533e-07
1.35076e-07
1.97698e-12
0.000351002
0.000384164
0.000147867
0.000321816
0.000118642
9.48057e-05
0.000276433
0.000185978
0.000209752
3.32946e-05
1.94033e-34
0.000103985
6.82832e-05
1.22086e-15
-5.5721e-08
8.06897e-26
-2.80668e-08
-1.08432e-15
0.000377026
7.98515e-05
0.000239477
0.000344688
0.000152833
0.000165162
0.000332474
0.000270064
7.52661e-21
3.92563e-05
8.86291e-05
0.000113198
1.56746e-20
1.43962e-09
-6.28969e-38
-3.80956e-38
9.63609e-34
0.000374044
6.96066e-05
0.000205188
0.000327098
0.000195648
0.000244034
0.000339493
7.02249e-05
0.000131677
0.000201625
-8.87288e-18
5.50508e-34
0.000350755
8.74065e-05
0.000232102
0.000312676
0.000146314
0.000279625
0.000329082
0.000147025
6.85871e-05
0.000250499
1.13372e-17
3.11768e-34
3.43343e-05
0.000322924
0.000251901
7.60259e-05
0.000208237
0.000307479
0.000141995
0.000260341
7.03305e-35
1.75362e-34
3.19546e-05
0.000315616
0.000288543
0.000278857
0.000127813
0.000214372
0.000302575
0.000180974
0.000268681
8.00578e-35
0.000115655
2.24148e-20
8.26487e-05
2.32964e-05
0.000303988
0.000295767
0.000241132
0.000279622
0.000167935
0.000296816
0.000277277
0.000223775
5.77746e-35
0.000133543
-1.79854e-20
9.51787e-05
2.22809e-05
0.000292729
0.000275291
0.000189704
0.000241566
0.000286283
0.000258876
0.0002468
0.000205345
5.42262e-35
0.000124308
2.8529e-36
0.000127177
6.21847e-05
1.47067e-05
0.000198306
0.000279931
0.000254709
0.000275604
0.000253966
0.000199198
5.77038e-35
0.000121188
-1.32371e-35
0.00011986
4.89839e-05
1.28597e-05
7.47009e-05
0.000192566
0.000251054
0.000268404
0.000219563
5.34399e-35
0.000122663
-8.39748e-24
0.000128145
2.24503e-05
6.68218e-05
0.000182006
0.000230033
0.000191676
0.000254945
0.00024305
0.000115719
5.7988e-35
-3.81913e-35
0.000112389
2.98998e-05
0.000177603
0.000229177
0.000204959
0.000239957
0.000115872
6.25931e-35
-1.11261e-22
2.45152e-05
9.62071e-05
0.000175713
0.000221646
0.000182306
1.91111e-21
-8.13205e-35
5.95685e-05
0.000146624
0.00019901
0.000157467
1.05363e-34
-1.40667e-34
0.000103504
0.000165972
-8.42029e-21
-3.92629e-34
3.15375e-05
5.95306e-21
-3.8225e-35
