1.49587e-35
-9.42159e-35
1.13251e-34
4.94578e-06
-5.88483e-21
-2.84699e-05
1.77246e-34
4.15138e-05
-9.34466e-34
-1.52642e-35
1.7734e-05
1.07901e-05
-6.41678e-05
-3.44484e-05
6.91373e-35
9.02664e-05
-3.51448e-33
9.21996e-35
-1.05357e-05
-3.91208e-05
-6.30826e-35
5.40905e-05
1.75989e-05
1.21266e-33
-2.37723e-21
1.29462e-05
-1.37894e-05
-6.91039e-05
-3.79274e-05
6.83389e-05
7.97499e-05
-2.73392e-05
-5.09111e-33
-4.56423e-05
3.21757e-05
7.5253e-05
4.98728e-33
3.76771e-05
7.71275e-06
-3.56657e-05
-5.43787e-05
-4.42148e-05
-4.27711e-05
4.31245e-05
6.10454e-05
-1.31479e-05
-5.08158e-33
4.89671e-05
5.56823e-33
4.13978e-05
2.04301e-06
2.57939e-05
-1.73105e-05
-3.39313e-05
-3.80181e-05
-2.8176e-05
-2.59123e-05
1.33021e-05
8.77928e-21
4.17623e-05
-7.14264e-06
2.07392e-22
2.53404e-05
-3.7262e-06
-1.71215e-05
1.00671e-05
2.06019e-05
-2.37461e-05
-1.3926e-05
-1.72213e-05
5.88348e-06
-2.26587e-21
2.19279e-05
-3.11727e-06
-4.89279e-33
1.30955e-05
-1.39047e-05
2.19064e-07
-1.0393e-05
8.43033e-06
1.07582e-05
-7.11648e-06
-9.30011e-06
3.64076e-23
3.67959e-06
1.03412e-05
-1.57448e-06
-4.79246e-33
-7.57566e-06
-7.39789e-06
-5.30454e-06
1.57872e-06
-3.13596e-06
4.96139e-06
4.82913e-06
4.53077e-06
-3.32738e-06
-1.77977e-22
1.20792e-06
-6.7506e-07
4.12969e-24
-3.77224e-06
-3.97586e-06
-2.91734e-06
1.30539e-06
-1.11718e-06
2.13597e-06
1.18376e-06
2.16379e-06
1.68049e-06
-1.32965e-06
-6.10962e-23
-2.67704e-07
-4.58928e-33
-1.90365e-06
-2.22763e-06
-1.44913e-06
3.17009e-07
2.15853e-07
-7.39312e-07
7.05246e-07
6.07301e-07
7.50588e-07
5.34444e-07
-5.62294e-07
5.3231e-33
-1.16216e-07
7.33627e-25
-8.82345e-07
-1.17779e-06
-7.30273e-07
-3.61205e-08
7.52413e-08
2.50661e-07
-4.47201e-07
1.21483e-07
1.11575e-07
8.71442e-08
-2.85957e-07
2.32168e-23
-5.99682e-08
-4.38513e-33
-4.81694e-07
-4.57809e-07
-1.36274e-07
3.35949e-08
7.45203e-24
-2.54394e-08
-3.31272e-08
-2.95422e-07
-7.86926e-08
-5.92299e-09
-1.54107e-07
-4.28279e-33
-2.29891e-07
-2.52538e-07
-1.7672e-07
-3.38018e-08
-8.7709e-25
-5.42122e-09
-4.30365e-08
-8.85822e-08
-6.89625e-08
-1.45085e-07
-1.88434e-07
-1.16962e-07
-1.48271e-08
-1.07259e-07
-4.18027e-33
-1.44701e-07
-4.20217e-08
-3.35894e-24
-8.33983e-09
-3.75501e-08
-9.10481e-08
-5.89805e-08
-1.17533e-07
-1.39564e-07
-1.20601e-07
-9.739e-08
-1.67398e-08
-7.45529e-08
-1.74818e-09
-4.07761e-33
-8.25363e-08
-1.4411e-24
-1.14501e-08
-2.98822e-08
-7.48452e-08
-3.38191e-08
-5.07348e-08
-9.92292e-08
-8.68811e-08
-7.37175e-08
-6.94236e-08
-8.05621e-09
-4.64624e-08
-9.85535e-10
-6.52562e-09
-3.97484e-33
-4.52112e-25
-1.95845e-08
-2.29256e-08
-4.73908e-08
-3.21386e-08
-6.58803e-08
-6.14574e-08
-1.55693e-08
-4.55294e-08
-4.54729e-08
-4.87046e-09
-2.56947e-08
-1.48604e-09
-8.81791e-09
-3.87201e-33
-9.02218e-27
-3.03362e-08
-2.10714e-08
-4.37909e-08
-4.14199e-08
-3.88435e-08
-8.98993e-09
-3.76917e-33
-2.4442e-08
-2.60148e-08
-2.13091e-09
-1.4413e-08
-1.0389e-09
-5.33248e-09
4.79033e-33
-1.69826e-08
-1.24425e-08
-2.66122e-08
-2.65139e-08
-4.81367e-09
-2.5571e-10
-3.66638e-33
-1.07221e-08
-1.44897e-08
-1.44798e-08
-1.66086e-08
-9.61326e-10
-4.15439e-09
-1.34311e-09
4.71777e-33
-7.36543e-09
-8.07803e-09
-1.5825e-08
-2.64669e-09
-2.39106e-10
-3.56369e-33
-7.68275e-09
-5.97933e-09
-8.14245e-09
-8.992e-09
-9.35043e-09
-5.60995e-10
-1.96879e-09
2.40585e-26
-3.01433e-09
-3.6552e-09
-2.97088e-10
-2.19004e-11
-3.46115e-33
-4.59732e-09
-1.28648e-09
-7.93321e-10
-2.8953e-09
-5.17171e-09
-4.41716e-09
-8.3582e-11
-2.00541e-27
-1.24508e-09
-1.22351e-09
-2.19231e-09
-4.87144e-10
1.95849e-12
4.44304e-11
-3.35882e-33
-1.9959e-09
-1.70442e-10
-2.27326e-09
-7.37369e-10
-2.57137e-09
-1.1294e-09
2.90997e-11
5.7633e-27
-2.12225e-10
-5.91432e-10
-2.35624e-10
9.05911e-12
1.62071e-10
7.03265e-11
-3.25676e-33
-4.46494e-10
1.26685e-10
-7.79024e-10
1.5523e-10
1.75052e-10
-2.61787e-11
6.29484e-11
4.41649e-33
2.19454e-10
2.54169e-10
2.44502e-10
3.19168e-10
2.23082e-10
1.07102e-10
-3.15501e-33
1.89684e-10
3.39286e-10
4.97895e-10
5.06164e-10
5.96488e-10
4.33869e-33
7.08118e-11
4.97819e-10
5.7606e-10
3.54394e-10
7.73306e-11
2.68251e-10
-3.05363e-33
2.5846e-10
4.66176e-10
4.87928e-10
6.29862e-10
6.85213e-10
6.96582e-10
7.20486e-10
-8.59415e-27
1.03817e-10
6.32744e-10
4.83452e-11
1.9413e-10
3.75442e-10
-2.95268e-33
3.18733e-10
5.0722e-10
1.29048e-10
5.59285e-10
6.65755e-10
6.78841e-10
4.62803e-11
-3.30702e-27
1.98174e-10
5.56966e-10
3.16992e-11
2.57228e-10
4.21636e-10
-2.85222e-33
3.81948e-10
1.04758e-10
1.9107e-10
5.01265e-10
5.97777e-10
5.75722e-10
2.46439e-11
1.04132e-10
-2.44865e-28
2.35374e-10
4.63067e-10
3.84197e-10
2.72982e-11
3.28606e-10
-2.75228e-33
8.74604e-11
1.98205e-10
4.53375e-10
3.45723e-10
1.02225e-10
2.15821e-11
9.65419e-28
2.14166e-10
3.50106e-10
3.08441e-10
1.66807e-11
-2.65294e-33
3.58164e-11
8.68703e-11
2.11693e-10
1.19172e-10
2.76962e-10
8.3149e-11
3.93767e-33
1.70283e-11
1.50003e-10
2.05148e-10
2.20707e-10
6.24615e-12
-3.91229e-29
9.82011e-12
3.34284e-11
1.17449e-10
1.72712e-11
-1.17157e-12
-1.41096e-11
1.08933e-10
3.94585e-11
3.85547e-33
-1.25927e-11
6.8699e-11
9.2269e-11
-8.27413e-12
-2.45625e-33
-7.98368e-11
-6.27232e-11
-3.88833e-11
-1.43999e-10
-1.00484e-11
-7.51229e-11
-1.53738e-11
-1.86942e-11
3.77274e-33
-3.08761e-11
-4.82683e-11
-2.05504e-11
-3.3856e-11
-2.35901e-33
-2.31397e-10
-2.2782e-10
-1.31313e-10
-2.36229e-10
-3.89245e-10
-1.3555e-11
-2.41738e-10
-1.12285e-10
-7.42661e-11
3.68953e-33
-1.34804e-11
-2.53669e-11
-1.0858e-10
-2.26258e-33
-5.22378e-10
-2.25389e-10
-4.43294e-10
-7.65398e-10
2.33938e-12
-5.88909e-10
-8.2637e-11
2.86701e-26
1.18441e-10
9.3825e-11
1.91966e-10
-2.16701e-33
-5.0651e-10
-1.09774e-09
-2.36185e-10
-7.06257e-10
-1.46663e-09
-1.29563e-09
-1.51214e-41
4.54958e-12
1.96665e-10
2.19687e-10
1.34286e-26
5.76279e-10
8.32292e-10
-2.07235e-33
-5.06755e-10
-2.09646e-09
-2.29335e-09
-4.45731e-11
-1.10901e-09
-2.77076e-09
-3.27405e-27
-7.84122e-12
-4.39823e-12
-1.09873e-41
3.21956e-10
1.16525e-09
-2.08572e-09
1.48596e-09
3.43766e-33
2.00625e-09
-1.97867e-33
-7.48839e-10
-4.4074e-09
-4.86278e-09
3.22491e-10
-1.3983e-09
-5.33663e-09
3.16538e-11
8.55152e-26
-7.09461e-35
1.41245e-09
3.22609e-09
-3.85074e-09
6.73768e-42
1.84638e-41
-3.74445e-09
-8.31734e-09
5.04461e-09
2.6135e-09
1.57276e-25
-1.88602e-33
-1.69438e-09
-9.29753e-09
1.51786e-09
-1.00564e-08
-1.59661e-10
5.13819e-20
4.80588e-25
6.02483e-09
2.28622e-09
-7.8905e-09
1.3951e-11
-2.50236e-25
3.85156e-27
-3.69139e-09
-1.45496e-08
8.7618e-09
1.31979e-08
8.01595e-09
3.26843e-33
-1.79445e-33
-3.88368e-09
-1.78163e-08
6.50547e-09
-1.66392e-08
8.97402e-18
7.64028e-10
1.59094e-25
4.21836e-09
-1.62348e-08
-4.58504e-11
-3.75532e-23
7.19739e-27
6.0805e-09
-6.16592e-09
-2.44448e-08
1.65923e-08
2.71518e-08
1.76678e-08
3.18359e-33
-1.08476e-08
-1.70401e-33
-3.12907e-08
-2.49843e-08
3.8289e-16
-4.07352e-09
-2.38861e-24
8.80454e-09
-3.44308e-08
2.03012e-10
1.91428e-22
2.32406e-26
1.42944e-08
-3.90682e-09
2.89071e-08
-4.65937e-35
4.49206e-08
3.26171e-08
3.44096e-24
-9.52812e-09
-3.1078e-08
-1.69865e-33
-4.34368e-08
-1.86791e-08
-7.62094e-15
1.96134e-08
6.28509e-24
1.74088e-08
-4.866e-08
-1.24524e-09
-2.90871e-18
3.06067e-25
1.78034e-08
4.5734e-08
3.77418e-05
6.11562e-21
-4.48165e-34
1.22836e-24
3.83042e-08
-4.63058e-08
4.76157e-08
5.89137e-08
1.30309e-08
-1.8649e-08
-1.71832e-33
-2.71035e-08
-4.48855e-08
3.65514e-09
-1.15482e-33
-7.32793e-08
1.14054e-33
4.4459e-09
-3.96835e-16
6.90543e-25
2.74917e-08
5.90311e-08
0.000169005
7.47917e-05
-6.67235e-21
-1.82127e-34
2.57052e-24
4.31079e-08
-3.31117e-08
-1.7371e-08
2.67492e-08
1.5821e-08
1.40694e-08
4.36691e-08
1.78062e-08
-1.40294e-08
-1.7349e-33
3.87261e-08
5.25848e-08
-6.90866e-12
5.8208e-07
1.16781e-33
-2.69364e-08
-1.04217e-14
-7.30705e-26
2.41931e-08
0.000157104
0.000170761
5.26923e-05
8.60316e-35
-4.79311e-23
-7.40436e-24
1.94128e-08
1.50791e-08
1.45548e-07
1.90349e-07
-2.85625e-08
2.75874e-33
-1.7604e-07
-1.24403e-07
-8.4318e-09
9.3343e-09
-2.33217e-24
3.9722e-07
2.46903e-07
-3.18932e-08
-1.3219e-33
1.83567e-06
1.32074e-33
1.15912e-07
8.28415e-15
-8.30597e-25
-1.32756e-07
0.000209331
0.000144999
0.000163326
2.88571e-05
0.000102289
-1.39823e-21
-1.23825e-34
1.99581e-07
6.94726e-07
7.39893e-07
-9.46454e-08
2.67346e-33
-1.30496e-23
8.24314e-22
-9.92489e-23
1.86935e-16
-2.25954e-16
6.30211e-08
7.57278e-05
-7.02365e-07
-4.30649e-07
-7.31068e-07
-4.05856e-07
1.11173e-07
1.62845e-23
1.53426e-06
7.27193e-07
-1.28779e-33
4.51027e-06
-1.28217e-21
-4.84549e-07
1.32625e-33
-1.15989e-33
0.000194836
0.000222017
0.000162722
1.92046e-05
0.000159084
7.12311e-07
2.11147e-06
2.03319e-06
-8.74908e-07
-3.52005e-07
-4.13109e-20
0.000119028
9.10882e-05
1.18769e-20
1.36631e-22
-1.09847e-06
0.000108174
0.00016449
-3.13807e-07
0.000123524
6.99864e-05
-6.55647e-22
-2.57536e-06
-1.52229e-06
-2.26853e-06
-2.33909e-06
8.18479e-07
-5.37701e-23
4.46586e-06
1.04169e-06
6.59533e-08
1.56541e-05
-7.92381e-21
-1.91236e-06
1.27808e-33
-1.29659e-33
0.000227835
0.000232203
2.31409e-05
0.000182292
4.31995e-06
3.64243e-06
-2.6132e-06
0.000174884
0.000210692
9.32292e-05
-5.43704e-21
6.86606e-22
-6.28003e-06
-1.22153e-06
0.000139308
7.64731e-05
1.01644e-05
-1.50849e-20
-4.73119e-06
-1.36448e-05
8.45124e-35
5.13485e-35
4.54565e-21
1.78775e-05
-4.2837e-06
-6.48893e-06
-7.23309e-06
2.46199e-06
-3.08796e-23
7.71329e-06
1.0291e-05
2.00396e-06
-3.09672e-34
-1.0138e-05
1.12641e-05
2.19949e-33
-4.5268e-06
-6.95889e-08
-1.70074e-33
0.000230872
0.000251718
3.79811e-05
0.000206891
9.92171e-06
0.000239037
0.000186319
0.000121481
1.34895e-21
-1.66755e-05
-3.87482e-06
0.000128424
0.000191589
8.01184e-05
1.13928e-05
-1.55358e-34
-1.99529e-05
-3.43308e-05
9.5854e-05
6.67053e-05
1.94317e-21
6.81833e-05
2.0603e-05
-2.03726e-21
-1.91977e-21
1.15564e-05
-4.75835e-05
0.00016054
-1.12926e-05
-1.6021e-05
3.58816e-06
1.42108e-05
-1.76875e-33
9.41437e-06
1.65995e-05
2.37121e-05
-2.42425e-06
2.39268e-07
-4.17367e-05
-9.21527e-05
-3.68224e-05
-1.23298e-05
-1.03429e-05
-1.09726e-05
3.25782e-34
-1.77464e-33
0.000252572
0.00026404
3.85209e-05
0.000241047
0.000264825
0.000245534
0.000179863
-3.14044e-05
-3.20713e-05
0.000120517
0.000240205
0.000208032
7.69504e-05
1.2235e-05
-1.15437e-34
-5.52886e-05
-6.29868e-05
0.000133788
6.54087e-05
8.34854e-35
0.000124821
-8.27526e-06
-3.50991e-05
-0.000105156
0.000169322
-1.76603e-33
-9.48283e-05
0.000237267
3.08532e-06
-1.56146e-05
-8.00873e-05
-1.36923e-05
-3.05325e-05
1.04083e-05
3.61847e-05
2.87423e-05
2.1562e-05
4.70372e-05
-2.82401e-35
-0.000121293
-0.000168553
-0.000140682
-2.13879e-05
-2.05702e-05
3.25936e-06
-2.90371e-07
-1.87603e-33
0.000269612
5.10145e-05
0.000278847
0.000271167
0.000208617
-0.000108506
-9.82239e-05
0.000130674
8.92177e-05
0.000249934
0.000215479
3.18315e-05
8.76493e-06
-1.69901e-34
-0.000108947
-5.86597e-05
9.81549e-05
6.94827e-35
0.000184551
0.000172444
8.65209e-23
-8.23479e-05
-0.000156293
-1.88326e-06
-3.48354e-06
-1.27978e-05
3.99848e-21
-1.80187e-33
2.0135e-05
-2.48566e-05
4.40751e-05
7.8132e-05
5.88814e-05
2.39215e-05
-1.30687e-06
-0.000208231
-0.000222979
5.97592e-05
5.22936e-05
5.33226e-05
-1.74551e-07
5.47745e-05
0.000275146
0.000283226
6.47916e-05
0.000293174
0.00029072
0.000250315
-0.000168329
0.000117011
0.000253971
0.000223196
2.49322e-05
-1.83873e-34
-7.02512e-05
-0.000152303
0.000161799
7.66767e-05
0.000216099
0.00019006
4.77186e-05
-0.000103891
-0.000179864
3.64927e-05
1.37167e-05
8.77205e-35
0.000105244
6.32247e-05
7.40026e-05
0.000164361
8.79985e-06
0.000121543
0.000115482
7.18907e-05
-7.71272e-05
3.05571e-34
-0.00022741
-0.000264117
-0.000237989
0.000129933
0.000109814
0.000138774
9.45764e-35
0.000135084
0.000265679
0.000293144
9.38945e-05
0.000307504
0.000303319
0.000264732
0.000300567
1.20356e-05
4.8175e-05
4.66556e-22
-0.000129681
-1.00201e-05
9.21765e-05
0.000186561
0.000235241
-0.000156743
6.69244e-35
0.000166071
7.74151e-05
0.000120135
0.000162929
-1.72539e-17
4.74617e-21
6.39678e-35
3.20867e-35
5.545e-35
1.01915e-34
1.0669e-34
5.93061e-35
0.000205711
0.000280408
0.000105449
0.000209448
0.000173236
-8.947e-05
-4.32129e-07
-0.000222265
-0.000232795
-0.000173697
0.000215751
0.000177001
1.14307e-06
0.000288597
8.89347e-05
0.000314303
0.000309261
0.000228582
0.000302384
1.33685e-22
2.89944e-05
-0.000115227
-1.08882e-05
9.73563e-05
0.000138928
0.000246574
9.5379e-35
0.000103036
0.00020738
0.000142802
1.06012e-05
6.76311e-22
2.07691e-05
8.51897e-06
-7.71238e-18
8.12879e-35
8.15342e-06
5.14847e-35
5.62292e-06
2.01212e-05
2.75388e-05
3.63936e-21
7.74152e-06
4.95032e-35
0.000240517
0.000270998
1.78923e-22
1.37081e-35
1.21425e-23
3.44175e-22
4.35447e-22
1.927e-35
1.67534e-35
6.84736e-35
9.1264e-21
5.22562e-35
-2.15143e-21
-6.19099e-18
5.8424e-35
2.02258e-35
1.93818e-18
1.96336e-35
2.19926e-35
1.97931e-35
4.32875e-35
0.00011622
1.46502e-05
3.70193e-36
0.000209922
0.00026401
-9.23541e-05
8.7719e-34
-0.000164198
-0.000140193
0.000179703
7.33579e-07
0.000272766
9.66121e-05
0.000301032
0.000319755
0.000310981
0.000229159
3.71949e-22
3.50609e-05
-7.28868e-05
2.29093e-05
0.000135596
1.21448e-20
8.23901e-05
0.000197032
1.50239e-05
1.781e-05
1.40205e-05
3.1565e-05
4.01014e-05
1.22454e-05
1.05762e-05
1.69392e-05
1.20809e-05
5.84748e-06
4.25658e-05
5.01339e-05
6.4202e-06
0.000233191
5.01673e-06
3.45441e-06
-1.79597e-22
4.72413e-07
1.56013e-36
7.74185e-06
4.4823e-06
3.44796e-06
9.10315e-36
2.71818e-06
6.43003e-06
6.6798e-05
2.23708e-34
4.91642e-06
5.99162e-06
0.000164622
2.15521e-05
4.06527e-06
-5.46589e-23
-1.04183e-22
-1.85554e-36
1.7613e-34
1.23548e-35
9.1253e-36
5.96772e-36
9.80773e-23
5.24792e-36
0.000219669
-6.47045e-05
8.55099e-34
-6.84263e-05
-7.85859e-05
0.000121874
-2.3621e-34
0.000289645
0.000115861
0.000264044
0.000321531
0.000323081
-1.80723e-34
3.1593e-05
1.62285e-05
0.000117538
0.000136981
0.000204405
0.000252379
2.44231e-05
1.37304e-05
1.51149e-05
3.63254e-05
4.9454e-05
5.91708e-05
2.5323e-05
2.35608e-05
2.06266e-05
8.17295e-05
7.75512e-05
0.00017685
1.08681e-05
8.1909e-06
3.29159e-06
2.89893e-06
1.54559e-06
8.71958e-06
8.46193e-06
3.48371e-06
6.64478e-06
0.000124716
9.89959e-05
1.47093e-35
1.90982e-06
1.16514e-06
-3.05278e-22
-1.18248e-35
1.01967e-07
1.16157e-06
2.26398e-06
-2.39974e-22
-2.60025e-35
-1.02924e-35
1.12641e-36
2.78562e-37
-5.07415e-36
2.20707e-23
1.7751e-22
3.29478e-23
-2.26197e-18
-1.07389e-35
-4.26423e-36
5.93334e-19
-3.1962e-35
3.80662e-37
-1.2585e-18
3.24706e-22
-4.05622e-35
3.61075e-05
1.8175e-07
-8.07771e-06
0.00013425
-4.31001e-05
2.83935e-14
-1.28957e-05
4.60674e-05
-2.14724e-05
-3.6971e-05
4.38069e-07
9.36334e-05
0.000296875
8.93986e-05
0.000314688
0.000208538
0.000270758
0.000332847
-2.14838e-34
0.000228511
2.94299e-05
3.09297e-05
1.95131e-05
4.87674e-05
8.48114e-05
3.65446e-05
0.000121653
1.40655e-05
1.25126e-05
1.14071e-05
6.22188e-06
5.61317e-06
3.99283e-06
1.40361e-05
7.46512e-06
0.000164992
3.11383e-06
3.99187e-06
4.6273e-06
2.12788e-06
-1.24242e-06
1.00128e-06
-1.74949e-35
-2.8078e-06
-5.01052e-06
-8.36753e-36
-2.29529e-06
2.11396e-07
2.50222e-36
-1.71959e-07
-4.90125e-07
-1.60215e-06
-1.46701e-06
-3.90308e-06
-8.07639e-07
-5.91048e-06
-6.99618e-06
-7.98368e-36
5.54271e-05
-3.42547e-06
-1.35128e-05
-1.69464e-35
-1.599e-35
-1.28399e-35
-2.8597e-34
-6.49299e-23
-1.65537e-35
-1.42122e-35
0.000129533
6.14913e-05
1.75993e-05
-3.36555e-06
7.37447e-05
8.13121e-05
-1.83455e-05
-3.46423e-06
4.48066e-13
2.8395e-05
-4.42734e-06
-1.26496e-05
-9.01547e-34
0.000310244
4.53562e-05
0.000314552
0.000345061
0.000215201
0.00018133
5.00902e-05
3.77122e-05
2.37107e-05
9.15052e-05
0.000153681
2.11323e-05
1.46712e-05
9.38138e-06
6.47849e-06
5.60085e-06
7.27694e-06
3.82501e-06
3.55398e-07
-9.20472e-07
-4.24347e-06
-7.01675e-06
-8.16721e-06
-4.63899e-06
-5.16068e-06
-5.07632e-06
-5.86878e-07
-4.87172e-07
-1.86284e-06
-7.88809e-06
-4.97702e-07
-1.16806e-05
1.41347e-22
-8.12038e-06
-1.52115e-05
-1.90749e-05
-3.46659e-06
-2.42808e-22
-4.76885e-06
8.78768e-05
2.60103e-05
-4.62764e-06
-8.85327e-35
-1.22507e-22
0.000285432
-8.73186e-35
-7.68685e-35
-9.89632e-22
-6.16012e-35
-5.31244e-35
-6.54397e-35
1.27229e-21
-2.80294e-06
-4.55368e-13
-8.51765e-06
3.80274e-05
4.14348e-05
-5.24036e-06
-1.60228e-06
-1.88661e-07
1.31319e-05
-5.03385e-07
-8.57032e-34
0.000338786
8.445e-05
0.000317494
0.000244695
0.000350352
0.000237014
7.10118e-05
4.11805e-05
0.000152878
2.73132e-05
1.6168e-05
1.19418e-05
8.78474e-06
4.81404e-06
-1.53087e-06
-1.14701e-06
-8.01295e-06
-1.15633e-05
-1.07598e-05
-9.03553e-06
-1.20473e-05
-1.71386e-05
-1.05367e-05
-9.17093e-06
-5.97506e-06
-2.31888e-06
-5.5479e-06
-1.17032e-05
-2.41853e-05
-8.57342e-06
1.99365e-19
-9.23764e-06
0.000124579
4.28111e-05
-5.96957e-06
-7.14972e-06
-1.0828e-05
-7.5101e-06
-6.12764e-06
-9.78886e-35
-6.9169e-06
-8.62865e-06
2.22087e-06
4.76538e-06
3.62342e-14
-1.41761e-05
-1.58286e-05
2.89722e-21
-6.49714e-35
1.21265e-21
-7.00754e-35
3.84342e-16
1.49943e-05
1.2136e-05
-3.53227e-07
9.2893e-07
4.57269e-06
3.53289e-06
-1.37306e-13
0.000354617
0.00031763
0.000149528
0.000223939
0.000320608
7.82222e-05
2.34312e-05
4.69776e-05
1.26266e-05
-1.2008e-06
-1.85692e-06
-1.40699e-05
-1.64886e-05
-1.56965e-05
-1.63782e-05
-2.79159e-05
-8.79249e-06
-1.89119e-05
-1.87589e-05
-1.72664e-05
-2.28489e-05
-1.48679e-05
0.000152547
-1.46342e-05
-1.41222e-05
-1.45976e-05
-1.37702e-05
1.79016e-05
2.41924e-05
-2.03263e-05
-2.13243e-17
-1.20387e-05
-2.78158e-35
-1.21589e-05
-7.96344e-06
-3.49183e-35
7.82493e-05
5.19878e-06
-4.61438e-35
8.55838e-07
8.19397e-07
-1.61836e-06
1.24932e-05
-3.60636e-07
-1.52776e-13
0.000328886
0.000287868
0.000181576
0.000257765
8.30099e-05
1.62162e-05
3.83245e-05
-7.97425e-06
-2.97946e-06
-2.28856e-05
-2.75157e-05
-2.41938e-05
-1.72259e-05
-2.86273e-05
-2.45655e-05
-3.9283e-05
-2.93672e-05
-3.05048e-05
0.000146406
-2.24202e-05
-2.51015e-05
-2.36056e-05
-2.29994e-05
6.40071e-05
-1.53667e-05
-7.01119e-06
-2.43622e-05
-7.60663e-22
-1.85113e-05
-1.06235e-05
-1.10895e-05
-4.99992e-35
-3.44177e-05
-1.56543e-06
-7.12225e-06
-9.2289e-06
6.83494e-06
-2.2057e-14
0.000232953
0.000243961
7.14515e-05
3.73834e-05
6.23659e-06
-2.24139e-05
-3.9218e-05
-3.81653e-05
-4.20212e-05
-6.0537e-05
-4.59102e-05
-3.48946e-05
-4.60179e-05
8.29311e-05
-3.60998e-05
-4.00575e-05
-3.36134e-05
-3.21279e-05
-1.12007e-05
-2.0409e-05
-3.84543e-05
-2.27302e-05
-2.03027e-05
-1.60984e-05
-8.89503e-35
-5.14906e-05
2.93018e-15
-1.30649e-05
-3.34572e-05
-5.87464e-05
0.000113049
6.05515e-05
-8.95588e-05
-2.81724e-05
-4.35573e-05
-5.60514e-05
-6.55287e-05
-7.24868e-05
-9.50445e-05
-5.62559e-05
-4.12263e-05
-6.15548e-05
-6.74151e-05
-5.8422e-05
-5.56925e-05
-2.63918e-05
-3.8355e-05
-3.75667e-05
-3.02634e-05
-3.59741e-05
-1.88142e-05
-4.28149e-35
-8.03986e-05
-8.73158e-35
1.13408e-15
-6.64636e-05
-0.000174325
-0.000130221
-0.000254891
-0.000107736
-0.000155217
-9.94409e-05
-0.000145401
-0.00011014
-8.98558e-05
-5.60016e-05
-5.9521e-05
-4.95042e-05
-3.21468e-05
-1.09729e-05
-0.000120538
-2.17786e-05
-8.26601e-21
-8.68007e-05
-5.67787e-16
-0.000254621
-0.000271973
-0.000330778
-0.000220402
-0.000167759
-0.000179134
-9.41985e-05
-0.00015025
-7.05254e-05
-9.51381e-05
-4.64317e-05
-3.05558e-05
-4.30284e-05
-2.94729e-05
-6.22775e-21
-5.61396e-05
-9.41309e-05
-9.26983e-22
-0.000255159
-0.000329729
-0.000329528
-0.000258226
-0.000239407
-0.000152157
-8.78392e-05
-0.000103887
-6.56681e-05
-4.20238e-05
-5.93079e-21
-8.34665e-05
-8.60021e-05
-1.82469e-34
-9.71164e-05
2.8153e-34
-0.000352467
-0.000265359
-0.00032018
-0.000227478
-0.000167221
-0.000129176
-5.86983e-05
-0.000141238
-0.000113772
-1.87518e-34
-0.000179275
-0.000330423
-6.92428e-05
-0.000203906
-3.74317e-22
-0.000337687
-0.00028398
-0.000275556
-0.00022514
-0.000112918
-2.00409e-17
-0.000223512
-0.000331799
1.80151e-21
-8.73476e-05
-2.44477e-05
-0.000194138
-0.000318766
-0.000330087
-0.000290037
-0.000298295
-0.000134769
7.00501e-18
-0.000235958
1.50716e-22
-2.40751e-05
-0.00016816
-9.21694e-05
-0.000260842
-0.000317517
-0.00028534
-0.00031638
-0.000174599
-8.28403e-18
-1.42228e-34
-8.02016e-23
-3.20307e-05
-0.000178439
-0.000112109
-0.000252912
-0.000303202
-0.000315385
-0.000298758
-0.000247591
-0.000142298
-0.000105095
-1.00964e-34
1.11815e-34
-1.6397e-05
-6.70587e-05
-0.000203414
-0.000159917
-0.000266497
-0.000295101
-0.000310586
-0.000305972
-0.000276602
-0.00020469
-0.000114203
9.72285e-17
1.26076e-20
-0.00026128
-0.000120999
1.84952e-34
-1.81342e-05
-5.59069e-05
-0.000243145
-0.000197437
-0.00029335
-0.00030833
-0.00029635
-0.000225097
-0.000175192
-9.65772e-05
-1.46529e-34
-0.000100158
-0.000279981
-0.000115397
1.65527e-34
-1.41257e-05
-6.54816e-05
-0.00027103
-0.000145484
-0.000227568
-0.000299494
-0.000301584
-0.000243163
-0.000186879
-2.57149e-21
-8.71141e-05
-0.000169672
-0.000294644
-0.000276522
-0.000289721
1.48929e-34
-8.5166e-06
-3.16919e-05
-7.79941e-05
-0.000270939
-0.000294458
-0.000123039
-0.000182216
-0.000231601
-0.000226194
-0.000265606
-6.41666e-21
-0.000106897
-0.000190135
-0.000278258
-0.000286139
1.14434e-34
-1.22403e-05
-3.95393e-05
-8.55443e-05
-0.000254653
-0.000277704
-0.000144633
-0.000186009
-0.000224048
-0.000216139
-0.000255844
-3.89227e-17
-0.000157314
-0.000103431
-0.000274387
-0.000267443
1.5908e-34
-7.22525e-06
-2.07306e-05
-6.21569e-05
-0.000124615
-0.000259427
-0.000222526
-0.000165297
-0.00017931
-0.000241922
2.27373e-17
-9.89797e-05
-0.000258655
-0.000259988
1.12392e-34
-5.7071e-06
-2.61715e-05
-4.84134e-05
-0.000103887
-0.000238367
-0.000193824
-0.000148835
-0.0002239
-0.000128624
-4.38984e-35
-0.000250154
8.84659e-35
-1.13351e-05
-7.87525e-05
-3.87578e-05
-0.000119551
-0.000232598
-0.000207428
-0.000158037
-0.00023886
-0.000201589
-0.000117102
-5.74371e-35
-4.31946e-23
-8.10275e-06
-8.78447e-05
-2.85912e-05
-0.000190674
-0.000220446
-0.000128626
-0.00021791
-0.000149937
-5.26018e-35
6.89709e-35
8.12786e-35
-6.86456e-05
-2.0477e-05
-0.000177513
-0.000203576
-0.000197422
-7.66228e-05
-0.000137537
-0.000150793
-7.46239e-35
9.22336e-35
-2.64124e-05
-0.000186834
-0.000157173
-8.72901e-05
-0.000131822
-8.15988e-35
3.11937e-21
-3.88942e-05
-0.000140332
-0.00011968
-5.48384e-35
-4.90936e-21
-4.54928e-05
1.91363e-20
3.89318e-34
1.24261e-35
