0 0.00196344
0 0.00194038
0 0.000186032
0 0.00198443
2.50735e-06 0.00195686
3.45567e-06 0.0019778
0 0.00191306
2.31292e-06 0.00193014
0 0.000164021
0 0.000211011
3.67377e-06 0.000181089
3.36163e-06 0.00020429
2.19469e-06 0.00199637
0 0.00200543
0 0.0010736
0 0.00065861
0 0.00053793
0 0.000577163
0 0.00061624
0 0.00111162
0 0.00122372
0 3.1737e-05
0 4.80619e-05
0 6.45161e-05
0 0.000706691
0 0.00114876
0 8.19236e-05
0 0.000103298
0 0.000761517
0 0.000135424
0 0.00102938
0 0.00118531
3.37249e-06 0.000100367
6.25531e-06 0.00197515
4.80521e-06 0.00194298
4.29076e-06 0.00200207
6.51031e-06 0.00199425
0 0.00188045
2.6378e-06 0.00190383
3.97786e-06 0.000156669
0 0.000245168
4.32693e-06 0.000237285
6.62786e-06 0.000201881
6.97123e-06 0.000174266
3.13157e-06 0.0020214
0 0.00202848
2.19196e-06 0.00107
2.64925e-06 0.000662721
0 0.000492277
3.29571e-06 0.000569441
3.3792e-06 0.000522076
3.0308e-06 0.000614758
3.06221e-06 0.00111767
2.19038e-06 0.00121335
2.58462e-06 0.00125375
0 0.00126886
5.42858e-06 4.94595e-05
0 1.58383e-05
5.12594e-06 3.17559e-05
4.56835e-06 6.67048e-05
4.03962e-06 8.26569e-05
2.56636e-06 0.00072092
2.6765e-06 0.00117258
3.99169e-06 0.000127705
0 0.000824781
2.40176e-06 0.000788748
2.45759e-06 0.00101478
0 0.000970348
6.64903e-06 0.000107113
0 0
0 0.000337169
0 0.00132494
0 0.00137732
0 0.00170174
0 0.00141478
0 0.000288928
0 0.00175738
0 0.000386541
0 0.00148531
0 0.000439054
0 0.00152724
0 0.00180405
0 0.000896925
0 0.0015809
0 0.00164114
0 0.00184407
2.48437e-06 0.00142608
3.46488e-06 0.00144763
0 0.00144926
9.23001e-06 0.00199282
7.93482e-06 0.00195904
7.17774e-06 0.00192149
5.04403e-06 0.00189587
6.70461e-06 0.00201561
2.80642e-06 0.00186603
8.19564e-06 0.000141162
4.10871e-06 0.000286163
7.6897e-06 0.000278086
8.52073e-06 0.000229942
1.03706e-05 0.000194688
9.92949e-06 0.000166289
2.98724e-06 0.00204846
6.02708e-06 0.0020465
0 0.00205759
4.95938e-06 0.00105524
5.84409e-06 0.00065307
5.52385e-06 0.000695111
3.75597e-06 0.000466018
6.3789e-06 0.000558965
5.99727e-06 0.000606624
6.66948e-06 0.000509393
5.25306e-06 0.00116343
6.2512e-06 0.00110265
4.61179e-06 0.00121831
2.74598e-06 0.00130543
5.24479e-06 0.00127367
9.93927e-06 6.61005e-05
1.02653e-05 4.41253e-05
7.53266e-06 2.02834e-05
7.91715e-06 8.49548e-05
4.6553e-06 0.000749854
2.68737e-06 0.000862718
4.96128e-06 0.000818085
4.87294e-06 0.000988789
2.67388e-06 0.000941186
1.00744e-05 0.00010924
8.06166e-06 0
3.89111e-06 0.000344177
2.53382e-06 0.00135516
2.76213e-06 0.00139346
2.83837e-06 0.00167586
3.06589e-06 0.00173081
2.58065e-06 0.00178329
3.43902e-06 0.000404814
3.14544e-06 0.00147855
2.94661e-06 0.00151822
2.49447e-06 0.00155977
2.94102e-06 0.0018235
3.06707e-06 0.00161523
5.21912e-06 0.00141196
6.19737e-06 0.00145775
7.3038e-06 0.00142788
6.75926e-06 0.00046259
1.12509e-05 0.000257954
1.20311e-05 0.0019654
9.57596e-06 0.00202694
1.2923e-05 0.00200589
1.04547e-05 0.0019329
1.0233e-05 0.00189243
7.54401e-06 0.00187395
5.58016e-06 0.00184089
1.37522e-05 0.000128817
1.28644e-05 0.000151438
8.12803e-06 0.000340457
1.16821e-05 0.000320879
1.36677e-05 0.000217189
1.57304e-05 0.000181785
3.5915e-06 0.00208712
6.81167e-06 0.00208684
9.80875e-06 0.00206717
0 0.00209667
9.07032e-06 0.00105005
7.49132e-06 0.00099353
8.51355e-06 0.000641768
9.43629e-06 0.000698766
7.36841e-06 0.000752635
6.9867e-06 0.000404238
9.46617e-06 0.000587533
9.93036e-06 0.000532449
9.81146e-06 0.000462011
7.31306e-06 0.0012205
8.19247e-06 0.00115593
8.96722e-06 0.00109972
5.52583e-06 0.00134812
7.63226e-06 0.0012882
1.5796e-05 7.11775e-05
1.21309e-05 8.5929e-05
1.5942e-05 5.39576e-05
1.60408e-05 3.46152e-05
1.41591e-05 1.66228e-05
5.66877e-06 0.000909161
7.67867e-06 0.000843653
1.46376e-05 0.000107316
1.79586e-05 0
5.97836e-06 0.00167027
5.55937e-06 0.0017709
6.0418e-06 0.00150861
5.47754e-06 0.00156846
8.54556e-06 0.00138669
8.63188e-06 0.00148416
9.83437e-06 0.0014347
1.5021e-05 0.000291644
1.66443e-05 0.000246895
7.96544e-06 0.00161117
1.73646e-05 0.00197356
1.61295e-05 0.00190501
1.37452e-05 0.00204759
1.77921e-05 0.0020221
9.29569e-06 0.00181569
1.36919e-05 0.00184769
2.02682e-05 0.000109505
1.92934e-05 0.000144667
1.2835e-05 0.000393647
1.65554e-05 0.000340699
2.11729e-05 0.000225466
2.48357e-05 0.0001774
5.95422e-06 0.00214475
2.80101e-06 0.00214633
9.27374e-06 0.00213194
1.39776e-05 0.00210843
0 0.00214852
1.42047e-05 0.00104254
1.16163e-05 0.000991035
1.22665e-05 0.0010872
9.73655e-06 0.000919598
1.22189e-05 0.000633126
1.12888e-05 0.000801614
1.40652e-05 0.000707804
1.40206e-05 0.0005626
1.39591e-05 0.000481069
1.02873e-05 0.00127138
1.04124e-05 0.00119737
1.2415e-05 0.00113294
9.96128e-06 0.00133584
2.47894e-05 5.63061e-05
1.90207e-05 8.50352e-05
2.42758e-05 2.6452e-05
3.22762e-05 0
1.09764e-05 0.00165575
8.91842e-06 0.0017338
1.0462e-05 0.00154531
1.33584e-05 0.001392
1.17873e-05 0.00146973
2.04689e-05 0.000288025
2.598e-05 0.00193984
2.5575e-05 0.00200505
2.35215e-05 0.00183021
2.13416e-05 0.00207616
1.50428e-05 0.00175327
2.79892e-05 0.000122607
2.9107e-05 8.74016e-05
1.86117e-05 0.000425421
2.12502e-05 0.000372085
2.28999e-05 0.000332771
3.09882e-05 0.000234933
2.84311e-05 0.0002831
3.65305e-05 0.000148643
3.83164e-05 0.00020167
7.6777e-06 0.00223209
3.76003e-06 0.00221781
0 0.00221055
1.23526e-05 0.00220625
1.86474e-05 0.00216596
1.87089e-05 0.000987704
1.81096e-05 0.00109023
1.52118e-05 0.000906783
1.86379e-05 0.000628379
1.8493e-05 0.000785205
2.04134e-05 0.000503135
1.34978e-05 0.00124239
1.50428e-05 0.00131305
1.60108e-05 0.00117403
4.0666e-05 6.65345e-05
3.9256e-05 3.4799e-05
5.68211e-05 0
1.61624e-05 0.00160418
1.59132e-05 0.0014709
2.06853e-05 0.00136408
3.68924e-05 0.00188984
4.20226e-05 0.00200026
3.24473e-05 0.00207185
2.4269e-05 0.00166074
3.70616e-05 0.00174553
2.84868e-05 0.00220203
4.68618e-05 0.000110243
2.76582e-05 0.000417594
3.19831e-05 0.000341473
4.4825e-05 0.000285392
5.48126e-05 0.000194952
7.54018e-06 0.00233417
4.01171e-06 0.00229558
1.15239e-05 0.00232177
0 0.00227301
1.87496e-05 0.00230064
2.71335e-05 0.000877365
2.84144e-05 0.00103854
2.46632e-05 0.00114051
2.72214e-05 0.0005411
2.77448e-05 0.000690343
2.16712e-05 0.00124643
6.6278e-05 6.23562e-05
0.000100241 0
2.34407e-05 0.0014906
3.13112e-05 0.0013574
5.70385e-05 0.00188704
6.50027e-05 0.0020631
4.47551e-05 0.00215182
3.74431e-05 0.00152176
5.19825e-05 0.00168308
4.58168e-05 0.00232008
3.23542e-05 0.00237051
7.39019e-05 0.000147992
3.79875e-05 0.000462536
4.58253e-05 0.000381387
7.10105e-05 0.000297978
4.387e-06 0.00236385
9.04341e-06 0.0024116
0 0.00233345
1.52273e-05 0.00242955
2.23778e-05 0.00241996
4.3374e-05 0.000738344
4.31036e-05 0.000982593
3.65408e-05 0.00118697
4.15687e-05 0.000573514
0.00011076 8.92874e-05
0.000170821 0
4.93034e-05 0.00131582
8.21727e-05 0.00168626
8.49595e-05 0.00189015
7.33955e-05 0.00226922
0.00010697 0.00205271
6.5745e-05 0.00148494
5.56081e-05 0.00249031
3.3542e-05 0.00249364
0.000116204 0.000223828
6.32887e-05 0.00050986
0.000101868 0.000396799
4.44547e-06 0.00241808
0 0.00239241
5.17795e-06 0.00247115
1.04099e-05 0.00248321
2.3369e-05 0.00253343
1.62259e-05 0.00255027
6.75973e-05 0.000782266
6.38274e-05 0.00107763
0.000183818 0.000147695
0.000291369 0
8.53821e-05 0.00131788
0.00552 0.000552
9.84773e-05 0.00109757
0.000131731 0.00179571
0.00012355 0.00152917
9.00888e-05 0.00245056
0.000132977 0.00224812
0.000177878 0.00201393
3.84114e-05 0.00259173
5.71966e-05 0.00264892
8.99842e-05 0.00262085
0.000180115 0.000380699
0.000112307 0.000592512
0 0.00245203
0 0.00251801
5.46687e-06 0.00253572
1.04584e-05 0.00255488
2.47632e-05 0.00263415
1.1503e-05 0.00262425
1.72647e-05 0.00264083
0.000109178 0.000852797
0.000299876 0.000210533
0.000499242 0
0.000144337 0.00126621
0.00552 0.000554764
0.00551717 0.000552
0.00551788 0.000554192
0.000160263 0.00100697
0.00552 0.000557527
0.000213437 0.00170938
0.000199153 0.00143863
0.000141745 0.00249069
0.000232435 0.00229982
0.000276925 0.00199602
3.79505e-05 0.00267193
7.89135e-05 0.00276
4.64221e-05 0.00276
0.000135514 0.00276
0.000299555 0.000482958
0.000189247 0.000685573
0 0.00258427
5.80003e-06 0.00260302
3.04969e-05 0.00270681
1.85811e-05 0.00270366
6.21816e-06 0.00265518
1.18068e-05 0.0026785
0.00045204 0.000313109
0.000629817 0.000199671
0.000760296 0
0.000252878 0.00119096
0.00551709 0.000556696
0.00551433 0.000552
0.00551533 0.000554424
0.000240102 0.00090895
0.0055178 0.000559202
0.00552 0.000560291
0.00551256 0.000554345
0.000364252 0.00174373
0.000317877 0.00147876
0.000222201 0.00255508
0.000377773 0.00223662
0.00039995 0.00254411
0.000457689 0.00199463
2.592e-05 0.00276
0.00023724 0.00276
0.000349848 0.00072451
0.000527032 0.000577222
0 0.00263892
8.80459e-06 0.0027252
1.16695e-05 0.00276
5.75525e-06 0.00269596
0 0.00268324
0.000715826 0.000434663
0.000879153 0.000242844
0.00103179 0
0.000427335 0.00126252
0.000392028 0.000994474
0.00551533 0.000559314
0.00551401 0.00055688
0.0055115 0.000552
0.00551714 0.000561768
0.00552 0.000563054
0.00550978 0.000554402
0.00551126 0.00055671
0.000518111 0.00238923
0.00552 0.000138016
0.000598253 0.00174197
0.000521879 0.00152313
0.000659148 0.00221874
0.000419287 0.00276
0.00072063 0.00251695
0.000674524 0.00276
0.000677942 0.00197502
0.000588284 0.000823752
0.000838214 0.000665414
0 0.00272222
0 0.00276
0.00101536 0.000465827
0.00113661 0.000225721
0.00130329 0
0.000660681 0.00133659
0.000617684 0.00109334
0.00551231 0.000559541
0.00551398 0.000562289
0.00550867 0.000552
0.00551583 0.000564214
0.00551801 0.000564411
0.00552 0.000565818
0.0055083 0.000556808
0.00550701 0.00055447
0.00550969 0.000558569
0.00539588 9.33251e-05
0.00552 0
0.0054465 0.000193101
0.00552 0.000276
0.00552 0.000568581
0.00550925 0.000560586
0.000846839 0.00180012
0.000812958 0.00152422
0.000938779 0.00232809
0.0009057 0.00207724
0.0010071 0.00255542
0.000951719 0.00276
0.000822229 0.000955646
0.00102645 0.000843194
0.00118771 0.000663744
0.00129835 0.000427632
0.00139316 0.000196844
0.00157479 0
0.000868491 0.00123647
0.00551089 0.000562435
0.00551436 0.000566254
0.0055118 0.000565169
0.00550583 0.000552
0.0055173 0.000567039
0.00550573 0.000557028
0.00550681 0.000559376
0.00550416 0.000555023
0.0051607 0.00010113
0.00529013 0
0.00526253 0.000173197
0.00534992 0.000276006
0.00551789 0.000569844
0.00552 0.000571381
0.00550737 0.000562251
0.00102553 0.00163433
0.00109345 0.00190117
0.00110784 0.00139145
0.0011765 0.00218205
0.0012381 0.00245288
0.00122891 0.00276
0.00107286 0.00111011
0.00126316 0.000945909
0.0014277 0.000787696
0.00149908 0.000573814
0.001574 0.000325463
0.00184628 0
0.00176426 0.000221349
0.00550843 0.000565173
0.00551525 0.000569694
0.00551252 0.000569295
0.0055097 0.000568144
0.00550278 0.000551999
0.00550337 0.000558422
0.00550461 0.000561392
0.00550126 0.000555212
0.00501339 0.000185977
0.00492062 8.64707e-05
0.00494422 0.000138653
0.00506005 0
0.00511579 0.000275944
0.00551678 0.000572332
0.00552 0.000574307
0.00550484 0.00056465
0.00124648 0.00167394
0.00133939 0.0019738
0.00138692 0.00144658
0.00134096 0.00120072
0.00147462 0.00226472
0.00150064 0.0025511
0.00150611 0.00276
0.00154131 0.00101407
0.00169 0.000777071
0.00178029 0.000516412
0.00211778 0
0.00198271 0.000293252
0.00550518 0.000568543
0.00551335 0.000573779
0.00550972 0.000572501
0.00550658 0.000571958
0.005499 0.000551999
0.00549955 0.000557688
0.00550149 0.000561605
0.00471724 0.000188529
0.00483 0.000276
0.0046944 0.000101678
0.00483 0
0.00551693 0.000575308
0.00552 0.000577631
0.00550106 0.000565747
0.00147158 0.00173805
0.00158665 0.00199771
0.00552 0.000706101
0.00552 0.000720357
0.00552 0.000766585
0.00552 0.000760205
0.00552 0.000754436
0.00552 0.000748541
0.00552 0.000581777
0.00552 0.000741292
0.00552 0.000731381
0.0016061 0.00152033
0.00551649 0.000726359
0.00164134 0.00126064
0.00175891 0.0022068
0.00175318 0.00247596
0.0017833 0.00276
0.00181512 0.00101884
0.0019576 0.000785229
0.00202303 0.000578289
0.00222268 0.000225304
0.00238928 0
0.00219502 0.000469688
0.00550017 0.000570168
0.00550187 0.000573439
0.00551508 0.000578317
0.00550983 0.000577906
0.00550462 0.000577491
0.00549499 0.000557394
0.00549396 0.000551999
0.00549737 0.000561974
0.00447219 0.000134526
0.00450141 0.000300084
0.00455906 0
0.00549675 0.000567135
0.00171974 0.00175117
0.00184739 0.00197033
0.0055157 0.000708716
0.00552 0.000685978
0.00551605 0.000771997
0.00552 0.000775067
0.00551608 0.000763288
0.00551605 0.000756767
0.00551577 0.00075122
0.00551557 0.000744985
0.00552 0.000587888
0.00551628 0.00058233
0.00551545 0.000736965
0.0018313 0.00148123
0.00551333 0.00072509
0.00552 0.000803922
0.00552 0.000971498
0.00552 0.000950666
0.00552 0.00092345
0.00552 0.000787379
0.00552 0.00089375
0.00552 0.000867517
0.00552 0.000848951
0.00552 0.000834808
0.00552 0.000987402
0.00552 0.000819985
0.00247272 0.000208969
0.00551759 0.000961133
0.00194363 0.0012364
0.00196181 0.00236246
0.00206493 0.00214755
0.00207589 0.00257243
0.0020605 0.00276
0.00210683 0.000991221
0.00227464 0.000733535
0.00241036 0.000453186
0.00266077 0
0.00549415 0.000572236
0.00549725 0.000578998
0.00551233 0.000585699
0.00550474 0.00058488
0.00549906 0.000584987
0.00549216 0.000564066
0.00548826 0.000558621
0.00548721 0.000551999
0.00428291 0.00019412
0.00428887 0
0.00427795 0.000331993
0.00196759 0.00170513
0.00207066 0.0019091
0.00551043 0.000708629
0.00551436 0.000685198
0.00552 0.000660128
0.0055155 0.000786473
0.00551243 0.000779351
0.00551223 0.000767833
0.00551249 0.000760555
0.00551298 0.000755859
0.00551156 0.000752273
0.00551137 0.000748223
0.00551072 0.000742822
0.00552 0.00059842
0.00551103 0.000736034
0.00208188 0.00147196
0.00550962 0.000726271
0.00551697 0.000803184
0.00551761 0.000982479
0.00551676 0.000935513
0.00551724 0.000899141
0.00551759 0.000872005
0.00551725 0.000853874
0.00551742 0.000840343
0.0055165 0.000825899
0.0055179 0.000998088
0.00552 0.00100021
0.00267151 0.000348277
0.00551523 0.000969114
0.00552 0.00118215
0.00552 0.00101333
0.00552 0.00112141
0.00401818 0
0.00552 0.00115093
0.00552 0.00113553
0.00552 0.00107592
0.00552 0.00105977
0.00552 0.00104441
0.00552 0.00102873
0.00552 0.000633861
0.00552 0.000613978
0.0055126 0.000631109
0.00551464 0.00090515
0.00222257 0.00123312
0.00222456 0.002357
0.00236407 0.00214742
0.00228032 0.00195773
0.0023826 0.00256078
0.00233769 0.00276
0.00237668 0.00102328
0.00252218 0.000832367
0.00258264 0.000614734
0.00284032 0.000186139
0.00293227 0
0.00548673 0.000578106
0.00548569 0.000567729
0.00548976 0.000587317
0.0055062 0.000594364
0.00549619 0.000594237
0.00547817 0.000560256
0.005478 0.000551999
0.00412977 0.000264171
0.00402112 0.000156705
0.0041465 0.000359235
0.00224909 0.00171182
0.00550501 0.000697551
0.00550378 0.000721495
0.00550907 0.000682243
0.00551179 0.000657138
0.00551056 0.000796237
0.00551374 0.000807989
0.00550871 0.000777996
0.00550785 0.000764918
0.00550886 0.000756235
0.00550638 0.000748717
0.00550567 0.000741572
0.00550868 0.000604683
0.00550649 0.00073486
0.00231697 0.00146444
0.00551532 0.000992254
0.00551354 0.000943555
0.00551492 0.000867933
0.00551445 0.00084587
0.00551317 0.000830679
0.0055179 0.00101633
0.00551624 0.00100751
0.00285163 0.000583779
0.00294674 0.000379004
0.00551287 0.000971674
0.00552 0.00119814
0.00552 0.00116654
0.00551808 0.0011826
0.0055174 0.00112104
0.00552 0.00110763
0.00374676 0
0.00551792 0.0011544
0.00551753 0.00113754
0.00551807 0.00106824
0.00551797 0.00108539
0.00552 0.00109244
0.00551789 0.00105414
0.00551762 0.00103621
0.00550598 0.000618175
0.00550539 0.000642149
0.00551172 0.000917162
0.00551258 0.000880437
0.00552 0.00130947
0.00347526 0
0.00320377 0
0.00550658 0.000792442
0.00549809 0.000632688
0.00250559 0.00128751
0.002504 0.00235566
0.00251477 0.00187905
0.00263265 0.00214272
0.00261489 0.00276
0.00265013 0.00256956
0.0026585 0.00104126
0.00279019 0.000822084
0.00314342 0.000247319
0.00547459 0.000572182
0.00547433 0.000585866
0.00548252 0.000598826
0.00549515 0.000608481
0.0054646 0.000562873
0.00546538 0.000551999
0.0039735 0.000298847
0.00372824 0.000206036
0.00406782 0.000385528
0.00250831 0.00159918
0.00549749 0.000702408
0.00550029 0.000669381
0.00549982 0.000735837
0.0054924 0.000726133
0.00551002 0.000819553
0.00550489 0.000808762
0.00550272 0.000776142
0.00550233 0.000757697
0.00549916 0.000746376
0.00551195 0.000991028
0.00551319 0.00100649
0.00551031 0.000952437
0.00551116 0.000859776
0.00550992 0.000843022
0.00551517 0.00102474
0.0030577 0.000775619
0.00313538 0.000534439
0.00550968 0.000975383
0.00552 0.00121372
0.00551736 0.00120404
0.00551675 0.00116734
0.00551572 0.00118301
0.00551673 0.0011009
0.00551497 0.00113494
0.0055142 0.00111488
0.0055155 0.00115369
0.00551596 0.00107405
0.00551596 0.001051
0.00551428 0.00104418
0.00550837 0.000932252
0.00550907 0.000891499
0.00552 0.0013191
0.00552 0.00130166
0.00551781 0.00130881
0.00342113 0.000212554
0.00550074 0.00079362
0.00548917 0.00065325
0.00548715 0.000627769
0.00552 0.00126107
0.00552 0.00151415
0.00552 0.00144327
0.00552 0.00136509
0.00552 0.0013449
0.00552 0.00127152
0.00552 0.00133043
0.00552 0.0012276
0.00552 0.0014997
0.00551282 0.00103225
0.00552 0.00148403
0.00552 0.00129471
0.00552 0.00125031
0.00548743 0.000711517
0.00552 0.00146578
0.00552 0.00128792
0.00552 0.0014156
0.00552 0.00138873
0.00552 0.00128033
0.00552 0.00123954
0.00276856 0.00122634
0.00394758 0.000371952
0.00551782 0.00124731
0.00272952 0.00146007
0.00278319 0.0024148
0.00280225 0.00195414
0.00274743 0.00171725
0.00289427 0.00220617
0.00289208 0.00276
0.00296954 0.00103527
0.00337286 0.000452615
0.00545669 0.000575629
0.00545908 0.000601464
0.00547468 0.000617845
0.00544594 0.000551998
0.00381569 0.000347733
0.00360547 0.000376855
0.004002 0.000414
0.00548181 0.000683737
0.00548682 0.0007398
0.0054715 0.000721987
0.00550531 0.000834154
0.00549981 0.000823233
0.00549361 0.000805364
0.00549525 0.000766414
0.00549142 0.000784571
0.00548956 0.000754073
0.00550895 0.00100303
0.00551131 0.00102286
0.00550566 0.000968776
0.00550487 0.000869652
0.00334417 0.000704509
0.00325661 0.000937294
0.00551702 0.00122227
0.00551468 0.00120593
0.00551369 0.00117773
0.0055134 0.00108976
0.00551271 0.00115492
0.00551213 0.00113306
0.0055133 0.00106208
0.00551083 0.00104548
0.00550389 0.00091728
0.00551738 0.00131968
0.00551739 0.00129852
0.00551537 0.00130541
0.00551536 0.00131378
0.00547087 0.000650765
0.00551739 0.0012603
0.00551794 0.00151396
0.00552 0.00152868
0.00551759 0.00144379
0.00551737 0.00137726
0.00551677 0.00135303
0.00551724 0.00133184
0.00551704 0.00127426
0.0055172 0.00123606
0.00551745 0.00149844
0.00551742 0.00147722
0.00551688 0.00128896
0.005518 0.00128356
0.00551731 0.00140697
0.00297748 0.00130906
0.00389147 0.000426297
0.00551539 0.00124836
0.00552 0.00159861
0.00552 0.00169899
0.00552 0.00179609
0.00552 0.00173991
0.00552 0.00173381
0.00552 0.00171022
0.00552 0.00157963
0.00552 0.00168588
0.00552 0.00180225
0.00552 0.00167091
0.00552 0.00156254
0.00552 0.00178926
0.00552 0.00165118
0.00552 0.00178195
0.00552 0.00174628
0.00552 0.0016241
0.00552 0.00154513
0.00551764 0.00174146
0.0055047 0.00100902
0.00549995 0.000946855
0.00551795 0.00165907
0.00297327 0.00156419
0.00304587 0.00248439
0.00302703 0.00179256
0.00308368 0.00201472
0.00313459 0.00224641
0.00316928 0.00276
0.00321583 0.00118391
0.00360962 0.000613915
0.00543345 0.000579428
0.00544715 0.000640507
0.00543238 0.000611853
0.00541456 0.000551998
0.00375642 0.000483889
0.004033 0.000488489
0.0041465 0.000468765
0.00545219 0.000689168
0.00547049 0.000751214
0.00544603 0.000737163
0.00549693 0.000852532
0.00548913 0.00082846
0.00547559 0.000803689
0.00547854 0.000772119
0.00550698 0.0010399
0.00549834 0.000988166
0.00549366 0.000896981
0.00355458 0.000861012
0.00346069 0.00109433
0.00551406 0.00123332
0.00551193 0.00120873
0.00551077 0.00117735
0.00550972 0.00111271
0.0055097 0.00107185
0.00550865 0.00115042
0.00551415 0.0013225
0.0055144 0.00129649
0.00551281 0.00131095
0.00551391 0.00126092
0.00551526 0.00151583
0.00551726 0.00153284
0.00551482 0.00142374
0.00551495 0.00146179
0.00551448 0.00138283
0.0055147 0.00133611
0.0055136 0.00135556
0.00551414 0.00128168
0.00551513 0.0014908
0.00318344 0.00142094
0.0039073 0.000502194
0.00551719 0.00159987
0.00551714 0.00170034
0.00551776 0.00179558
0.00551685 0.00173528
0.00552 0.00172709
0.00551793 0.00173006
0.00552 0.0017193
0.00551751 0.00171409
0.00551705 0.00157468
0.00551747 0.00168059
0.00551756 0.00180287
0.00552 0.00180718
0.0055173 0.00155473
0.00551711 0.00178724
0.00551694 0.00162881
0.00552 0.00177367
0.0055175 0.00177767
0.00552 0.00175517
0.00551754 0.00174809
0.00551517 0.00174374
0.00549831 0.00103584
0.00549011 0.000953576
0.00551572 0.00165489
0.00552 0.00181848
0.00552 0.00182748
0.00552 0.00182245
0.00552 0.00176485
0.00552 0.00181487
0.00552 0.00181122
0.0055149 0.00158328
0.00325206 0.0016395
0.00334595 0.00234885
0.00330411 0.00256324
0.00331614 0.00187207
0.00336184 0.00210144
0.00344647 0.00276
0.00341657 0.00140714
0.00386372 0.00062337
0.00382803 0.000805283
0.00539045 0.000592546
0.00539269 0.000636958
0.00541465 0.000668312
0.00536214 0.000551998
0.00402068 0.000585981
0.00418398 0.000604154
0.00428327 0.000496879
0.00540795 0.000710655
0.00545059 0.000780189
0.00541284 0.000765105
0.00547729 0.000856879
0.0054501 0.000825325
0.00550388 0.00109124
0.00548562 0.00101749
0.00547605 0.000928376
0.00376075 0.00105013
0.00358925 0.0012546
0.0055096 0.00123606
0.00550726 0.00118594
0.00550369 0.00114196
0.00550991 0.0013188
0.0055114 0.00133622
0.00551131 0.00129737
0.00551052 0.00127452
0.00551255 0.00148983
0.00551228 0.00152301
0.00551438 0.00155221
0.0055114 0.00140072
0.00551131 0.00144524
0.00550988 0.00136545
0.00551419 0.00161127
0.00551346 0.00159719
0.00551491 0.00168423
0.00551385 0.00170217
0.00551467 0.00171394
0.00551515 0.00179612
0.00551375 0.0017334
0.00551645 0.00172422
0.00551537 0.00180476
0.00551744 0.00180856
0.00551504 0.00177767
0.00551459 0.00178789
0.00551322 0.00163101
0.00551716 0.00176799
0.00551676 0.00175683
0.00551207 0.00174363
0.00551377 0.00175385
0.00549444 0.00108647
0.00551322 0.00166274
0.00551787 0.00181793
0.00551723 0.00182372
0.00552 0.0018348
0.005518 0.00183044
0.00551707 0.00181319
0.00551203 0.00157767
0.00552 0.00186225
0.00552 0.00184609
0.00378841 0.00129562
0.00352139 0.0016996
0.00358135 0.00249618
0.00359189 0.00223243
0.00360874 0.00195851
0.00372366 0.00276
0.00365689 0.00151092
0.00410821 0.000770724
0.00403412 0.00100766
0.00531504 0.000629389
0.00533544 0.000694554
0.00526678 0.000551998
0.00438736 0.000752413
0.00450141 0.000527916
0.00535561 0.000761226
0.00540598 0.000822779
0.00544793 0.000896248
0.00549309 0.0011463
0.00546479 0.00101829
0.00547877 0.00110309
0.00399232 0.0012562
0.00550167 0.00119856
0.00550538 0.00126386
0.0055063 0.00130208
0.00550554 0.00133958
0.00550761 0.00149141
0.00550974 0.00155242
0.0055049 0.00140817
0.0055098 0.00160464
0.00551131 0.00168708
0.00551033 0.00170954
0.00551193 0.00172313
0.00551273 0.0018006
0.00550903 0.00173517
0.0055144 0.00180902
0.00551387 0.00176805
0.00551227 0.00178451
0.00550968 0.00165084
0.0055093 0.00175213
0.00551167 0.00176107
0.00551518 0.00181881
0.00551579 0.0018342
0.0055147 0.00182649
0.00551772 0.00184305
0.00551443 0.00181446
0.00551766 0.00186513
0.00552 0.00188351
0.00390168 0.00150344
0.00552 0.00192136
0.00552 0.00195684
0.00552 0.00193778
0.00509175 0.000552072
0.00552 0.00191291
0.00552 0.00195
0.00552 0.00194395
0.00552 0.00190178
0.00549916 0.00125091
0.00552 0.00193026
0.00483 0.000552
0.00382828 0.00173004
0.00380679 0.00244428
0.00371548 0.0023532
0.00382991 0.00258158
0.00384157 0.00225099
0.00377078 0.0021264
0.0038939 0.00195901
0.00400062 0.00276
0.00429685 0.00100223
0.00421614 0.00126309
0.00517962 0.000728117
0.00526007 0.000785842
0.00467083 0.00077814
0.00455998 0.00102572
0.00533287 0.000853176
0.00539638 0.000913497
0.00543183 0.000991455
0.00548905 0.00123028
0.00547363 0.00120016
0.00544809 0.00112139
0.00411777 0.0015372
0.00549656 0.00130293
0.00549678 0.00135191
0.00550419 0.00157055
0.00549932 0.00149837
0.00549359 0.00140245
0.005504 0.00163795
0.0055062 0.00168944
0.0055044 0.00171949
0.0055096 0.00180591
0.00550946 0.00179192
0.00550379 0.0017469
0.00551148 0.00181185
0.00550869 0.0017692
0.0055108 0.00181758
0.00551245 0.00182406
0.00551485 0.00184934
0.00551204 0.00183695
0.00551739 0.00189289
0.00551483 0.00187213
0.00551766 0.00192352
0.00551786 0.00195621
0.00552 0.00196539
0.00551793 0.00193597
0.00494957 0.000767839
0.00551769 0.00191053
0.00551717 0.00194557
0.00550561 0.00178073
0.00551509 0.00189322
0.00551218 0.00188248
0.00411213 0.00181099
0.00385364 0.00234412
0.00391972 0.00237642
0.00392713 0.00245434
0.00400672 0.00255252
0.00396315 0.00213
0.00397376 0.00223534
0.00394597 0.00230968
0.00413124 0.00202635
0.00415622 0.00263373
0.00427736 0.00276
0.00446522 0.00125779
0.00438919 0.00149599
0.00505729 0.00098132
0.00522309 0.000934433
0.00482347 0.0010262
0.00473736 0.00125954
0.00532912 0.00100214
0.00539786 0.0011115
0.00547677 0.00133668
0.00544411 0.00125995
0.00432609 0.00172648
0.005494 0.00160812
0.00548657 0.00148271
0.00549788 0.00168449
0.00549428 0.00173092
0.00550345 0.00179663
0.00550512 0.00181337
0.00549965 0.00176688
0.00550809 0.00182635
0.00551074 0.00185939
0.00550628 0.00184285
0.00551506 0.00190843
0.00551549 0.00193468
0.00551499 0.00192352
0.0055155 0.00191673
0.0055154 0.00195501
0.00551699 0.00196722
0.00552 0.00197544
0.00551357 0.0019443
0.00551296 0.00190133
0.00550858 0.00188577
0.00551047 0.00190415
0.00551334 0.0019288
0.00438793 0.0019675
0.00397953 0.00238971
0.004002 0.002346
0.00404145 0.00244316
0.00415682 0.00250132
0.00409494 0.00219051
0.00404273 0.00227768
0.004254 0.00214692
0.00434328 0.00257632
0.0044754 0.00265129
0.0045536 0.00276
0.00464061 0.00149832
0.00456894 0.00174535
0.00519929 0.0011592
0.00501078 0.00127186
0.0048734 0.0014922
0.00532212 0.00121129
0.00539491 0.00133581
0.00544286 0.00143496
0.0054682 0.00147375
0.0054784 0.00159917
0.0054822 0.00168667
0.00548428 0.00175859
0.00549436 0.00178786
0.00549575 0.0018087
0.00550031 0.00182581
0.00550393 0.00187586
0.00549772 0.00184782
0.00551163 0.00191876
0.00551146 0.00193454
0.00551194 0.00195297
0.00551317 0.00196222
0.00551705 0.0019805
0.00551483 0.00197126
0.00552 0.00198825
0.00550941 0.00194549
0.00550629 0.00191124
0.00450141 0.00223208
0.00467752 0.00199244
0.00405872 0.00237087
0.00406517 0.00231858
0.0041465 0.00240077
0.00427751 0.00242794
0.0041465 0.00229123
0.00427245 0.00226504
0.00463345 0.00256461
0.00450141 0.00245992
0.00469272 0.00266917
0.00483 0.00276
0.00483597 0.00174634
0.00521981 0.00139617
0.00507423 0.0015653
0.0053384 0.00148022
0.00541016 0.00157176
0.00545381 0.00162135
0.00546044 0.00172793
0.00548017 0.00180189
0.00546508 0.00178206
0.00548687 0.00182542
0.00549841 0.00191842
0.0054958 0.00188534
0.00548347 0.00185715
0.00550646 0.00193252
0.00550849 0.00195731
0.0055082 0.00196688
0.00551197 0.0019717
0.00551395 0.00198233
0.00551631 0.00199714
0.00552 0.00200556
0.00550536 0.00194831
0.00552 0.00202855
0.00483 0.002208
0.00497716 0.00200144
0.00483 0.002484
0.0047673 0.00261266
0.00495576 0.00257765
0.00494042 0.00266439
0.00506011 0.00276
0.0050859 0.00180351
0.00524346 0.00165402
0.00535019 0.00169899
0.00541818 0.00172088
0.00543415 0.00179778
0.00546522 0.0018409
0.0054832 0.00189822
0.00549832 0.00194624
0.00548626 0.00194286
0.0055013 0.00196012
0.00550254 0.00197304
0.00550912 0.00198452
0.00551233 0.00200102
0.00551621 0.00202407
0.00552 0.00205391
0.00551227 0.00202969
0.00550299 0.00199089
0.00509349 0.00220794
0.00520525 0.00209334
0.00520414 0.00197023
0.00511142 0.00248402
0.00521881 0.00258132
0.0051541 0.00265546
0.00529015 0.00276
0.00526884 0.00184546
0.0053761 0.00183891
0.00543453 0.0018764
0.00546647 0.00191388
0.00549294 0.00197801
0.00547493 0.00197423
0.00550718 0.00202039
0.00551543 0.00205759
0.00552 0.00207534
0.00551118 0.00206079
0.00549854 0.00201478
0.00550674 0.00205743
0.00526942 0.002208
0.005327 0.00205504
0.00532872 0.00213666
0.00533767 0.0019633
0.00534615 0.002484
0.00538109 0.00266536
0.00542212 0.00257121
0.00552 0.00276
0.00540225 0.0019524
0.00544503 0.00195902
0.00548691 0.00202644
0.00546671 0.00201752
0.00549945 0.00204999
0.00551437 0.00208834
0.00552 0.00209539
0.00550795 0.00208797
0.00550177 0.0020835
0.00552 0.00211143
0.00536585 0.002208
0.00540314 0.00205088
0.00539422 0.0021096
0.00539304 0.00216268
0.00552 0.002484
0.00552 0.00261979
0.00543831 0.00203159
0.00549029 0.00207973
0.00547045 0.00207037
0.00550902 0.00210653
0.00551432 0.00211248
0.00549863 0.00210794
0.00552 0.0021222
0.00541965 0.002208
0.00545197 0.00208993
0.00543907 0.0021113
0.00543254 0.0021451
0.00542705 0.00217657
0.00547962 0.00210736
0.00550576 0.00212032
0.00551295 0.00212631
0.00549167 0.0021254
0.00552 0.0021307
0.00545118 0.002208
0.00544684 0.00218951
0.00546932 0.002125
0.00546028 0.0021433
0.00545442 0.0021692
0.00550491 0.00213143
0.00551118 0.00213627
0.00549796 0.00213616
0.00548197 0.00213736
0.00551497 0.00213852
0.00552 0.00213928
0.00546479 0.002191
0.00546947 0.002208
0.00548233 0.0021524
0.00547089 0.00215959
0.00547072 0.00217502
0.00550295 0.00214443
0.00551181 0.00214739
0.00549263 0.00214386
0.00552 0.00215091
0.00552 0.00216321
0.00550429 0.00215528
0.00547837 0.00218276
0.00547756 0.00219374
0.00548101 0.0022011
0.0054806 0.002208
0.00548384 0.00217059
0.00549211 0.00216709
0.00549586 0.00215776
0.00551234 0.00216307
0.00552 0.00217201
0.00550386 0.002167
0.00551433 0.00217361
0.00548724 0.00218439
0.00548776 0.00219413
0.00548925 0.00220216
0.00548866 0.002208
0.00549498 0.00217843
0.00549923 0.00217202
0.00550873 0.00217371
0.00552 0.00217815
0.00550442 0.00217677
0.00551298 0.00217914
0.00552 0.00218262
0.00549482 0.00218785
0.00549403 0.00219565
0.0054951 0.00220137
0.00549476 0.002208
0.00550378 0.00218244
0.00550055 0.00218461
0.0055081 0.00218162
0.00551492 0.00218233
0.00551719 0.00218393
0.00551152 0.00218463
0.00552 0.00218584
0.00549898 0.00219307
0.00550158 0.00218917
0.00549903 0.00219787
0.0054979 0.00220488
0.00550004 0.0022019
0.00549933 0.002208
0.00550642 0.00218934
0.00550971 0.00218766
0.00551367 0.00218705
0.00551681 0.00218761
0.00552 0.00218865
0.0055173 0.00219035
0.00550292 0.00219599
0.00550345 0.00219237
0.00550315 0.0021995
0.0055017 0.0022051
0.0055035 0.00220255
0.00550292 0.002208
0.00550951 0.00219353
0.00551173 0.00219257
0.00550631 0.00219392
0.00551411 0.00219083
0.00552 0.00219142
0.00551703 0.00219292
0.00550607 0.00219773
0.00550608 0.00220097
0.00550457 0.00220562
0.005506 0.00220363
0.00550589 0.002208
0.00550886 0.00219665
0.00551238 0.00219631
0.00551492 0.00219518
0.00552 0.00219418
0.00551762 0.00219543
0.00550872 0.00219992
0.00550861 0.00220286
0.00550761 0.0022057
0.00550872 0.002208
0.00551174 0.00219921
0.00551482 0.0021986
0.00551727 0.00219795
0.00552 0.00219695
0.00551127 0.00220233
0.00551028 0.00220538
0.00551154 0.002208
0.00551399 0.00220172
0.00551697 0.00220104
0.00552 0.00219971
0.00551293 0.00220508
0.00551436 0.002208
0.00551531 0.00220428
0.00551776 0.00220353
0.00552 0.00220247
0.00551718 0.002208
0.00551728 0.00220609
0.00552 0.00220524
0.00552 0.002208
