-6.4396e-34
-7.77367e-37
2.35595e-37
5.53719e-37
6.4396e-34
-1.39253e-37
-4.00336e-37
-4.46636e-37
-7.65382e-07
-1.2895e-33
-1.79826e-08
2.22262e-36
-4.28371e-37
3.2632e-07
1.57131e-06
5.67986e-07
1.28937e-33
-7.38772e-09
-1.32568e-37
-2.70474e-37
8.30191e-37
-1.04878e-36
-8.56806e-08
8.3228e-37
-4.94909e-37
-7.3999e-07
-2.0217e-36
9.6705e-37
-1.45443e-06
-5.84535e-07
-8.76017e-07
-1.2781e-33
-2.3211e-07
1.2921e-06
1.06675e-06
1.07053e-06
1.20922e-06
1.27794e-33
2.41876e-07
-3.80331e-07
7.54867e-07
-4.71494e-37
4.05064e-07
9.05491e-07
3.45837e-07
1.26416e-06
9.9471e-07
-9.0689e-07
-2.89266e-07
-1.1955e-06
-8.48656e-07
-8.01031e-07
-9.4258e-07
-6.24267e-07
-1.26936e-33
-1.66695e-07
1.22815e-06
7.16605e-07
1.22892e-06
1.31247e-06
1.26934e-33
1.41789e-07
-4.53435e-07
3.1867e-07
5.44411e-07
1.08829e-06
6.66698e-07
7.41925e-07
1.08132e-06
-1.0019e-06
-1.18501e-06
-1.14841e-06
-1.09243e-06
-6.01843e-07
-7.44955e-07
-3.54807e-07
-1.25998e-33
-7.93295e-08
8.97638e-07
4.24641e-07
1.12491e-06
1.11464e-06
1.25996e-33
9.0491e-08
-3.33748e-07
4.18639e-07
-1.82519e-07
9.99152e-07
6.36747e-07
9.29775e-07
1.09564e-06
-1.01397e-06
-1.13503e-06
-1.20802e-06
-9.14312e-07
-5.7207e-07
-1.00186e-06
-5.93791e-07
-2.64478e-07
-1.25053e-33
-5.67288e-08
6.87029e-07
3.0968e-07
9.25517e-07
7.51848e-07
1.02829e-06
1.25051e-33
6.63939e-08
2.7643e-07
5.35953e-07
-4.94763e-07
-1.203e-07
9.29031e-07
7.45224e-07
9.30128e-07
-1.01582e-06
-6.60215e-07
-9.70016e-07
-7.57741e-07
-7.93654e-07
-3.79719e-07
-1.51761e-07
-1.24108e-33
-3.11046e-08
4.39433e-07
1.76889e-07
8.70301e-07
5.8861e-07
8.8079e-07
1.24107e-33
3.64694e-08
2.17551e-07
5.17738e-07
-3.80363e-07
-6.5865e-08
7.54469e-07
4.93212e-07
3.84555e-07
7.51021e-07
-7.67864e-07
-5.10839e-07
-7.49812e-07
-5.69321e-07
-6.26997e-07
-2.80843e-07
-1.07421e-07
-1.23161e-33
-2.14324e-08
3.20023e-07
1.27996e-07
6.7667e-07
4.73264e-07
6.73389e-07
2.59788e-08
1.2316e-33
1.72777e-07
-1.51037e-07
5.63212e-07
3.2628e-07
2.08474e-07
5.47866e-07
-6.06639e-07
-3.32414e-07
-4.74063e-07
-3.9343e-07
-4.5722e-07
-1.65654e-07
-6.10579e-08
-1.22213e-33
-1.17869e-08
7.56627e-08
2.52713e-07
3.75737e-07
5.13134e-07
5.09506e-07
1.52468e-08
1.22213e-33
-1.92113e-07
1.66913e-08
4.02298e-07
2.38198e-07
1.20393e-07
4.05567e-07
-3.69621e-07
-2.36819e-07
-3.3861e-07
-2.57301e-07
-1.01442e-07
-1.70347e-08
-1.21265e-33
6.05984e-08
1.23344e-07
2.33315e-07
3.65185e-07
3.30431e-07
3.74424e-07
2.32551e-08
1.21265e-33
6.58387e-08
-1.07192e-07
2.75687e-07
1.71143e-07
2.94271e-07
-1.64228e-07
-2.70369e-07
-2.16799e-07
-2.24711e-07
-1.50867e-07
-5.99096e-08
-3.78553e-08
-1.02845e-08
-1.20317e-33
7.94894e-08
1.48811e-07
2.695e-07
2.76614e-07
2.26603e-07
1.49392e-08
1.20318e-33
7.40736e-08
-4.44361e-08
1.82484e-07
2.17975e-07
-1.10442e-07
-1.48794e-07
-1.3504e-07
-1.59444e-07
-7.67983e-08
-7.26701e-08
-2.15067e-08
-5.50687e-09
-1.19369e-33
5.29824e-08
1.00831e-07
1.9784e-07
1.56552e-07
1.89493e-07
9.95433e-09
1.1937e-33
8.86115e-08
1.302e-08
1.37854e-07
1.58464e-07
-9.61533e-08
-6.40998e-08
-1.01308e-07
-7.87286e-08
-3.87038e-08
-3.82063e-08
-1.13802e-08
-2.92354e-09
-1.18421e-33
1.06831e-07
6.75578e-08
3.50033e-08
1.3976e-07
1.31416e-07
1.18422e-33
6.32656e-09
7.25927e-08
2.15829e-08
1.03253e-07
1.14032e-07
-6.40057e-08
-5.18237e-08
-1.42514e-08
-4.15067e-08
-3.17225e-08
-2.03087e-08
-5.31585e-09
-1.21475e-09
-1.17474e-33
7.21125e-08
4.79658e-08
2.2879e-08
9.77103e-08
8.11085e-08
1.17474e-33
4.04053e-09
5.87748e-08
2.50585e-08
7.67862e-08
8.14235e-08
-1.81454e-08
-2.7404e-08
3.06205e-10
-1.50732e-08
-9.48692e-09
-1.12484e-08
-1.86978e-09
-1.16526e-33
-3.8473e-10
4.82208e-08
2.93616e-08
1.47333e-08
6.77541e-08
6.131e-08
1.16526e-33
2.51011e-09
2.5143e-08
4.69861e-08
5.67405e-08
5.77705e-08
-4.38333e-09
8.08896e-09
3.0379e-09
-5.37415e-09
-3.28673e-09
-2.10015e-09
-1.15578e-33
-5.54531e-11
7.39304e-11
3.18947e-08
1.90809e-08
9.37849e-09
4.663e-08
4.13379e-08
1.15579e-33
1.54571e-09
2.31881e-08
3.70616e-08
4.16619e-08
4.07331e-08
-1.14631e-33
1.1409e-08
6.06646e-09
-1.37446e-10
-1.88488e-12
2.57283e-09
2.75198e-10
7.80261e-10
2.08981e-08
1.22374e-08
5.90136e-09
3.18684e-08
2.76401e-08
1.14631e-33
3.64085e-09
9.37755e-10
2.01998e-08
2.88176e-08
3.0373e-08
2.85375e-08
3.3036e-10
-1.13683e-33
1.2034e-08
7.27798e-09
2.35242e-09
1.521e-09
4.53328e-09
2.03656e-09
1.06605e-09
1.35506e-08
8.36566e-09
1.63088e-08
2.16132e-08
1.98447e-08
1.13683e-33
2.32604e-09
5.36888e-10
1.53334e-08
2.20829e-08
2.19559e-08
-1.12736e-33
3.09699e-10
1.01892e-09
1.11681e-08
4.9394e-09
7.28939e-09
3.23283e-09
2.03945e-09
1.28262e-08
8.67202e-09
4.82024e-09
1.20006e-08
1.26843e-08
1.34635e-08
1.36415e-08
1.12736e-33
1.36326e-09
3.09203e-10
3.18932e-09
1.11788e-33
1.43411e-08
-1.11788e-33
2.51797e-10
8.76586e-10
1.72603e-09
9.57523e-09
4.71267e-09
6.10312e-09
3.08894e-09
1.05189e-08
5.44948e-09
7.7569e-09
1.04348e-08
1.0016e-08
1.09225e-08
1.60243e-10
8.1834e-10
1.8753e-09
1.10841e-33
6.42422e-11
8.91709e-09
-1.1084e-33
7.03941e-10
1.91544e-10
2.7103e-09
1.42139e-09
7.05475e-09
4.91182e-09
3.79002e-09
6.91634e-09
8.4738e-09
4.89884e-09
2.98203e-09
6.27989e-09
7.65231e-09
1.04494e-09
3.59619e-10
1.72993e-09
1.09893e-33
1.48281e-11
6.29191e-09
-1.09893e-33
1.054e-09
5.13134e-10
1.36151e-10
2.13391e-09
2.94535e-09
5.0136e-09
3.73426e-09
4.95975e-09
4.73121e-09
2.99909e-09
3.97757e-09
4.28375e-09
5.18477e-10
1.46019e-10
1.47489e-09
1.07403e-09
4.93965e-10
1.08946e-33
-1.49056e-11
1.70785e-11
-1.08945e-33
4.3008e-09
9.1032e-11
1.56824e-09
7.27728e-10
3.47849e-10
2.15244e-09
3.60446e-09
2.68957e-09
3.41514e-09
2.9796e-09
2.41172e-09
2.72621e-09
1.55778e-10
9.14765e-10
4.12329e-10
1.07998e-33
-2.93868e-11
-5.68812e-11
5.22512e-11
-1.07998e-33
2.81358e-09
2.15301e-10
1.47407e-09
1.07725e-09
4.61623e-10
1.82456e-09
2.46265e-09
2.46541e-09
1.09301e-09
1.76278e-09
1.62122e-09
1.50479e-10
-2.08234e-11
5.69137e-10
3.82586e-10
1.0705e-33
-3.60035e-11
1.06103e-33
-9.46944e-11
1.15184e-10
2.66968e-11
-1.0705e-33
1.72529e-09
1.7062e-09
2.57773e-10
1.06881e-09
6.79957e-10
1.14555e-09
1.57438e-09
9.32652e-10
8.51958e-10
2.25292e-10
-6.52041e-11
-1.22099e-10
2.03731e-10
4.82996e-11
-3.75596e-11
1.05155e-33
-1.68802e-10
-1.09814e-10
-1.06103e-33
9.03137e-11
3.10238e-11
6.70845e-12
9.47626e-10
9.66363e-10
4.37024e-10
5.19939e-10
6.35735e-10
7.03029e-10
4.27707e-10
2.18329e-10
1.19713e-10
-1.54446e-10
-1.86427e-10
-8.09717e-11
-3.68324e-11
1.04208e-33
-2.48848e-10
-1.14452e-10
-1.94226e-10
-1.05155e-33
-4.01665e-12
-8.71766e-12
-5.43345e-12
4.07876e-10
2.65927e-10
2.69731e-10
2.22576e-10
2.86392e-10
1.20818e-10
-3.35407e-11
1.87598e-11
8.60225e-12
-2.49022e-10
-2.02815e-10
-2.67301e-10
-3.39402e-11
1.0326e-33
-2.73239e-10
-1.11149e-10
-1.97512e-10
-1.04208e-33
-1.22416e-11
-5.54493e-11
-3.47133e-11
4.74754e-11
-2.96895e-11
4.95035e-12
2.00462e-11
-1.42704e-10
-1.39741e-10
-1.12042e-10
-8.70881e-11
-3.3853e-10
-3.28033e-10
-3.20019e-10
-3.06821e-11
1.02313e-33
-2.72406e-10
-1.01846e-10
-1.89989e-10
-5.13927e-11
-1.0326e-33
-1.59551e-11
-9.25026e-11
-1.42495e-10
-1.80858e-10
-1.80913e-10
-1.73822e-10
-3.41829e-10
-2.21218e-10
-1.87905e-10
-3.74462e-10
-3.9749e-10
-3.34795e-10
-2.67962e-11
1.01365e-33
-9.10343e-11
-2.57199e-10
-1.71782e-10
-1.02313e-33
-5.86051e-11
-1.7397e-11
-1.11599e-10
-1.64932e-10
-3.13905e-10
-2.7992e-10
-2.76518e-10
-3.96783e-10
-2.24572e-10
-2.67142e-10
-3.76016e-10
-4.01937e-10
-3.26086e-10
-2.32711e-11
1.00418e-33
-7.96808e-11
-2.33779e-10
-1.52544e-10
-1.1456e-10
-1.01365e-33
-1.71664e-11
-5.93811e-11
-1.74912e-10
-3.25397e-10
-3.79523e-10
-3.4994e-10
-4.09092e-10
-2.34528e-10
-2.902e-10
-3.3748e-10
-2.94888e-10
-3.90001e-10
-3.56365e-10
9.85226e-34
9.94701e-34
-1.95717e-11
-1.32518e-10
-6.95617e-11
-1.65103e-11
-2.06653e-10
-1.10545e-10
-1.00418e-33
-1.59705e-11
-5.62322e-11
-1.68345e-10
-2.27104e-10
-3.74046e-10
-3.99288e-10
-3.94048e-10
-3.68088e-10
-2.81029e-10
-3.25833e-10
-2.71872e-10
-2.21321e-10
-3.60732e-10
-3.12584e-10
9.75751e-34
-1.35336e-11
-1.1616e-10
-5.87205e-11
-4.88851e-11
-1.72495e-10
-1.01276e-10
-9.94701e-34
-9.85226e-34
-5.02407e-11
-1.42649e-11
-1.5435e-10
-2.49589e-10
-2.09184e-10
-3.89264e-10
-3.62757e-10
-3.43499e-10
-2.86192e-10
-3.18018e-10
-2.28199e-10
-3.22503e-10
-2.74147e-10
9.66275e-34
-1.09381e-11
-4.00594e-11
-9.75732e-11
-1.4579e-10
-9.75751e-34
-8.74258e-11
-1.22128e-11
-1.03694e-11
-4.45285e-11
-1.36528e-10
-2.40354e-10
-1.9256e-10
-3.4326e-10
-3.32225e-10
-2.9153e-10
-2.80014e-10
-1.94329e-10
-2.41569e-10
-2.80879e-10
-8.91423e-12
9.568e-34
-3.24227e-11
-7.81443e-11
-1.26432e-10
-9.66275e-34
-8.53144e-12
-7.6873e-11
-3.71755e-11
-1.17415e-10
-1.60329e-10
-2.09684e-10
9.47325e-34
-3.02893e-10
-2.99322e-10
-2.60514e-10
-2.30525e-10
-1.62583e-10
-2.10001e-10
-2.39288e-10
-2.58946e-11
-6.96265e-12
-1.33867e-10
-6.58834e-11
-1.03838e-10
-6.80027e-12
-9.568e-34
-3.08805e-11
-6.44576e-11
-9.86578e-11
-2.51459e-11
-1.35166e-10
-1.78411e-10
-5.42173e-12
9.37849e-34
-2.60683e-10
-2.37954e-10
-2.2968e-10
-1.9484e-10
-1.85785e-10
-1.74679e-10
-5.10379e-11
-2.04139e-11
-1.15231e-10
-8.40564e-11
-5.46998e-12
-9.47325e-34
-2.00943e-11
-1.17972e-10
-5.11413e-11
-8.49438e-11
-4.26904e-11
-1.48677e-10
-4.24343e-12
-1.54178e-11
9.28374e-34
-2.19648e-10
-1.98186e-10
-1.91854e-10
-1.61466e-10
-1.58027e-10
-1.33283e-10
-6.70759e-11
-4.04009e-11
-3.15201e-11
-9.24689e-11
-9.37849e-34
-4.20587e-12
-1.57639e-11
-3.38317e-11
-3.80369e-11
-9.61744e-11
-6.56278e-11
-5.49434e-11
-1.13286e-10
-3.17076e-12
-1.17862e-11
-9.28374e-34
9.18899e-34
-1.81678e-10
-1.62294e-10
-1.57367e-10
-1.31427e-10
-1.33089e-10
-1.06887e-10
-2.42426e-11
-5.27867e-11
-4.09196e-11
-7.31288e-11
-3.27845e-12
-1.252e-11
-2.52352e-11
-4.06985e-11
-5.6685e-11
-9.41038e-11
-7.7032e-11
-2.40527e-12
-1.83257e-11
-8.87181e-12
-9.18899e-34
-2.46843e-12
9.09423e-34
-1.05208e-10
-1.47723e-10
-1.30781e-10
-1.2692e-10
-1.06052e-10
-8.793e-11
-3.12498e-11
-5.69826e-11
-7.16038e-11
-4.37178e-11
-9.19706e-12
-2.01802e-11
-3.31767e-11
-5.66171e-11
-7.7273e-11
-1.76495e-12
-6.54253e-12
-1.433e-11
-9.09423e-34
-1.78368e-12
-7.07166e-12
8.99948e-34
-1.03756e-10
-8.2856e-11
-1.00717e-10
-1.05143e-10
-2.19617e-11
-8.32181e-11
-3.29869e-11
-5.5155e-11
-1.44284e-11
-2.51124e-11
-3.30478e-11
-4.36394e-11
-6.00786e-11
-4.90164e-12
-1.24415e-12
-9.93292e-12
-1.3023e-12
-8.99948e-34
-1.11646e-11
-5.15743e-12
8.90473e-34
-8.10756e-11
-1.72839e-11
-6.41958e-11
-7.86621e-11
-8.21567e-11
-2.44405e-11
-5.79336e-11
-3.79726e-11
-4.62582e-11
-1.739e-11
-2.67208e-11
-4.18306e-11
-4.88908e-11
-3.45202e-12
-8.68176e-13
-7.06763e-12
-1.24432e-11
-8.90473e-34
-9.06109e-13
-1.25619e-11
-8.02251e-12
-3.52435e-12
-5.87822e-13
8.80997e-34
-6.6166e-11
-1.77309e-11
-5.34703e-11
-6.31732e-11
-2.80733e-11
-5.34641e-11
-3.65022e-11
-4.27705e-11
-1.95437e-11
-3.12005e-11
-3.65628e-11
-2.36599e-12
-5.19178e-12
-1.25369e-11
-8.72644e-12
-8.80997e-34
-5.89113e-13
-2.41263e-12
-1.50725e-11
-8.8228e-12
-4.93866e-12
-3.77183e-13
8.71522e-34
-2.03112e-11
-4.77506e-11
-2.67137e-11
-3.49544e-11
-3.37999e-11
-2.67848e-11
-2.27876e-11
-1.26482e-11
-1.47498e-12
-3.71162e-12
-8.57689e-12
-3.59635e-12
-5.91354e-12
-8.71522e-34
-3.86278e-13
-1.57492e-12
-3.52381e-12
-1.62311e-11
-1.14269e-11
-5.98382e-12
8.62047e-34
-2.15391e-13
-1.9087e-11
-3.02705e-11
-2.53798e-11
-2.44947e-11
-1.91553e-11
-1.32352e-11
-9.11227e-12
-9.50924e-13
-2.00275e-12
-5.61329e-12
-3.42697e-12
-1.02705e-12
-8.62047e-34
-2.34177e-13
-8.52571e-34
-2.41532e-12
-1.12088e-11
-8.66858e-12
-5.68185e-12
-3.87076e-12
8.52571e-34
-1.06947e-13
-1.7254e-11
-2.17011e-11
-1.3296e-11
-1.79982e-11
-1.23011e-11
-8.82251e-12
-6.34402e-12
-4.76473e-13
-1.25631e-12
-3.4358e-12
-1.99848e-12
-8.43096e-34
-5.70724e-13
-1.16326e-13
-1.29196e-12
-9.63374e-12
-7.42766e-12
-4.02737e-12
-2.31923e-12
8.43096e-34
-2.84206e-14
-1.86831e-13
-1.24482e-11
-1.17936e-11
-8.89484e-12
-5.5536e-12
-4.20519e-12
-5.11508e-13
-1.17982e-12
-1.8692e-12
-8.3362e-34
1.31163e-14
-3.59276e-14
-2.54132e-13
-6.2511e-13
-1.20999e-12
-6.74528e-12
-4.63551e-12
-1.90832e-12
8.3362e-34
1.89236e-14
-7.67124e-15
-9.16336e-14
-6.22363e-12
-8.14288e-12
-4.11616e-12
-6.20204e-12
-3.17867e-12
-2.57668e-12
-7.70327e-13
-4.14816e-13
4.6224e-14
-8.24145e-34
-7.98293e-13
-1.91536e-14
-2.29869e-13
-4.41188e-13
1.15944e-13
-4.04268e-12
-2.61165e-12
-1.18132e-12
8.24145e-34
9.80173e-14
1.85227e-13
4.95766e-14
1.24996e-13
-4.97806e-12
-2.49047e-12
-2.68528e-12
-1.49695e-12
-7.87726e-13
-2.28097e-14
6.51844e-14
-8.1467e-34
-2.22568e-13
7.88386e-14
9.35248e-14
1.97972e-13
-1.51872e-12
-2.01832e-13
-8.05194e-34
6.77156e-14
8.1467e-34
3.35861e-13
6.18798e-13
4.2741e-13
2.03809e-13
-1.82424e-12
-9.7148e-13
-1.10441e-12
-3.37722e-13
6.32139e-14
7.19383e-13
4.64413e-13
7.46507e-14
3.34085e-13
4.13299e-13
3.49127e-13
2.43981e-13
-3.53581e-13
4.45861e-13
-7.95719e-34
8.21049e-13
7.6817e-14
8.05194e-34
7.95719e-34
4.4567e-13
6.53313e-13
2.5058e-13
-4.96666e-13
6.09214e-14
-2.69625e-14
9.51375e-13
4.32564e-13
6.19332e-13
7.88375e-14
2.62959e-13
7.54835e-13
6.14516e-13
4.36322e-13
4.93918e-13
6.41294e-13
8.51232e-13
-7.86244e-34
7.8248e-14
9.28854e-13
7.96307e-14
7.86244e-34
7.76768e-34
4.98758e-13
7.40725e-13
2.67934e-13
-7.76768e-34
1.13261e-12
3.89612e-13
9.43838e-13
1.19856e-12
7.37405e-13
9.17243e-13
2.69068e-13
8.89363e-13
7.24039e-13
5.14018e-13
1.10744e-12
1.08588e-12
7.58982e-14
2.65284e-13
9.9887e-13
2.69732e-13
7.89903e-14
7.67293e-34
7.52643e-14
7.68464e-13
5.14026e-13
7.30143e-14
-7.67293e-34
1.20442e-12
1.33435e-12
1.14493e-12
1.2649e-12
1.26453e-12
5.16774e-13
1.00928e-12
7.72223e-13
1.30213e-12
1.20276e-12
2.58194e-13
5.06556e-13
1.20289e-12
1.00116e-12
7.57818e-34
7.52846e-13
2.61193e-13
7.03489e-14
4.99475e-13
2.49686e-13
7.01007e-14
-7.57818e-34
7.48342e-34
1.36549e-12
1.45446e-12
1.42883e-12
1.38757e-12
7.82094e-13
1.03046e-12
1.38455e-12
1.24094e-12
1.47902e-12
4.91554e-13
7.69815e-13
1.15659e-12
1.31901e-12
9.29939e-13
5.35897e-14
6.31067e-14
4.72301e-13
7.03273e-13
2.18865e-13
2.418e-13
4.77788e-13
-7.48342e-34
2.42942e-13
6.8446e-14
7.38867e-34
4.02072e-14
1.45888e-12
1.50816e-12
1.38886e-12
1.02001e-12
1.39091e-12
1.22807e-12
1.4797e-12
9.87152e-13
7.47072e-13
7.2233e-13
1.0481e-12
1.20685e-12
8.56216e-13
6.42463e-13
1.78672e-13
4.22653e-13
1.27048e-13
-7.38867e-34
4.70327e-13
6.84412e-14
2.41997e-13
7.29392e-34
2.06684e-14
1.43839e-12
1.25358e-12
1.18261e-12
1.34552e-12
1.38396e-12
7.02724e-13
9.44881e-13
1.1161e-12
6.14595e-14
1.02818e-12
8.78298e-13
6.58728e-13
5.30669e-13
3.3639e-13
2.26833e-13
7.11491e-14
-7.29392e-34
4.74465e-13
2.48383e-13
6.95146e-13
7.19916e-34
-5.98959e-15
1.31433e-12
1.04965e-12
1.2899e-12
1.2218e-12
9.00564e-13
8.58878e-13
1.03475e-12
-6.09649e-14
6.77121e-14
7.69405e-13
6.3221e-13
4.97992e-13
3.69725e-13
7.27352e-14
2.70043e-13
7.82299e-14
-7.19916e-34
8.2499e-13
5.02231e-13
7.06282e-13
7.10441e-34
-5.17297e-14
-2.26669e-13
1.13025e-12
7.61369e-13
1.16721e-12
1.09553e-12
9.41472e-13
8.34903e-13
-1.64952e-13
-1.99647e-13
4.03503e-13
2.80523e-13
-2.43384e-13
1.93298e-13
5.56035e-13
3.03482e-13
9.14564e-14
-7.10441e-34
8.09804e-13
7.44483e-13
7.00966e-34
-1.16238e-13
-4.39496e-13
-5.05209e-13
4.60918e-13
8.74603e-13
9.62017e-13
9.34556e-13
7.31009e-13
7.1126e-13
-6.86132e-13
-8.68316e-13
-1.11302e-13
-2.19154e-13
6.31062e-13
3.7372e-13
1.1172e-13
-7.00966e-34
8.03619e-13
8.23904e-13
6.9149e-34
-2.11353e-13
-8.24438e-13
-1.383e-12
-9.96707e-13
-1.69714e-12
4.7034e-13
7.26461e-14
5.24842e-13
6.89177e-13
3.24899e-13
5.68005e-13
-1.75347e-12
-9.27218e-13
-8.34258e-13
-1.92066e-12
7.70756e-13
4.76469e-13
1.45964e-13
-6.9149e-34
8.26308e-13
9.55589e-13
-6.82015e-34
6.82015e-34
-3.44299e-13
-1.32293e-12
-2.36694e-12
-2.98929e-12
-2.67707e-12
-3.72531e-12
3.91569e-13
1.30568e-13
-1.63428e-13
-9.6926e-13
4.76919e-14
-3.14745e-13
-3.29507e-12
-1.83861e-12
1.10261e-12
1.02488e-12
6.10151e-13
2.00949e-13
8.62191e-13
2.71539e-13
-6.7254e-34
6.7254e-34
-5.35861e-13
-2.01644e-12
-4.68344e-12
-4.00921e-12
-5.56207e-12
1.63346e-13
-5.1652e-12
-2.0289e-12
-8.17969e-13
-1.0166e-12
-1.69914e-12
-9.11717e-13
-3.11101e-12
-3.22053e-12
1.3578e-12
1.28233e-12
8.49648e-13
9.32797e-13
-1.54172e-13
3.85233e-13
-6.63064e-34
-8.08387e-13
6.63064e-34
-2.83043e-12
-7.90045e-12
-6.95128e-12
-7.64365e-12
-8.58992e-12
-5.44909e-12
-6.53589e-34
-1.72032e-12
-5.96887e-12
-2.69542e-12
-2.8799e-12
-4.47356e-12
-8.70777e-12
1.67114e-12
1.14977e-12
1.67555e-12
9.58845e-13
-2.60239e-12
-6.50507e-13
1.48063e-12
5.30186e-13
-1.1649e-12
6.53589e-34
-4.16577e-12
-1.08299e-11
-1.08452e-11
-1.10073e-11
-8.02615e-12
6.93601e-13
-6.44114e-34
-5.33444e-12
-7.91745e-12
-5.29082e-12
-1.03704e-11
-1.21907e-11
1.99179e-12
2.22872e-12
7.93472e-13
-3.77983e-12
-1.48086e-12
1.90283e-12
6.44114e-34
-1.61342e-12
-5.69135e-12
-1.35566e-11
-1.48116e-11
-1.46313e-11
-1.07458e-11
8.9187e-13
-6.34638e-34
-7.16962e-12
-7.72023e-12
-1.32991e-11
-1.64611e-11
2.68728e-12
2.16035e-12
1.99291e-13
-9.49617e-12
-6.96024e-12
-2.97983e-12
2.3406e-12
6.34638e-34
-7.27021e-12
-2.18196e-12
-1.78901e-11
-1.94742e-11
-2.25315e-11
-1.86448e-11
-1.32775e-11
1.07225e-12
-6.25163e-34
-1.27569e-11
-2.0421e-11
-1.77873e-11
2.89311e-12
1.61469e-12
-1.35241e-12
-5.76291e-12
-1.3475e-11
-1.07749e-11
2.31054e-12
2.51637e-12
6.25163e-34
-9.14725e-12
-2.86081e-12
-2.45483e-11
-2.46527e-11
-2.67657e-11
-2.24216e-11
-1.6768e-11
1.12632e-12
-6.15687e-34
-1.99445e-11
-2.3054e-11
-4.94539e-12
-2.44781e-13
-1.08279e-11
-1.83176e-11
-1.68997e-11
2.01732e-12
6.28844e-13
-4.90459e-12
6.15687e-34
-3.47358e-12
-1.85194e-11
-1.08345e-11
-3.01362e-11
-2.92064e-11
-2.97852e-11
-2.90292e-11
-2.47466e-11
3.21212e-13
8.92257e-13
-6.06212e-34
-2.62375e-11
-3.13734e-11
-1.2308e-11
-2.0091e-11
-2.68613e-11
-2.6954e-11
-4.08881e-12
-1.50031e-11
-2.6467e-11
6.06212e-34
-3.91416e-12
-1.83984e-11
-1.15686e-11
-3.19618e-11
-3.35999e-11
-2.65408e-11
-2.2144e-11
-2.72084e-11
-4.16498e-12
-1.16345e-14
-5.96737e-34
-3.39279e-11
-3.66487e-11
-3.66816e-11
-3.94396e-11
-4.52539e-11
-3.93313e-11
-2.91642e-11
-1.68904e-11
-4.37146e-11
-3.91801e-12
5.96737e-34
-1.39154e-11
-1.16489e-11
-9.66657e-12
-3.21687e-11
-1.43305e-11
-1.43479e-11
-1.35097e-11
-2.21262e-12
-5.87261e-34
-4.83392e-11
-6.55905e-11
-5.82091e-11
-6.56427e-11
-3.94979e-11
-1.0533e-10
-6.1039e-11
-3.94347e-11
-9.90702e-11
-2.7226e-12
5.87261e-34
-2.80151e-12
1.04839e-11
1.49174e-12
-2.02388e-11
1.22649e-11
2.92012e-11
-3.14163e-11
-6.55513e-12
-5.77786e-34
-6.0093e-11
-1.14577e-10
-9.66015e-11
-3.30618e-11
-1.66621e-10
-1.178e-10
-8.0776e-11
-1.79215e-10
5.77786e-34
6.98684e-13
1.33331e-11
4.16413e-11
6.09328e-11
9.4765e-12
7.33834e-11
1.92283e-10
7.75824e-11
-7.43892e-11
-1.58459e-11
-5.68311e-34
-7.34597e-11
-1.865e-10
-1.43653e-10
-1.34704e-11
-2.83484e-10
-2.15397e-10
-1.53329e-10
-3.13857e-10
-3.02285e-10
5.68311e-34
5.58836e-34
7.72235e-12
4.08861e-11
9.63852e-11
1.55196e-10
3.25393e-10
6.96162e-11
1.86514e-10
-2.76605e-10
-1.29966e-10
-3.15804e-11
-5.58836e-34
-8.8088e-11
-2.15778e-10
2.86153e-11
-4.73197e-10
-5.34732e-10
-4.27373e-10
-4.4331e-10
5.4936e-34
2.07613e-11
8.77403e-11
1.85274e-10
3.72181e-10
5.39885e-34
5.36595e-10
3.82666e-10
2.13924e-10
-4.38406e-10
-2.17691e-10
-5.89031e-11
-5.4936e-34
-1.03958e-10
-3.25132e-10
1.58235e-10
-7.75008e-10
-8.88239e-10
-7.23683e-10
-6.46044e-10
4.85974e-11
1.92162e-10
3.98811e-10
6.84238e-10
9.21886e-11
5.3041e-34
7.08756e-10
8.47143e-10
5.41393e-10
-7.39739e-10
-3.98518e-10
-1.00494e-10
-5.39885e-34
-1.19179e-10
-4.91282e-10
3.30198e-10
-1.19369e-09
-1.24851e-09
-1.44213e-09
-7.40175e-10
-1.20902e-09
7.13528e-10
3.53039e-10
1.05487e-09
6.13017e-10
1.59753e-10
5.20934e-34
9.55434e-10
1.45328e-09
1.23156e-09
-1.21424e-09
-6.27164e-10
-1.77184e-10
-5.3041e-34
-1.41324e-10
6.04563e-10
-1.92289e-09
-2.29275e-09
-1.97139e-09
-1.10867e-09
-1.8717e-09
1.97784e-09
1.21376e-09
1.02299e-09
2.80895e-10
5.11459e-34
2.39394e-09
1.59984e-09
2.04616e-09
-1.94627e-09
-2.85492e-10
-1.07385e-09
-5.20934e-34
-1.49363e-10
1.03096e-09
-3.02964e-09
-3.57104e-09
-3.05684e-09
-1.5101e-09
-2.84941e-09
2.87185e-09
5.01984e-34
2.1545e-09
1.65028e-09
4.61676e-10
3.27877e-09
3.81629e-09
2.57618e-09
-3.04808e-09
-1.70025e-09
-4.64706e-10
-5.11459e-34
-1.48673e-10
1.67263e-09
-4.67251e-09
-5.44875e-09
-4.65221e-09
-4.26402e-09
-2.04225e-09
4.51602e-09
4.92509e-34
7.3709e-10
3.41062e-09
2.5873e-09
5.91228e-09
5.09577e-09
4.01287e-09
4.83033e-34
-4.67225e-09
-2.63487e-09
-7.32414e-10
-5.01984e-34
-7.0493e-09
-1.34788e-10
2.61142e-09
-8.14592e-09
-6.94026e-09
-6.26128e-09
-2.97253e-09
6.91475e-09
1.73446e-09
1.14352e-09
3.95539e-09
5.25551e-09
8.91681e-09
7.70869e-09
6.06161e-09
4.73558e-34
-6.99871e-09
-4.00203e-09
-1.12472e-09
-4.92509e-34
-1.04127e-08
-1.01994e-10
3.9327e-09
-1.19049e-08
-1.01395e-08
-8.99972e-09
-4.2481e-09
2.56943e-09
1.03201e-08
6.14733e-09
7.38816e-09
1.12508e-08
1.13404e-08
1.30985e-08
8.91016e-09
4.64082e-34
-4.83033e-34
-1.02549e-08
-5.67864e-09
-1.72784e-09
-1.50137e-08
-1.69813e-08
5.60263e-48
-3.50533e-48
5.74621e-09
-3.85605e-11
-1.61834e-08
-1.2611e-08
-5.96321e-09
8.89222e-09
3.64558e-09
1.70086e-08
1.62255e-08
1.64767e-08
1.15595e-08
1.62201e-08
1.27013e-08
8.10753e-09
4.54605e-34
5.04292e-09
-4.73558e-34
-2.47973e-09
-1.46578e-08
-8.55783e-09
-2.35381e-08
-2.10947e-08
2.30829e-35
1.0141e-18
-2.31261e-35
1.3946e-10
-2.22325e-08
-1.71644e-08
-8.13226e-09
1.03246e-08
1.25155e-08
1.70816e-08
2.27642e-08
2.25e-08
2.89343e-08
2.37387e-08
2.11835e-08
1.75381e-08
4.45126e-34
6.83885e-09
2.23367e-08
-1.15975e-08
-4.64082e-34
-3.64935e-09
-2.14501e-08
-2.92253e-08
-2.86853e-08
4.08003e-35
-1.07739e-18
-4.08815e-35
3.38486e-10
-2.94651e-08
-2.24725e-08
-1.0738e-08
1.28335e-08
2.8966e-08
3.83868e-08
3.00456e-08
3.7997e-08
3.20742e-08
2.56674e-08
4.35645e-34
8.85066e-09
2.76353e-08
-1.58566e-08
-4.54605e-34
-4.98452e-09
-3.54634e-08
-2.86728e-08
-4.05673e-08
-3.71478e-08
5.99419e-35
9.12167e-18
-6.00623e-35
6.25121e-10
-2.80074e-08
-1.35214e-08
1.61923e-08
4.54551e-08
5.44424e-08
4.73848e-08
3.82382e-08
4.40712e-08
5.03102e-08
3.15955e-08
4.26159e-34
1.08723e-08
3.12675e-08
-4.45126e-34
-2.08777e-08
-6.85192e-09
-4.44662e-08
-3.65582e-08
-4.90313e-08
-4.36101e-08
-3.2311e-08
7.90834e-35
-5.50301e-17
-7.92431e-35
9.8225e-35
4.78462e-08
1.01872e-09
-1.58872e-08
1.89282e-08
5.40364e-08
5.54622e-08
4.55481e-08
3.5564e-08
-1.66166e-08
4.16666e-34
1.20277e-08
3.07605e-08
-8.70183e-09
-4.35644e-34
-2.61178e-08
-5.32564e-08
-5.19078e-08
-4.371e-08
-3.22589e-08
-4.56281e-08
-9.61677e-16
-9.8424e-35
1.17367e-34
4.16138e-08
3.69182e-08
1.57636e-09
1.94338e-08
5.06298e-08
4.84256e-08
3.49248e-08
-1.323e-08
4.07164e-34
2.17092e-08
1.13755e-08
-1.05709e-08
-4.26158e-34
-3.08018e-08
-4.64194e-08
-5.04486e-08
-5.21856e-08
-3.6216e-08
-2.25975e-08
-8.46355e-16
-1.17605e-34
1.36508e-34
6.04558e-09
-1.37445e-08
1.01901e-08
1.46393e-08
2.66181e-09
3.33585e-08
2.73506e-08
8.13416e-09
3.97643e-34
5.94838e-09
-6.70534e-09
-4.16666e-34
-1.17513e-08
-3.04212e-08
-3.92466e-08
-3.4122e-08
-3.01791e-08
-1.13121e-08
6.42584e-09
2.1888e-09
2.83669e-14
-1.36786e-34
1.5565e-34
3.88096e-34
3.78523e-34
3.75282e-09
-9.50834e-09
-5.35017e-08
-1.26332e-07
-4.45455e-08
-7.7495e-10
-1.85977e-08
-1.01656e-07
3.54652e-08
-7.14061e-09
-7.0494e-08
-4.07162e-34
-1.11113e-08
-1.07427e-08
-2.03357e-08
2.58331e-08
4.10305e-08
7.11226e-08
4.98129e-08
9.33812e-08
-1.50309e-13
-1.55966e-34
1.74791e-34
1.3852e-47
-1.04625e-47
-4.07109e-08
3.68897e-34
5.14828e-09
-2.26609e-07
-1.04747e-07
-3.47199e-07
-1.88876e-07
-6.18715e-08
-2.22809e-07
8.14373e-08
-4.57491e-07
-1.95281e-07
7.5574e-08
-3.97643e-34
1.35163e-08
-4.73763e-09
1.33412e-07
2.00093e-07
1.69107e-07
2.58762e-07
4.3243e-13
-1.75147e-34
1.93933e-34
2.31275e-35
-7.7395e-19
-2.30843e-35
-4.24617e-07
-9.44051e-08
3.59211e-34
-2.08587e-07
7.00004e-09
-7.47998e-07
-3.85125e-07
-5.74541e-07
-4.17511e-07
-1.68496e-07
1.69509e-07
-9.26464e-07
-1.30092e-06
-1.65842e-06
2.00882e-07
7.13482e-08
-3.88097e-34
9.57249e-09
3.03193e-07
4.34132e-07
3.52659e-07
4.76128e-07
-2.09885e-13
-1.94328e-34
2.13074e-34
4.08839e-35
-6.59789e-18
-4.08028e-35
6.00659e-35
-5.99454e-35
-8.22703e-07
3.49435e-34
-3.81171e-07
9.21887e-09
-9.57926e-07
-9.93767e-07
-8.2148e-07
-3.20576e-07
3.65568e-07
-1.90012e-06
-2.11903e-06
-2.62028e-06
4.10582e-07
7.57505e-07
-3.78517e-34
1.97592e-07
3.8162e-08
8.15005e-07
8.41678e-07
9.71428e-07
-2.13509e-34
1.63269e-13
2.32216e-34
-1.42373e-17
7.92478e-35
-7.90881e-35
-1.59074e-06
3.39574e-34
-7.01409e-07
1.15488e-08
-1.8363e-06
-1.49974e-06
-6.0467e-07
8.64593e-07
-3.21256e-06
-3.3243e-06
-4.52235e-06
-3.71127e-06
8.39032e-07
1.46032e-06
-3.68889e-34
9.89806e-08
3.94632e-07
1.52856e-06
1.52527e-06
1.81768e-06
-2.3269e-34
-1.1161e-11
2.51357e-34
3.98015e-16
9.84298e-35
-9.82308e-35
-1.17373e-34
-2.74368e-06
-5.59825e-06
3.19403e-34
3.29534e-34
-1.16958e-06
-3.59195e-34
1.56857e-08
-2.60507e-06
-1.07189e-06
1.3185e-06
-5.40819e-06
-7.53134e-06
-5.42579e-06
-5.25755e-06
2.63492e-06
1.57372e-06
1.94381e-07
8.28022e-07
2.70777e-06
2.63508e-06
3.2137e-06
-2.5187e-34
1.65257e-10
2.70462e-34
1.17612e-34
-2.72884e-15
-1.36516e-34
3.0943e-34
-1.21703e-05
-4.33099e-06
-8.44923e-06
-7.03817e-06
-3.21008e-06
-1.92761e-06
-3.49409e-34
3.73367e-07
1.93968e-08
-1.82262e-06
1.97255e-06
-2.99483e-06
-8.80497e-06
-8.92434e-06
-7.70284e-06
4.38895e-06
4.03808e-06
2.79113e-06
1.40107e-06
5.44129e-06
5.45554e-06
-2.70917e-34
-2.33103e-09
2.87738e-34
1.36794e-34
6.15263e-14
1.55976e-34
-1.55659e-34
-1.42682e-05
2.99206e-34
2.89352e-34
-4.9811e-06
-1.91841e-05
-1.25105e-05
-1.11518e-05
-1.81089e-05
-3.39507e-34
6.67882e-07
3.20669e-06
2.5623e-08
-4.31395e-06
-1.39449e-05
-1.10808e-05
7.08639e-06
6.77302e-06
4.74026e-06
7.92212e-06
2.59349e-06
8.85395e-06
8.95674e-06
-2.85903e-34
9.29426e-09
3.01752e-34
8.07721e-14
1.75158e-34
-1.74801e-34
-3.29547e-34
-2.5008e-05
-2.15401e-05
2.81429e-34
-7.57409e-06
-2.61543e-05
-2.94901e-05
-2.26208e-05
-3.43296e-05
4.10633e-06
1.15994e-06
6.17482e-06
3.11925e-08
-6.1235e-06
-1.69974e-05
1.39992e-05
8.59375e-06
1.1146e-05
1.22134e-05
8.46099e-06
1.43095e-05
-2.86604e-34
8.72214e-08
3.147e-34
2.75168e-34
-2.26972e-12
1.9434e-34
2.13521e-34
-2.13087e-34
-1.93944e-34
1.95446e-06
-3.19456e-34
-3.77676e-05
-3.24203e-05
-8.25858e-06
-1.90599e-05
-5.44449e-05
-4.77086e-05
-4.82522e-05
1.35354e-05
7.05006e-06
3.91015e-08
-9.35042e-06
-2.54399e-05
2.01184e-05
1.1773e-05
1.70763e-05
1.92141e-05
2.22776e-05
-2.79789e-34
4.61331e-07
3.29105e-34
2.74693e-34
-1.42092e-05
2.32704e-34
-2.32229e-34
-5.53094e-12
3.10186e-06
-3.09193e-34
-5.56172e-05
-4.76096e-05
-3.70372e-05
-7.74337e-05
-3.1333e-05
-4.38992e-05
-7.49151e-05
-6.48181e-05
-7.23705e-05
1.96372e-05
1.11487e-05
-2.18695e-05
4.21486e-08
-1.64994e-05
2.95218e-05
1.72955e-05
2.84341e-05
3.45709e-05
2.55206e-05
3.38265e-05
-2.88261e-34
3.44541e-34
8.36e-07
3.58688e-34
2.83824e-34
3.08789e-34
-4.56991e-05
-1.41106e-05
-2.51373e-34
2.51885e-34
1.47525e-10
-2.70477e-34
-2.99127e-34
4.8663e-06
-2.89458e-34
-6.80064e-05
-5.24902e-05
-0.00010984
-0.000113865
-6.83354e-05
-0.000101404
-9.453e-05
1.73036e-05
2.99959e-05
-2.84998e-05
2.41738e-08
2.85716e-05
4.4306e-05
5.01571e-05
4.60813e-05
4.20776e-05
-3.2752e-34
1.5716e-06
3.65539e-34
4.30585e-06
3.45003e-34
-1.34887e-05
-5.02581e-06
-0.000100404
-4.99448e-05
2.70932e-34
-3.32472e-11
-2.87754e-34
2.50753e-05
7.57089e-06
-2.81485e-34
-6.08813e-05
-9.24317e-05
-0.00013183
-0.00015241
-0.000141345
-0.000129481
4.77552e-05
-3.59858e-05
6.07523e-05
2.20789e-06
3.79662e-05
6.49194e-05
8.24749e-05
7.24475e-05
6.80803e-05
-0.000166959
-3.43648e-34
9.91618e-06
4.51035e-06
-3.54679e-05
-9.50022e-05
2.8592e-34
-2.21731e-10
-3.01781e-34
2.86635e-34
3.01701e-05
-2.75207e-34
8.29005e-06
1.9443e-05
-8.31044e-05
-0.000119416
-0.000174164
-0.000187829
-0.000174734
-0.000231083
6.44498e-05
8.32655e-05
-4.28098e-05
2.16766e-06
7.74178e-05
4.14058e-05
0.000100259
0.000102553
0.000103984
-0.000229447
-0.000170183
-3.03108e-34
-4.33407e-06
-7.98133e-05
-0.000263963
-8.6058e-08
-3.14686e-34
2.79804e-34
-2.74723e-34
5.22946e-05
1.41996e-05
3.4197e-05
-0.000116837
-0.000159877
-0.000216224
-0.000193764
-0.000249449
-4.73232e-05
9.76321e-05
0.000116331
-5.0085e-06
6.05424e-05
8.03933e-05
0.000133062
0.000148627
0.000133392
-0.000240757
-0.000188751
-1.7023e-34
-0.000265627
-0.000260976
-4.37133e-07
-3.29269e-34
2.88344e-34
-3.4445e-34
-2.83996e-34
-3.08798e-34
1.41449e-05
7.80017e-05
4.57572e-05
-0.000120797
-0.000176605
-0.00022346
-0.000227375
1.57442e-05
-4.81303e-05
0.000139276
0.000143566
7.2165e-05
0.000116856
0.000189697
0.000188371
-0.000192908
-0.000230755
8.62478e-35
-0.000223268
-0.000235026
-1.02434e-06
3.27449e-34
-3.00939e-06
-3.58279e-34
1.33887e-05
-3.66542e-34
5.11927e-06
-3.45294e-34
4.9832e-05
0.00012331
9.49764e-05
5.54634e-05
-0.000114063
-0.000176478
-0.000174028
-9.65328e-06
-6.92709e-05
0.000186443
0.000100779
0.000178914
0.00015266
0.000231026
0.000221832
-0.000148453
-0.000184538
9.70003e-35
-0.000205356
-0.000190091
3.44871e-34
-1.0638e-05
3.54573e-05
-4.62216e-06
9.51353e-05
0.000156388
3.22545e-05
9.69201e-05
-0.000112158
-0.000157682
-5.37915e-05
0.000213715
0.000252076
0.000157142
0.000206894
0.000258423
0.000238856
-0.000101928
-0.00013867
6.8099e-35
-0.000136227
-0.000126761
3.04902e-34
7.77294e-05
4.76729e-06
0.000170789
-0.000102082
6.50249e-06
7.14264e-05
0.00013274
-3.54802e-05
-9.87791e-05
-6.00766e-05
0.00024856
0.000268683
0.000205676
0.000255388
-9.73163e-05
-6.47415e-05
-7.38934e-05
2.94554e-35
-9.99474e-05
-8.60988e-05
1.74782e-34
0.000191188
-6.83019e-05
0.000157469
3.35088e-05
-2.04493e-05
9.43299e-05
-1.73247e-05
0.000236607
0.000234716
0.000205206
-5.54205e-05
-3.30686e-05
-5.31564e-05
-5.09233e-36
-6.70241e-05
-6.00658e-05
-8.68846e-35
0.000148418
-2.22037e-05
0.000160907
0.000110079
3.01313e-05
5.97999e-05
0.000192491
0.000195313
-1.90851e-05
-3.3177e-05
-3.72843e-05
-4.24734e-05
-2.90309e-05
-4.64103e-35
-2.69437e-05
-2.1582e-05
-9.69796e-35
0.000106108
3.54702e-05
0.000138295
8.58978e-05
0.000138484
-9.1777e-06
-1.83467e-05
-1.75203e-05
-1.78109e-05
-1.90104e-05
-1.32366e-05
-1.4181e-34
-9.39309e-35
-5.12503e-07
4.33645e-06
-6.81286e-35
6.11212e-05
8.88311e-05
3.48819e-05
6.03445e-05
8.62476e-05
-3.62732e-06
-8.77198e-06
-1.00946e-05
-6.16505e-06
-5.21335e-06
-4.19047e-06
-1.89921e-34
-2.38041e-34
-1.16082e-06
9.58401e-06
2.09111e-05
3.54619e-05
-2.87446e-35
5.52638e-05
5.93382e-05
4.83522e-05
-3.44857e-06
-4.41333e-06
3.72238e-06
-1.06744e-08
-2.16279e-06
-2.86496e-34
-3.20984e-07
-8.59927e-08
-1.22361e-06
1.90435e-05
3.14137e-05
5.62615e-36
2.03207e-05
3.31232e-05
3.73155e-05
1.04652e-05
-1.73974e-06
4.84274e-06
-3.034e-08
-8.84919e-07
-3.34966e-34
-1.77617e-08
-3.79218e-07
2.09845e-05
4.609e-35
9.18392e-06
1.83531e-05
7.95975e-06
4.15412e-06
-4.46329e-07
1.74536e-06
-6.98602e-08
-4.23696e-07
-3.8336e-34
3.20955e-08
-5.5063e-08
7.33755e-06
9.4245e-35
3.21726e-06
3.45071e-06
2.28953e-06
-1.30519e-07
-2.06197e-07
5.91933e-07
-1.36246e-07
-4.31536e-34
1.7395e-07
1.54175e-07
1.3234e-07
1.23358e-06
1.41792e-34
1.19484e-06
-4.79337e-34
4.9481e-07
-1.63607e-08
1.80295e-09
-2.33189e-07
-1.15673e-07
6.00191e-07
7.03579e-07
1.10523e-06
3.84226e-07
1.89805e-34
3.69125e-07
4.33844e-07
7.89448e-08
-6.18903e-34
1.52402e-06
-5.26706e-34
-5.73718e-34
1.56983e-08
-3.35895e-07
-3.76237e-07
-5.26559e-07
5.64277e-06
1.74894e-06
2.79309e-06
1.46259e-06
-4.66198e-07
2.38024e-34
-1.822e-08
-7.32596e-34
-6.76096e-34
1.67864e-05
8.42698e-06
4.18591e-06
8.91957e-06
-3.26664e-07
-1.24877e-06
-1.06478e-06
1.13058e-05
6.27584e-06
4.02391e-06
-8.67017e-07
-1.57195e-06
2.86406e-34
-7.75716e-08
-6.83728e-34
-9.29612e-34
8.78572e-05
7.68028e-05
4.63663e-05
3.52496e-05
2.47154e-05
-7.41929e-07
-2.47488e-06
-2.59268e-06
1.84149e-05
9.52144e-06
-1.27743e-06
-4.3845e-06
3.34863e-34
-2.29115e-07
1.22842e-34
0.00017965
0.000170141
0.000126583
7.02111e-05
3.19671e-05
-1.90703e-06
-5.97792e-06
1.98939e-05
-1.78783e-06
-9.1609e-06
3.8321e-34
-7.05019e-07
8.96457e-35
0.000144967
0.000167868
9.35351e-05
4.81744e-05
-4.59393e-06
-1.30366e-05
4.84465e-06
-1.23965e-05
-1.81859e-05
4.31363e-34
-1.61504e-06
1.20874e-34
0.000109888
9.6673e-05
0.000113378
2.14326e-05
-1.03924e-05
-2.67954e-05
-3.33521e-05
-3.54975e-05
4.79153e-34
-4.14375e-06
9.8339e-36
2.64995e-05
5.04683e-05
-4.11736e-05
-3.23703e-05
-8.78359e-05
-2.22258e-05
-5.28953e-05
-7.43145e-05
5.26258e-34
-9.11803e-06
-1.90688e-35
-4.78361e-05
-0.000108247
-0.00011066
-0.000139793
-3.47556e-05
-7.18391e-05
5.73193e-34
-8.70766e-06
-4.63318e-35
-0.000112005
-0.000170069
-0.000106762
-0.000157134
-4.78633e-05
6.2056e-34
-5.34117e-35
-0.000143427
-0.000165704
-7.69671e-05
6.76197e-34
-9.79505e-35
-0.000175348
-8.49238e-05
7.33721e-34
-1.25875e-34
9.26832e-34
6.83728e-34
