-2.28059e-37
1.38764e-37
4.42834e-37
-3.26615e-37
9.54579e-38
1.38615e-34
-1.04403e-36
2.86763e-37
-9.66506e-40
-2.11263e-37
-2.85887e-38
-2.94053e-37
-1.12591e-07
-7.80077e-07
-4.23619e-07
-2.30015e-37
-2.47515e-08
3.58401e-07
-1.38615e-34
-3.66099e-37
1.01195e-36
7.82491e-07
2.70941e-08
2.58557e-37
8.03328e-37
-2.08086e-37
-6.00593e-37
2.70522e-34
-5.73704e-07
-7.69626e-08
-5.4403e-07
-2.49072e-07
-2.32714e-07
-1.21192e-07
-6.14314e-07
-5.96577e-07
1.33214e-10
5.59757e-07
1.69466e-07
-2.70541e-34
4.46863e-07
6.85788e-07
4.71771e-07
6.05274e-07
1.60796e-07
-9.8007e-09
4.5111e-07
5.45933e-07
5.1016e-08
2.70087e-34
-6.69371e-07
-6.76025e-07
-3.9607e-07
-4.64158e-07
-2.87966e-07
-1.78136e-07
-7.56438e-07
-6.28846e-07
1.57302e-07
3.39765e-07
-2.69898e-34
7.9104e-07
6.16994e-07
6.43478e-07
5.75556e-07
5.03568e-07
1.00439e-07
5.37116e-07
5.82428e-07
-7.50277e-07
-1.35031e-07
2.67731e-34
-6.19976e-07
-6.07429e-07
-3.0383e-07
4.75659e-07
-4.90285e-07
-2.84144e-07
2.04113e-08
-6.88812e-07
-5.98344e-07
1.8703e-07
-2.67826e-34
6.83018e-07
7.39684e-07
6.94757e-07
6.15884e-07
5.15315e-07
2.67902e-07
6.59858e-08
4.34083e-07
5.52621e-07
2.66133e-34
-6.23998e-07
-5.13691e-07
-8.48535e-08
-4.65729e-07
-3.74014e-07
-4.55412e-08
3.16233e-07
4.02051e-07
-4.11882e-07
-2.11934e-07
-6.10712e-08
-5.9813e-07
-5.03654e-07
1.09801e-07
-2.66118e-34
6.38402e-07
6.31285e-07
6.04121e-07
5.17149e-07
2.04377e-07
4.74275e-08
3.50556e-07
4.62276e-07
2.64427e-34
-5.20657e-07
-3.57439e-07
-1.5682e-07
-2.88058e-07
-3.59689e-08
2.37892e-07
3.60884e-07
-3.1439e-07
-1.28778e-07
-4.73564e-07
-3.55687e-07
3.93334e-08
1.69471e-07
5.7788e-08
-2.6444e-34
5.1253e-07
5.31178e-07
4.87778e-07
1.5889e-07
3.56485e-08
2.91463e-07
3.69129e-07
-4.24202e-07
2.62758e-34
-3.65043e-07
-2.80909e-07
-2.20279e-07
-1.4749e-07
-2.03021e-08
3.7475e-07
2.74845e-07
2.49175e-07
-1.54311e-07
-3.53651e-07
-2.45535e-07
-6.42683e-08
1.57963e-07
6.72171e-08
-2.62761e-34
3.54879e-07
4.30385e-07
1.49861e-07
5.75226e-08
2.28094e-07
2.91865e-07
-2.41581e-07
-2.91724e-07
2.611e-34
-2.65083e-07
-2.16055e-07
-1.63702e-07
-1.12007e-07
-7.05162e-08
-1.52079e-08
2.76015e-07
2.17065e-07
1.60567e-07
-1.53386e-07
-2.13544e-07
-1.58267e-07
-6.94264e-08
-2.36584e-09
8.73701e-08
-2.61104e-34
1.54783e-08
2.74424e-07
2.98283e-07
4.52909e-08
1.17547e-07
1.71504e-07
2.26674e-07
-2.02981e-07
-2.02853e-07
2.59445e-34
-1.6284e-07
-1.19578e-07
-5.15689e-08
-8.38418e-09
-1.34415e-07
1.96865e-07
2.09318e-07
1.50409e-07
1.36488e-07
9.55981e-08
-9.49869e-08
-1.07523e-07
-2.67297e-08
4.50545e-08
-2.59446e-34
9.32158e-09
4.89237e-08
2.16169e-07
1.08094e-07
1.6348e-07
1.52761e-07
-1.3845e-07
-1.20214e-07
2.57792e-34
-8.57227e-08
-4.55378e-08
-1.28148e-08
-9.25084e-08
-9.01002e-08
-7.16215e-08
1.55186e-07
1.17856e-07
1.20221e-07
9.82346e-08
9.99327e-08
5.17829e-08
-4.7709e-08
-1.76545e-10
-2.57792e-34
1.40753e-08
4.91609e-08
1.30004e-07
9.21129e-08
9.74549e-08
-7.9655e-08
-5.61337e-08
2.5614e-34
-2.93757e-08
-8.21903e-09
-5.99591e-08
-5.84318e-08
-3.19179e-08
-4.57945e-08
9.01161e-08
9.67608e-08
8.97959e-08
6.96308e-08
3.92608e-08
3.43143e-09
-2.5614e-34
9.60699e-09
3.4607e-08
6.70088e-08
7.23203e-08
6.28618e-08
-3.75719e-08
-5.1327e-08
-3.20354e-08
-3.57847e-08
2.54489e-34
-1.84457e-08
-5.06479e-09
-3.91544e-08
-3.62764e-08
-2.89476e-08
-1.68331e-08
7.00094e-08
6.95516e-08
7.1976e-08
5.30171e-08
3.04124e-08
5.73491e-09
5.04067e-08
-2.54488e-34
6.16389e-09
2.20546e-08
4.25049e-08
4.13356e-08
2.82148e-08
-2.59408e-08
-2.2108e-08
-2.14728e-08
-1.12602e-08
2.52837e-34
-2.95711e-09
-2.56894e-08
-1.97529e-08
-8.45829e-09
6.62869e-09
3.76251e-08
5.30624e-08
4.86865e-08
3.80113e-08
2.30809e-08
4.08639e-08
2.99183e-08
-2.52836e-34
3.98186e-09
1.44618e-08
1.97521e-08
9.76901e-09
-1.85682e-08
-1.72462e-08
-1.42922e-08
-1.30205e-08
-6.9704e-09
2.51185e-34
-1.77278e-09
-1.59024e-08
-9.1205e-09
1.8644e-08
9.5482e-10
9.74737e-09
2.78901e-08
3.12924e-08
3.52118e-08
2.74769e-08
3.05769e-08
2.14554e-08
-2.51184e-34
2.58384e-09
1.36717e-08
6.49789e-09
1.80667e-08
-1.20813e-08
-1.286e-08
-1.09595e-08
-7.40327e-09
-3.61636e-09
2.49533e-34
-9.24663e-10
-8.23837e-09
-1.68901e-09
1.50169e-08
6.54567e-09
2.25916e-08
2.10148e-08
2.09403e-08
2.21431e-08
-2.49531e-34
1.28823e-08
1.63975e-09
7.31626e-09
2.76147e-09
1.15338e-08
1.46822e-08
-3.49549e-09
-6.05212e-09
-6.72551e-09
-5.77407e-09
-3.85688e-09
-1.82345e-09
-4.33162e-10
2.4788e-34
7.24292e-10
5.94738e-09
1.12457e-08
-7.56205e-10
1.62023e-08
1.57495e-08
1.34557e-08
-2.47879e-34
7.51922e-09
9.36367e-10
3.65649e-09
5.04198e-09
8.05549e-09
1.06501e-08
-2.45308e-09
-2.66411e-09
-3.0343e-09
-1.74387e-09
-7.77428e-10
-1.52004e-10
2.46227e-34
-8.85672e-10
6.90863e-10
1.92165e-09
5.16813e-09
8.38682e-09
2.3608e-09
1.14089e-08
1.01443e-08
1.14424e-08
-2.46226e-34
2.34428e-09
5.71922e-10
6.80349e-09
1.38836e-09
3.07342e-09
5.03183e-09
-4.31623e-10
-9.24365e-10
-5.49795e-10
-1.93864e-10
-1.84994e-11
2.44574e-34
1.86988e-10
5.447e-11
1.33564e-09
2.35601e-09
4.32124e-09
6.20711e-09
3.50069e-09
7.9704e-09
7.62608e-09
8.26545e-09
-2.44573e-34
3.22084e-10
8.41222e-10
4.84148e-09
1.98439e-09
3.42066e-09
5.94676e-10
7.18042e-11
9.80309e-11
5.45516e-11
2.4292e-34
6.00456e-10
4.25792e-10
1.50024e-09
2.17809e-09
2.9256e-09
5.28087e-09
4.55535e-09
5.14942e-09
5.50159e-09
3.36988e-09
-2.4292e-34
1.82006e-10
3.12433e-10
9.34683e-10
2.66106e-09
1.90153e-09
1.02007e-09
3.24122e-10
2.11879e-10
7.88208e-11
2.41267e-34
4.86855e-10
7.97762e-10
1.47382e-09
6.29276e-10
1.92493e-09
3.30488e-09
2.40527e-09
3.62468e-09
3.27737e-09
3.6248e-09
2.31412e-09
1.58312e-09
-2.41266e-34
8.23563e-11
3.97924e-10
9.5047e-10
1.63867e-09
1.08955e-09
4.37679e-10
2.49075e-10
7.92845e-11
2.39613e-34
8.48199e-10
1.35607e-09
8.12053e-10
6.17418e-10
1.1194e-09
1.62332e-09
1.84332e-09
2.36438e-09
2.45919e-09
2.04602e-09
2.35367e-09
1.05272e-09
1.05955e-09
-2.39613e-34
3.43226e-11
2.09665e-10
5.64366e-10
9.00708e-10
4.21474e-10
2.3024e-10
7.09834e-11
2.3796e-34
1.32577e-09
7.30103e-10
5.5284e-10
1.0638e-09
1.21334e-09
1.32963e-09
1.65923e-09
1.63912e-09
1.4972e-09
1.243e-09
6.52198e-10
6.79162e-10
-2.37959e-34
5.86322e-12
7.43802e-11
2.43367e-10
7.10193e-10
8.36979e-10
3.70645e-10
1.96062e-10
5.76142e-11
2.36306e-34
4.07593e-10
5.65328e-10
9.40074e-10
1.01006e-09
1.13554e-09
1.06489e-09
9.22637e-10
7.22176e-10
4.13143e-10
2.29649e-10
-2.36306e-34
-8.14362e-12
9.47951e-12
8.9491e-11
5.48014e-10
6.54247e-10
7.33497e-10
2.8222e-10
1.5261e-10
4.34162e-11
2.34653e-34
4.2096e-10
7.79969e-10
7.87081e-10
1.01377e-10
2.34448e-10
7.49157e-10
6.6472e-10
5.39951e-10
3.88348e-10
1.31239e-11
-2.34652e-34
-1.44681e-11
-2.15607e-11
-3.72561e-11
4.77165e-10
4.04698e-10
5.37287e-10
5.22515e-10
3.11681e-10
2.07527e-10
3.02175e-11
1.0724e-10
2.32999e-34
2.15784e-10
5.19169e-10
3.45879e-10
4.6825e-10
1.75217e-12
7.71938e-11
3.88048e-10
2.86846e-10
1.7771e-10
-2.32999e-34
-3.8583e-11
-1.63437e-11
-6.15258e-11
-5.239e-11
2.79414e-10
3.47472e-10
3.48376e-10
1.42764e-10
7.27543e-11
2.00204e-11
2.31345e-34
2.02158e-10
1.52635e-10
3.17962e-10
2.00596e-10
1.70946e-10
2.67249e-10
-1.46715e-11
4.68527e-11
1.99154e-10
1.22065e-10
-4.4845e-11
-2.31345e-34
-1.64382e-11
-4.4951e-11
-7.06092e-11
-7.90997e-11
2.38964e-10
2.11906e-10
9.7935e-11
4.7948e-11
1.26407e-11
2.29692e-34
1.58263e-10
9.18422e-11
1.29385e-10
1.2645e-10
1.09669e-10
3.06039e-11
9.44122e-11
6.69057e-11
7.27026e-11
-6.57203e-11
-3.1689e-11
1.7163e-11
-1.52843e-11
-2.29691e-34
-8.94357e-11
-4.27037e-11
-7.11756e-11
1.11293e-10
6.44175e-12
5.09182e-11
2.50309e-11
2.28038e-34
9.97191e-11
7.80048e-11
-9.47429e-12
-6.03616e-11
3.65779e-11
2.01006e-11
-3.19761e-11
-3.76332e-12
-4.72233e-11
-9.14011e-11
-7.63246e-11
-2.28038e-34
-1.35293e-11
-9.0318e-11
-6.73802e-11
-3.81803e-11
4.40904e-11
2.58007e-12
3.44396e-11
2.22962e-11
1.04914e-11
2.26384e-34
4.27741e-11
-8.4223e-11
-7.03287e-11
-8.93711e-11
-2.07001e-12
-1.3031e-11
-2.92487e-11
-4.91594e-11
-9.90513e-11
-1.01485e-10
-1.02208e-10
-2.26384e-34
-1.16405e-11
-8.59343e-11
-6.14293e-11
-3.35784e-11
3.42629e-12
4.38987e-12
-2.37173e-13
2.72199e-12
6.44981e-13
2.24731e-34
-1.02892e-10
-7.89117e-11
-9.40982e-11
-1.05123e-10
-3.17692e-11
-4.44287e-11
-5.96347e-11
-1.07784e-10
-9.90365e-11
-2.24731e-34
-1.01099e-11
-8.04705e-11
-5.57365e-11
-2.95973e-11
-2.20656e-11
-1.50434e-11
-1.85436e-12
-5.53743e-12
-9.84581e-12
2.23077e-34
-1.09475e-10
-8.42385e-11
-9.66646e-11
-1.0579e-10
-1.0962e-10
-3.70878e-11
-4.90768e-11
-6.22893e-11
-7.60034e-11
-2.23077e-34
-1.06503e-10
-9.37139e-11
-7.99785e-11
-8.56767e-12
-1.63825e-11
-6.3137e-11
-3.87222e-11
-2.64853e-11
-1.71505e-11
-2.76491e-12
-9.04854e-12
2.21423e-34
-9.63578e-11
-1.04385e-10
-1.07717e-10
-1.05001e-10
-3.21707e-11
-4.45349e-11
-9.31292e-11
-5.74252e-11
-7.03796e-11
-8.26068e-11
-2.21423e-34
-9.80383e-11
-8.71961e-11
-6.87462e-11
-7.11445e-12
-2.45641e-11
-4.67065e-11
-2.07062e-11
-1.06856e-11
2.1977e-34
-3.11978e-12
-1.00676e-10
-1.0398e-10
-1.01952e-10
-9.39995e-11
-4.67456e-11
-3.38895e-11
-9.60253e-11
-5.95829e-11
-9.09056e-11
-7.17617e-11
-8.24996e-11
-2.1977e-34
-8.02882e-11
-6.196e-11
-4.1191e-11
-6.05065e-12
-2.12105e-11
-2.17051e-11
-1.10441e-11
-3.1832e-12
2.18116e-34
-3.33555e-11
-9.69627e-11
-9.308e-11
-8.41235e-11
-7.06062e-11
-4.60796e-11
-8.82095e-11
-8.48108e-11
-5.76614e-11
-7.80909e-11
-6.87925e-11
-2.18116e-34
-5.35913e-11
-3.51256e-11
-4.97322e-12
-1.78359e-11
-2.12317e-11
-1.06731e-11
-3.01927e-12
2.16463e-34
-3.8262e-11
-2.61753e-11
-8.76799e-11
-8.28711e-11
-7.38094e-11
-6.10777e-11
-4.2151e-11
-7.7393e-11
-7.87558e-11
-7.65481e-11
-5.32814e-11
-6.32052e-11
-7.11733e-11
-2.16463e-34
-4.57554e-11
-2.9627e-11
-4.16531e-12
-1.48788e-11
-1.94011e-11
-9.69395e-12
2.14809e-34
-2.70701e-12
-3.0558e-11
-7.22988e-11
-6.36804e-11
-5.20833e-11
-3.76862e-11
-6.19952e-11
-4.75926e-11
-6.69582e-11
-6.87245e-11
-6.73247e-11
-5.6259e-11
-6.30227e-11
-2.14809e-34
-3.40873e-12
-3.86198e-11
-2.47517e-11
-1.23181e-11
-2.72826e-11
-1.72442e-11
-2.37725e-12
-8.55328e-12
2.13155e-34
-5.40976e-11
-4.38623e-11
-3.22353e-11
-2.36752e-11
-3.27698e-11
-5.2349e-11
-5.69394e-11
-4.13851e-11
-5.88242e-11
-5.7961e-11
-5.45152e-11
-4.88311e-11
-2.13155e-34
-2.74674e-12
-2.04814e-11
-1.01249e-11
-1.48983e-11
-7.3508e-12
-2.01273e-12
2.11502e-34
-4.53456e-11
-3.64909e-11
-2.6617e-11
-1.74732e-11
-2.56341e-11
-4.51274e-11
-3.3643e-11
-4.95504e-11
-5.1644e-11
-4.08009e-11
-5.16634e-11
-5.03297e-11
-4.65201e-11
-2.11502e-34
-2.20994e-12
-1.67839e-11
-8.05499e-12
-1.22195e-11
-6.04748e-12
-1.69693e-12
2.09848e-34
-3.86956e-11
-3.0009e-11
-2.17464e-11
-1.93316e-11
-2.65908e-11
-3.85559e-11
-4.27325e-11
-3.33061e-11
-4.49263e-11
-3.88988e-11
-4.4971e-11
-4.29006e-11
-2.09848e-34
-1.79785e-12
-1.36196e-11
-6.64005e-12
-1.04059e-11
-5.07181e-12
2.08194e-34
-1.37194e-12
-3.27333e-11
-2.57894e-11
-1.83976e-11
-3.14178e-11
-1.66762e-11
-2.32046e-11
-3.49904e-11
-3.69413e-11
-2.84938e-11
-3.71136e-11
-3.34256e-11
-3.69934e-11
-2.08194e-34
-1.42119e-12
-5.42565e-12
-1.13389e-11
-7.03905e-12
-1.361e-11
-8.45544e-12
-1.10261e-12
-4.09402e-12
2.06541e-34
-2.65338e-11
-2.07868e-11
-1.47396e-11
-2.5085e-11
-2.86934e-11
-1.89979e-11
-3.10037e-11
-3.18235e-11
-2.40849e-11
-3.15869e-11
-2.84114e-11
-2.06541e-34
-1.10016e-12
-4.07404e-12
-8.38315e-12
-1.09248e-11
-6.75471e-12
-3.25451e-12
-8.61605e-13
2.04887e-34
-2.05023e-11
-1.53842e-11
-1.10963e-11
-1.97574e-11
-2.32566e-11
-2.57393e-11
-1.52986e-11
-2.6989e-11
-2.69106e-11
-1.94365e-11
-2.55159e-11
-2.29518e-11
-2.04887e-34
-8.68154e-13
-3.26675e-12
-6.83594e-12
-8.6271e-12
-5.30719e-12
-2.54256e-12
-6.78437e-13
2.03233e-34
-1.55665e-11
-1.95094e-12
-8.66045e-12
-1.22056e-11
-1.55575e-11
-1.83787e-11
-2.04e-11
-2.14379e-11
-1.21252e-11
-2.1405e-11
-2.03108e-11
-1.54433e-11
-1.82606e-11
-2.51582e-12
-2.03233e-34
-6.65164e-13
-5.3025e-12
-9.45754e-12
-4.09975e-12
-6.70259e-12
2.0158e-34
-5.09898e-13
-1.51375e-12
-3.256e-12
-5.96219e-12
-8.93708e-12
-1.1882e-11
-1.44864e-11
-1.64922e-11
-1.77122e-11
-1.80412e-11
-1.20813e-11
-1.7658e-11
-1.67862e-11
-1.49845e-11
-2.0158e-34
-1.97159e-12
-5.05801e-13
-9.59589e-13
-3.88525e-12
-7.79345e-12
-5.42687e-12
1.99926e-34
-3.87397e-13
-7.30646e-13
-1.94265e-12
-3.56604e-12
-6.30006e-12
-8.80862e-12
-1.11319e-11
-1.30295e-11
-1.43181e-11
-1.48822e-11
-9.70376e-12
-1.46797e-11
-1.21694e-11
-1.37427e-11
-1.99926e-34
-1.38766e-12
-3.61958e-13
-2.92161e-12
-5.90302e-12
-3.60394e-12
-2.73012e-13
1.98273e-34
-1.04758e-12
-2.2087e-12
-4.76262e-12
-6.68914e-12
-8.48326e-12
-9.95549e-12
-1.13996e-11
-1.09587e-11
-9.29037e-12
-5.62967e-12
-7.70042e-12
-1.12436e-11
-1.05136e-11
-1.98273e-34
-1.05032e-12
-2.70253e-13
-2.26661e-12
-4.04098e-12
-2.81937e-12
-1.6895e-12
-1.98241e-13
1.96619e-34
-7.81631e-13
-3.77302e-12
-9.19801e-12
-5.40366e-12
-6.66295e-12
-7.8972e-12
-8.77117e-12
-7.52903e-12
-5.22396e-12
-8.27957e-12
-8.59802e-12
-1.96619e-34
-7.52155e-13
-1.88094e-13
-1.64365e-12
-2.91776e-12
-2.01977e-12
-1.19837e-12
-5.47635e-13
-1.35619e-13
1.94965e-34
-6.59128e-12
-1.51965e-12
-2.75918e-12
-7.34219e-12
-6.94007e-12
-1.79484e-12
-3.97768e-12
-5.16341e-12
-6.18735e-12
-3.79186e-12
-5.11993e-12
-5.82889e-12
-6.25363e-12
-1.94965e-34
-1.28154e-13
-5.04082e-13
-1.09563e-12
-2.25454e-12
-8.74345e-13
-3.85576e-13
-9.21271e-14
1.93312e-34
-9.30409e-13
-1.4795e-12
-2.75947e-12
-5.76389e-12
-5.331e-12
-1.82859e-12
-3.74198e-12
-4.63184e-12
-3.67202e-12
-2.68011e-12
-4.51525e-12
-4.19759e-12
-4.58797e-12
-1.93312e-34
-7.93004e-13
-8.49439e-14
-3.52666e-13
-1.38461e-12
-2.349e-13
-5.38444e-13
1.91658e-34
-5.57415e-14
-9.36296e-13
-3.07705e-12
-2.61428e-12
-4.40277e-12
-3.9781e-12
-5.88462e-13
-3.23171e-12
-1.82877e-12
-1.36412e-12
-3.3587e-12
-2.21627e-12
-3.16247e-12
-2.50216e-12
-2.91718e-12
-9.9199e-13
-1.18927e-12
-1.91658e-34
-5.34393e-14
-5.54874e-13
-2.35579e-13
-8.88177e-13
-3.29123e-13
-1.46594e-13
-5.09371e-14
1.90004e-34
-3.18553e-14
-2.00264e-12
-3.38588e-12
-2.95579e-12
-5.37154e-13
-3.27492e-13
-2.40283e-12
-1.4554e-12
-1.50408e-12
-2.03516e-12
-2.52573e-12
-1.65181e-12
-2.3013e-12
-1.75416e-12
-2.07056e-12
-5.78354e-13
-9.46308e-13
-7.18595e-13
-1.90004e-34
-2.85459e-14
-1.2943e-13
-3.13041e-13
-4.46967e-13
-1.58215e-13
-6.25039e-14
-1.17934e-14
1.88351e-34
-2.92392e-13
-1.74925e-12
-8.9291e-13
-1.34933e-12
-1.73972e-12
-1.02258e-12
-1.63781e-12
-7.19444e-14
-1.56049e-13
-1.22541e-12
-8.42465e-13
-1.43415e-12
-8.62485e-13
-3.19833e-13
-5.66852e-13
-3.79992e-13
-4.86391e-13
-1.10612e-14
-1.88351e-34
-6.25524e-14
-1.66662e-13
-2.64449e-13
-8.18176e-16
-2.02422e-14
1.86697e-34
-1.16431e-12
-5.67073e-13
-1.12807e-12
-9.67983e-15
-5.49012e-14
-8.14077e-13
-5.17225e-13
-1.52493e-13
-6.99994e-13
-8.77132e-13
-2.71428e-13
-5.05932e-13
-2.00949e-13
-1.43159e-13
-2.45559e-13
-1.86697e-34
-1.84386e-16
-1.23649e-14
-5.11816e-14
-8.40963e-14
6.46365e-15
8.85742e-15
1.85044e-34
-7.31823e-13
8.96639e-15
2.69882e-14
1.90412e-14
-2.69439e-13
-4.30475e-13
-4.75274e-13
-1.16033e-13
-3.66752e-13
-1.98197e-13
-7.47744e-15
1.59513e-14
-2.68657e-14
-1.85044e-34
7.87959e-15
1.33754e-14
1.67354e-14
5.95016e-14
1.14016e-14
3.29851e-14
1.8339e-34
-4.10786e-13
6.0135e-14
5.10821e-14
-1.46074e-13
-3.75222e-14
-1.38129e-13
-1.92848e-13
-6.12132e-15
-1.34321e-13
-3.90804e-14
1.11066e-13
1.17157e-13
1.14948e-13
1.17208e-13
1.13422e-13
-1.8339e-34
1.18603e-14
4.91929e-14
3.3101e-14
9.67468e-14
1.37406e-14
4.25457e-14
1.81736e-34
7.28303e-14
1.00731e-14
1.14232e-13
1.23446e-13
1.01211e-15
-1.92919e-15
5.23855e-14
2.20008e-14
4.2083e-14
1.69191e-13
1.53782e-13
1.80635e-13
1.87329e-13
1.86005e-13
1.85915e-13
-1.81736e-34
1.4099e-14
7.52025e-14
4.42942e-14
8.65386e-14
4.75491e-14
1.45116e-14
1.80083e-34
1.17364e-13
1.83247e-13
1.69977e-13
1.3304e-13
1.20845e-13
1.21329e-13
9.99485e-14
1.15221e-13
2.1856e-13
1.98646e-13
2.29988e-13
2.34173e-13
2.32116e-13
1.25558e-13
-1.80083e-34
1.47848e-14
8.79684e-14
4.81559e-14
9.07396e-14
4.83407e-14
1.43101e-14
1.78429e-34
1.78129e-13
2.24329e-13
1.94119e-13
1.56851e-13
1.13357e-13
2.10693e-13
1.79067e-13
1.56324e-13
1.35636e-13
2.13396e-13
2.36096e-13
2.54384e-13
2.64191e-13
2.57635e-13
2.65484e-13
9.18258e-14
-1.78429e-34
1.44047e-14
4.87355e-14
8.91655e-14
4.63199e-14
1.76775e-34
1.33664e-14
2.3978e-13
1.74925e-13
1.76068e-13
1.33513e-13
2.20299e-13
1.99891e-13
2.40437e-13
1.35968e-13
1.78452e-13
2.41933e-13
2.07875e-13
2.57618e-13
2.67903e-13
2.53634e-13
2.73101e-13
2.68345e-13
-1.76775e-34
9.03034e-14
1.35184e-14
4.6898e-14
8.3502e-14
4.26921e-14
1.22189e-14
1.75122e-34
1.70387e-13
1.27767e-13
1.30108e-13
2.29262e-13
2.13792e-13
1.73654e-13
1.57573e-13
2.37556e-13
1.93751e-13
2.58078e-13
2.6859e-13
2.38108e-13
2.58466e-13
2.68727e-13
7.56054e-14
-1.75122e-34
1.22791e-14
8.48672e-14
4.32952e-14
3.82663e-14
1.07586e-14
1.73468e-34
1.16968e-13
1.45703e-13
1.02183e-13
2.08439e-13
1.57919e-13
1.04123e-13
1.41303e-13
1.74883e-13
2.2323e-13
2.22891e-13
2.02166e-13
2.43226e-13
2.53689e-13
2.43451e-13
2.53769e-13
6.67148e-14
-1.73468e-34
1.07713e-14
3.83028e-14
7.57538e-14
3.34422e-14
9.31197e-15
1.71815e-34
1.17225e-13
1.94088e-13
1.04251e-13
1.41505e-13
1.75081e-13
9.06019e-14
1.23705e-13
1.57235e-13
1.77348e-13
2.02353e-13
2.21344e-13
1.93608e-13
2.31244e-13
2.3129e-13
2.21477e-13
5.76224e-14
-1.71815e-34
9.28451e-15
3.34761e-14
6.67892e-14
2.86574e-14
1.70161e-34
7.91653e-15
7.87238e-14
1.1365e-13
8.00219e-14
1.46688e-13
1.74959e-13
1.10668e-13
1.39215e-13
1.63215e-13
1.96334e-13
2.07948e-13
1.80821e-13
2.13333e-13
2.0939e-13
5.02072e-14
-1.70161e-34
7.85316e-15
2.81737e-14
5.62375e-14
2.45888e-14
1.68507e-34
6.69085e-15
8.77829e-14
1.191e-13
5.84014e-14
8.58975e-14
1.47169e-13
1.69691e-13
1.1271e-13
1.36392e-13
1.54964e-13
1.85019e-13
1.66995e-13
1.90701e-13
1.92165e-13
4.07307e-14
-1.68507e-34
6.6482e-15
2.41314e-14
4.88765e-14
1.99829e-14
1.66854e-34
5.45142e-15
7.7291e-14
1.06121e-13
6.47565e-14
8.93122e-14
1.29223e-13
1.45513e-13
1.11969e-13
1.30741e-13
1.44108e-13
1.51055e-13
1.58818e-13
1.64975e-13
3.33966e-14
5.33412e-14
-1.66854e-34
5.46754e-15
1.99767e-14
4.07337e-14
6.47519e-14
1.62836e-14
1.652e-34
4.43274e-15
8.93285e-14
1.38818e-13
5.56333e-14
4.51941e-14
7.38653e-14
9.57915e-14
1.11959e-13
1.1664e-13
1.29944e-13
1.24948e-13
1.1265e-13
1.31693e-13
1.37591e-13
2.78701e-14
6.34647e-14
-1.652e-34
4.46158e-15
1.66603e-14
3.44832e-14
7.77763e-14
1.33835e-14
1.63546e-34
3.55377e-15
6.81796e-15
5.87048e-14
3.95274e-14
3.59693e-14
5.07332e-14
8.08784e-14
9.58496e-14
8.72374e-14
1.01107e-13
1.10528e-13
1.13559e-13
1.07051e-13
1.14752e-13
2.2069e-14
6.4898e-14
3.51113e-15
-1.63546e-34
1.30583e-14
2.68797e-14
5.99519e-14
9.99442e-15
2.70538e-15
1.61893e-34
4.31408e-14
2.47719e-14
3.70949e-14
4.94145e-14
7.7147e-14
8.6379e-14
7.30511e-14
8.23862e-14
8.97417e-14
9.60895e-14
9.1799e-14
6.4693e-14
1.62907e-14
4.66208e-14
2.73585e-15
-1.61893e-34
1.02643e-14
3.41638e-14
2.12137e-14
4.76207e-14
7.85606e-15
2.10035e-15
1.60239e-34
2.63291e-14
3.67953e-14
7.08916e-14
7.53513e-14
6.02152e-14
7.07685e-14
7.83484e-14
6.07906e-14
8.22974e-14
1.26487e-14
4.57467e-14
2.0823e-14
3.63706e-14
2.96367e-14
-1.60239e-34
2.08794e-15
2.63069e-14
7.84619e-15
1.62852e-14
3.67663e-14
5.97209e-15
1.56073e-15
1.58585e-34
6.38997e-14
4.65909e-14
2.71971e-14
1.45704e-14
5.48399e-14
6.07838e-14
4.82975e-14
5.11975e-14
6.38659e-14
8.7934e-15
3.25524e-14
2.70531e-14
2.08639e-14
-1.58585e-34
1.51576e-15
5.74757e-15
1.9417e-14
1.19917e-14
3.45231e-14
4.12653e-15
1.06994e-15
1.56932e-34
4.06871e-14
1.86601e-14
1.33037e-14
1.33359e-14
8.79819e-15
4.51346e-14
3.6836e-14
3.95016e-14
4.0274e-14
2.57184e-14
4.80518e-15
2.2225e-14
1.79652e-14
-1.56932e-34
1.0479e-15
3.92061e-15
8.20207e-15
2.37152e-14
2.30344e-15
1.55278e-34
6.12961e-16
2.79795e-14
8.05588e-15
1.55766e-14
1.18846e-14
1.09327e-14
7.79844e-15
3.10537e-14
2.81116e-14
2.91777e-14
1.81536e-14
1.6371e-14
1.63122e-14
2.10387e-15
3.6682e-15
1.38883e-14
-1.55278e-34
6.22478e-16
2.12035e-15
4.2515e-15
1.08276e-14
9.33829e-16
1.53625e-34
2.13054e-16
6.62504e-15
8.9061e-15
5.50561e-15
1.81119e-14
1.90621e-14
1.90778e-14
7.34349e-15
9.12728e-15
8.44402e-15
1.60819e-15
5.25652e-15
-2.51398e-17
1.44964e-16
-1.40605e-16
4.5506e-15
-1.53625e-34
1.76324e-16
5.90371e-16
1.05491e-15
1.54874e-15
-8.82151e-16
-2.06021e-16
1.51971e-34
1.42668e-15
-1.0927e-15
5.83957e-15
9.5802e-15
-2.64075e-15
-1.51145e-15
-5.04571e-16
-1.08558e-15
-3.73372e-15
-5.63979e-15
-6.25945e-15
-3.61685e-15
-2.03243e-15
-5.51527e-15
-7.56737e-15
-1.51971e-34
-1.96783e-16
-7.58267e-16
-1.60583e-15
-1.12128e-14
-2.26233e-15
-5.94932e-16
1.50317e-34
1.41475e-16
-7.00862e-15
-4.54825e-15
-9.57609e-15
-1.33805e-14
-1.26566e-14
-1.13386e-14
-1.32328e-14
-1.68444e-14
-1.86957e-14
-7.79387e-15
-4.764e-15
-1.1005e-14
-1.56142e-14
-1.50317e-34
-6.31571e-16
-5.40595e-15
-2.49104e-15
-2.44312e-14
-7.66738e-15
-3.7437e-15
-1.00949e-15
1.48664e-34
-9.11766e-15
-1.92041e-14
-1.88084e-14
-2.12896e-14
-2.33379e-14
-2.26189e-14
-1.36747e-14
-2.8828e-14
-3.19796e-14
-3.35935e-14
-1.28203e-14
-1.22146e-14
-1.8941e-14
-2.41672e-14
-1.48664e-34
-1.08223e-15
-8.9879e-15
-4.20156e-15
-3.56659e-14
-4.20343e-14
-1.21228e-14
-5.79768e-15
-1.51974e-15
1.4701e-34
-2.8088e-14
-2.8602e-14
-3.1826e-14
-3.35436e-14
-2.00378e-14
-4.6593e-14
-4.89395e-14
-4.88684e-14
-1.97274e-14
-2.77269e-14
-3.53096e-14
-1.23492e-14
-3.53702e-14
-1.4701e-34
-1.56543e-15
-5.91181e-15
-5.68855e-14
-4.83416e-14
-2.68554e-14
-1.65626e-14
-2.1168e-15
-7.9385e-15
1.45356e-34
-4.17309e-14
-4.63912e-14
-2.5667e-14
-6.29956e-14
-6.61381e-14
-6.60458e-14
-3.76612e-14
-4.78658e-14
-5.64863e-14
-3.64743e-14
-1.61088e-14
-4.9647e-14
-8.15732e-14
-1.45356e-34
-2.19498e-15
-8.3546e-15
-7.37399e-14
-6.27701e-14
-3.50567e-14
-2.16946e-14
-1.04431e-14
-2.79985e-15
1.43703e-34
-6.27314e-14
-2.46695e-14
-8.56023e-14
-9.28594e-14
-8.54854e-14
-8.12448e-14
-4.90248e-14
-6.21689e-14
-7.32415e-14
-3.56074e-14
-2.20893e-14
-1.06768e-14
-6.28017e-14
-4.51969e-14
-1.02629e-13
-1.43703e-34
-2.89176e-15
-6.20476e-14
-7.92131e-14
-4.45077e-14
-2.76449e-14
1.42049e-34
-1.3377e-14
-3.56888e-15
-1.07613e-13
-1.10242e-13
-1.07491e-13
-1.0223e-13
-7.84847e-14
-9.22843e-14
-2.81603e-14
-1.36789e-14
-7.36437e-14
-5.37276e-14
-1.26252e-13
-1.32322e-13
-3.67637e-15
-1.42049e-34
-9.69765e-14
-7.68857e-14
-9.77892e-14
-5.53439e-14
-3.45135e-14
1.40396e-34
-4.5048e-15
-1.67823e-14
-1.29206e-13
-1.322e-13
-1.25841e-13
-1.13774e-13
-3.39813e-14
-1.67457e-14
-9.97039e-14
-7.44872e-14
-5.06086e-14
-1.52346e-13
-1.59619e-13
-1.40396e-34
-4.57487e-15
-1.37685e-13
-1.17659e-13
-9.35856e-14
-1.25324e-13
-6.7626e-14
-4.23646e-14
1.38742e-34
-5.6031e-15
-2.06964e-14
-1.47555e-13
-1.53799e-13
-1.59502e-13
-1.52005e-13
-2.86164e-14
-1.11411e-14
-9.91231e-14
-1.12705e-13
-7.12547e-14
-4.44155e-14
-1.80459e-13
-1.88994e-13
-1.88962e-13
-1.38742e-34
-5.80329e-15
-1.6373e-13
-8.13278e-14
-1.40343e-13
-1.12051e-13
-1.56773e-13
-5.12091e-14
-2.51539e-14
1.37088e-34
-6.8804e-15
-1.80846e-13
-1.80346e-13
-2.15898e-14
-1.31937e-13
-9.65595e-14
-8.20764e-14
-5.18964e-14
-2.56533e-14
-2.09621e-13
-2.10037e-13
-2.19483e-13
-2.19675e-13
-1.37088e-34
-7.02434e-15
-1.91248e-13
-9.62667e-14
-1.31952e-13
-1.64536e-13
-2.07514e-13
-1.80194e-13
-6.09574e-14
-3.01436e-14
1.35435e-34
-8.24009e-15
-1.46201e-13
-1.0821e-13
-6.144e-14
-3.05808e-14
-2.24789e-13
-2.24599e-13
-2.3681e-13
-2.42954e-13
-2.36691e-13
-2.42855e-13
-1.77398e-13
-1.35435e-34
-8.47066e-15
-1.12035e-13
-2.00387e-13
-1.52682e-13
-1.78512e-13
-2.26201e-13
-2.08272e-13
-9.87598e-15
-7.14224e-14
-3.55296e-14
1.33781e-34
-1.38001e-13
-9.61633e-14
-6.97456e-14
-3.51971e-14
-2.49492e-13
-2.35958e-13
-2.56013e-13
-2.62754e-13
-2.64998e-13
-1.68907e-13
-1.33781e-34
-9.91511e-15
-2.65209e-13
-8.22626e-14
-1.28029e-13
-1.73224e-13
-2.05941e-13
-2.47788e-13
-2.42084e-13
-2.1432e-13
-1.15698e-14
-4.12645e-14
1.32127e-34
-1.2516e-13
-8.08566e-14
-4.09394e-14
-2.38492e-13
-2.76694e-13
-2.65208e-13
-2.80767e-13
-2.84546e-13
-1.8261e-13
-1.32127e-34
-1.15029e-14
-4.7138e-14
-2.82103e-13
-9.2955e-14
-1.43284e-13
-1.91993e-13
-2.34352e-13
-2.62887e-13
-2.2929e-13
-1.88834e-13
1.30474e-34
-1.32407e-14
-1.36455e-13
-8.90433e-14
-4.56229e-14
-2.6728e-13
-2.96088e-13
-2.88932e-13
-2.98521e-13
-1.4267e-13
-1.30474e-34
-1.30901e-14
-1.02713e-13
-5.26906e-14
-2.88192e-13
-1.56385e-13
-2.06809e-13
-2.49375e-13
-2.8106e-13
-1.65248e-13
-2.61141e-13
-2.27176e-13
-1.77962e-13
1.2882e-34
-1.50844e-14
-9.38321e-14
-4.88327e-14
-3.00586e-13
-3.03392e-13
-3.07837e-13
-2.90556e-13
-1.2882e-34
-1.19092e-13
-1.41494e-14
-1.63933e-13
-1.09444e-13
-5.70966e-14
-2.60083e-13
-2.13606e-13
-2.54226e-13
-2.81308e-13
-1.38137e-13
-1.23924e-13
-1.5678e-13
-2.38925e-13
-2.11856e-13
1.27167e-34
-1.64834e-14
-7.20372e-14
-3.06794e-14
-2.95674e-13
-2.98252e-13
-2.68972e-13
-2.21535e-13
-1.27167e-34
-9.40394e-14
-1.49675e-14
-1.92502e-13
-1.40711e-13
-3.62502e-14
-8.55863e-14
-2.75833e-13
-1.85174e-13
-2.08415e-13
-2.33752e-13
-2.61723e-13
-1.16899e-13
-9.17734e-14
-8.6702e-14
-1.34261e-13
-1.98941e-13
1.25513e-34
-1.80826e-14
-5.03016e-14
-2.7744e-13
-2.28739e-13
-1.62872e-13
-1.25513e-34
-4.78597e-14
-1.47377e-14
-2.46423e-13
-2.08708e-13
-1.6696e-13
-1.15051e-13
-6.13618e-14
-2.42928e-13
-8.70726e-14
-1.17089e-13
-9.911e-14
-2.35688e-13
-8.15459e-14
-7.57105e-14
-6.12217e-14
-3.80556e-14
-8.18752e-14
2.84082e-14
-1.90161e-14
1.23859e-34
-8.25049e-14
-1.23859e-34
-1.28823e-14
-2.13417e-13
-2.08157e-13
8.59152e-14
-1.92958e-13
-1.59897e-13
-1.13825e-13
-6.26163e-14
-1.38625e-13
9.60419e-14
5.88462e-14
8.67204e-14
-1.68365e-13
-8.75946e-15
8.97364e-14
-7.55453e-16
-1.82547e-14
-1.97227e-14
6.05046e-14
1.4857e-13
1.22206e-34
-1.90189e-14
-1.22206e-34
-1.57998e-13
2.15543e-13
2.36849e-13
-1.07176e-13
-1.6477e-13
-1.43937e-13
-6.09967e-14
1.65173e-14
4.31058e-13
3.8812e-13
3.10557e-13
-1.07058e-13
-7.5206e-14
-1.20552e-34
-1.70167e-15
2.31091e-13
1.3374e-13
3.89776e-14
7.76345e-15
3.88297e-13
4.60051e-13
1.20552e-34
-1.84117e-14
-3.0628e-14
4.31113e-13
6.72373e-13
-7.82815e-14
-1.11926e-13
-1.21039e-13
-5.40196e-14
-5.21598e-14
1.0648e-13
2.10589e-13
7.85489e-13
7.83244e-13
7.19042e-13
1.35792e-14
-1.18898e-34
1.1241e-14
3.02229e-13
1.6228e-13
6.22728e-14
5.046e-13
7.22133e-13
9.11398e-13
-1.66602e-14
1.18898e-34
1.04301e-12
-8.17761e-14
-8.41458e-14
-4.32584e-14
3.69659e-14
-2.79295e-14
1.90576e-13
3.16021e-13
6.02892e-13
1.22553e-12
1.22679e-12
1.03571e-12
1.17695e-12
2.97684e-13
-1.17245e-34
2.8867e-14
2.95212e-13
1.28795e-13
8.56048e-13
1.20159e-12
1.49943e-12
1.70645e-12
-2.64661e-14
-1.31518e-14
1.17245e-34
-5.27432e-14
-1.05964e-14
4.9868e-14
1.56175e-13
4.5401e-13
8.37056e-13
1.79506e-12
1.75657e-12
1.35332e-12
1.60082e-12
6.13256e-13
-1.15591e-34
5.72949e-14
2.35141e-13
5.15086e-13
8.9536e-13
1.35743e-12
1.79697e-12
2.15148e-12
2.37368e-12
6.0803e-14
1.32747e-15
-7.4367e-15
1.15591e-34
1.87247e-13
3.77465e-13
1.96226e-13
1.05063e-12
2.4369e-12
1.94078e-12
2.33791e-12
2.17281e-12
1.05032e-12
-1.13937e-34
1.00462e-13
4.04997e-13
8.81104e-13
2.06687e-12
1.46374e-12
3.01085e-12
2.60642e-12
3.23062e-12
1.81335e-13
4.60651e-14
1.13402e-15
1.13937e-34
4.22552e-13
7.84912e-13
4.29204e-13
1.55169e-12
6.44858e-13
3.24191e-12
2.68229e-12
3.04926e-12
1.64508e-12
-1.12284e-34
1.57644e-13
1.32114e-12
6.19157e-13
3.01522e-12
2.15965e-12
4.33564e-12
3.77228e-12
4.64246e-12
5.59559e-12
1.12284e-34
3.01387e-13
9.62097e-14
1.1915e-14
1.10722e-12
2.19208e-12
3.89267e-12
6.08922e-13
1.79657e-12
1.13842e-12
4.66173e-12
3.89472e-12
4.39922e-12
3.21408e-12
2.74876e-12
-1.1063e-34
2.32025e-13
1.80112e-12
8.72877e-13
2.85892e-12
5.05876e-12
5.38624e-12
6.79451e-12
6.56667e-12
1.1063e-34
2.83869e-14
5.28093e-13
1.80888e-13
4.13779e-12
1.09629e-12
1.85798e-12
6.61045e-12
5.2064e-12
6.05373e-12
4.17188e-12
3.7081e-12
8.84381e-12
1.1946e-12
-1.08977e-34
3.28074e-13
2.39856e-12
4.23572e-12
5.80998e-12
7.17876e-12
8.77077e-12
8.20069e-12
1.08977e-34
4.95972e-14
1.61693e-12
2.87625e-13
8.02361e-13
2.68951e-12
5.70355e-12
2.11384e-12
8.42079e-12
4.93406e-12
7.55519e-12
6.34532e-12
1.09766e-11
1.1025e-11
1.06844e-11
-1.07323e-34
1.70722e-12
4.63963e-13
3.59703e-12
5.67869e-12
7.73055e-12
9.11256e-12
1.03244e-11
3.48206e-12
2.33249e-12
1.07323e-34
7.9802e-14
1.18231e-12
4.3552e-13
5.24048e-12
1.00275e-11
7.05002e-12
8.70843e-12
9.37186e-12
1.27873e-11
1.35493e-11
1.3589e-11
1.2907e-11
-1.05669e-34
2.2871e-12
6.35759e-13
7.0169e-12
4.54371e-12
1.13558e-11
5.35299e-12
3.32946e-12
1.05669e-34
1.21424e-13
6.48395e-13
1.71779e-12
7.57407e-12
1.15755e-11
9.72828e-12
1.11852e-11
1.54676e-11
1.60876e-11
1.65687e-11
1.65681e-11
1.60287e-11
1.5027e-11
1.04272e-11
5.61842e-12
-1.04016e-34
8.28682e-13
2.89474e-12
8.50885e-12
1.4373e-11
7.49526e-12
4.74636e-12
1.04016e-34
1.86819e-13
9.6341e-13
2.49558e-12
1.31055e-11
1.4705e-11
6.81508e-12
1.15488e-11
1.50452e-11
1.86237e-11
1.97969e-11
1.99904e-11
1.91588e-11
1.73393e-11
1.62703e-11
1.34753e-11
-1.02362e-34
7.00764e-12
1.0592e-12
3.6523e-12
1.13915e-11
1.86411e-11
1.05403e-11
3.65408e-12
1.02362e-34
2.9696e-13
1.44319e-12
1.9034e-11
6.4028e-12
1.07216e-11
1.52154e-11
2.15081e-11
2.36461e-11
2.48782e-11
2.50022e-11
2.3869e-11
2.14569e-11
1.79151e-11
-1.00708e-34
1.31526e-12
8.58409e-12
4.51091e-12
1.28858e-11
2.01121e-11
2.30329e-11
1.64074e-11
5.78981e-12
2.30568e-12
1.00708e-34
4.7008e-13
1.0705e-11
1.70124e-11
2.61942e-11
2.85692e-11
2.7396e-11
3.14742e-11
2.6805e-11
3.00404e-11
2.34348e-11
2.14256e-11
-9.90548e-35
1.56037e-12
5.14798e-12
1.41886e-11
9.58636e-12
1.87328e-11
2.31648e-11
1.45384e-11
8.20272e-12
3.41593e-12
7.30621e-13
9.90548e-35
3.11983e-11
3.41294e-11
3.97849e-11
2.94061e-11
2.37298e-11
3.94696e-11
3.08732e-11
3.64303e-11
3.11136e-11
-9.74012e-35
1.69956e-12
9.76967e-12
5.4012e-12
1.12538e-11
1.42541e-11
1.86787e-11
2.16832e-11
1.25678e-11
5.38508e-12
1.2019e-12
9.74012e-35
4.90381e-11
3.53707e-11
4.08861e-11
4.73318e-11
1.50966e-11
3.31733e-11
2.67024e-11
2.07273e-11
4.70577e-11
4.13483e-11
3.27364e-11
4.57071e-11
-9.57476e-35
1.63512e-12
4.78824e-12
7.986e-12
1.11316e-11
1.94758e-11
8.58507e-12
2.00669e-12
9.57476e-35
3.15863e-12
6.11953e-11
6.11127e-11
4.18787e-11
5.61352e-11
5.3001e-12
3.79395e-11
2.52623e-11
1.13041e-11
5.5836e-11
3.04103e-11
4.98665e-11
6.78852e-11
-9.40939e-35
1.13796e-12
2.60033e-12
2.99041e-12
1.37776e-11
3.27701e-12
9.40939e-35
-5.86943e-12
-3.79473e-12
7.43988e-11
7.63005e-11
7.08951e-11
5.11477e-11
4.75968e-11
-2.23665e-11
-8.83821e-12
5.67013e-11
3.38965e-11
1.35919e-11
9.05061e-11
7.62769e-11
1.01442e-10
-9.24403e-35
-1.03904e-13
-9.96483e-12
-3.13171e-12
2.20671e-11
5.45075e-12
9.24403e-35
-1.81151e-11
9.6419e-11
9.17008e-11
7.73822e-11
7.4402e-11
3.53035e-11
9.11917e-11
-4.58877e-11
-5.12037e-11
-4.30228e-11
-2.67327e-12
5.96908e-11
2.43595e-11
1.24275e-10
1.28487e-10
1.16907e-10
1.52155e-10
-9.07867e-35
-3.15078e-11
-2.55818e-12
-1.32541e-11
8.93377e-12
9.07867e-35
1.23953e-10
1.10772e-10
1.63513e-10
1.07892e-10
5.33356e-11
1.07417e-10
-9.37959e-11
-3.57251e-11
-9.70034e-11
-1.13223e-10
-1.44917e-11
3.21901e-11
1.71309e-10
1.69499e-10
2.05323e-10
-8.91331e-35
-6.1326e-11
-2.87275e-11
-6.74913e-12
1.40394e-11
8.91331e-35
1.46639e-10
2.42532e-10
1.772e-10
5.50289e-11
1.32882e-10
1.78683e-10
8.78941e-11
1.99417e-10
2.41612e-10
-1.558e-10
-1.82559e-10
-7.74711e-11
-1.74287e-10
-1.95266e-11
2.5146e-10
3.41339e-10
-8.74795e-35
-1.36777e-11
-1.06428e-10
-5.31375e-11
8.74794e-35
2.29762e-11
2.7157e-10
-9.79985e-11
-1.89018e-10
4.04748e-11
1.64801e-10
3.76074e-10
2.56016e-10
1.30358e-10
3.45545e-10
2.7316e-10
-2.45328e-10
-2.78093e-10
-2.83234e-10
-2.08629e-10
-1.09449e-10
3.69115e-10
4.57782e-10
-8.58258e-35
-2.60301e-11
-1.01897e-10
-2.05534e-10
8.58258e-35
3.52776e-11
-3.0597e-10
1.07987e-10
2.75605e-10
5.61889e-10
4.18097e-10
2.53375e-10
9.81594e-11
4.62584e-10
3.83594e-10
-4.2268e-10
-4.37847e-10
-3.69258e-10
-2.19785e-10
-8.85063e-12
5.39828e-10
6.78891e-10
-8.41722e-35
-4.59069e-11
-1.71771e-10
-3.41463e-10
-5.03006e-10
8.41722e-35
5.79293e-11
2.29355e-10
4.5196e-10
8.27084e-10
6.64534e-10
4.41251e-10
2.1893e-10
6.1862e-10
-6.05575e-10
-6.60068e-10
-5.58207e-10
-3.45741e-10
-5.38443e-11
1.88804e-10
8.81224e-10
-8.25186e-35
-7.52076e-11
-2.78417e-10
-5.44854e-10
-7.94921e-10
8.25186e-35
8.72649e-11
6.92431e-10
4.26569e-10
1.09147e-09
9.02851e-10
6.18328e-10
3.17234e-10
9.97092e-10
-9.52542e-10
4.53997e-10
-9.65772e-10
-8.15201e-10
-5.16813e-10
-1.17359e-10
3.16872e-10
1.43948e-09
-8.0865e-35
-1.21091e-10
-4.34312e-10
-8.41269e-10
-1.21586e-09
-1.44955e-09
8.0865e-35
1.28072e-10
7.10036e-10
1.42983e-09
1.21627e-09
8.57634e-10
3.47772e-10
9.09557e-10
1.31577e-09
-1.46898e-09
8.4107e-10
-1.24959e-09
-8.1654e-10
-2.3728e-10
3.9414e-10
1.90136e-09
1.90655e-09
-7.92114e-35
-1.87171e-10
-6.59784e-10
-1.26254e-09
-1.80791e-09
-2.14196e-09
7.92114e-35
1.99966e-10
1.73865e-09
1.36602e-09
7.2255e-10
1.15805e-09
1.72088e-09
-2.16568e-09
1.39726e-09
-1.84947e-09
-1.23219e-09
2.43431e-09
-4.0943e-10
4.87823e-10
2.49775e-09
-7.75578e-35
-2.78606e-10
-9.78066e-10
-1.8451e-09
-2.61704e-09
-3.07826e-09
7.75577e-35
2.8571e-10
2.02688e-09
1.00387e-09
2.17302e-09
1.48556e-09
-3.10028e-09
1.87999e-09
-2.65098e-09
-1.78933e-09
2.65122e-09
3.09911e-09
3.2565e-09
-6.47175e-10
5.97465e-10
2.9488e-09
-7.59042e-35
-4.05937e-10
-1.41419e-09
-2.62893e-09
-4.29985e-09
-3.68716e-09
7.5904e-35
4.10897e-10
1.42053e-09
2.62383e-09
2.37379e-09
1.52341e-09
-4.30668e-09
3.6525e-09
-3.679e-09
-2.50506e-09
4.21946e-09
4.17579e-09
-9.61928e-10
7.17684e-10
3.49662e-09
-5.86145e-10
-7.42505e-35
-1.98457e-09
-3.64293e-09
-5.78911e-09
-5.04468e-09
-5.8223e-09
7.42503e-35
5.91587e-10
2.03127e-09
3.57963e-09
2.28251e-09
-4.93147e-09
4.90838e-09
-3.37869e-09
-1.36127e-09
5.59247e-09
5.45909e-09
8.3066e-10
2.88591e-09
4.50917e-09
-7.25967e-35
-8.09324e-10
-2.71851e-09
-7.48228e-09
-4.89584e-09
-7.60093e-09
-6.67437e-09
8.06774e-10
7.25964e-35
6.38745e-09
2.65195e-09
4.74291e-09
-6.34027e-09
7.15479e-09
-4.36229e-09
-1.83452e-09
6.87024e-09
5.58027e-09
9.02562e-10
3.49031e-09
-7.09426e-35
-1.10793e-09
-3.59073e-09
-6.34067e-09
-7.72376e-09
-9.18977e-09
-8.4687e-09
-9.47282e-09
7.96952e-09
7.09423e-35
1.06964e-09
6.06752e-09
3.4731e-09
-5.32982e-09
8.72266e-09
-2.34782e-09
8.62517e-10
8.18587e-09
6.49353e-09
3.93394e-09
-6.92882e-35
-1.44975e-09
-4.56579e-09
-7.81704e-09
-8.66918e-09
-1.049e-08
-1.10319e-08
-1.01501e-08
9.36107e-09
9.88797e-09
7.56467e-09
6.92877e-35
1.40772e-09
4.45513e-09
-1.10297e-08
-6.01023e-09
8.94287e-09
-2.81607e-09
5.83057e-10
6.81651e-09
3.90403e-09
-6.76331e-35
-1.78531e-09
-5.39519e-09
-8.85584e-09
-8.43663e-09
-1.05185e-08
-1.15748e-08
9.9593e-09
9.85501e-09
8.26459e-09
8.31244e-09
5.17841e-09
6.76326e-35
1.7257e-09
-1.04205e-08
-1.13514e-08
-5.87934e-09
5.74934e-09
-3.06623e-09
-1.55553e-10
2.83379e-09
-6.59774e-35
-2.10441e-09
-6.04179e-09
-5.67822e-09
-9.18144e-09
-7.74017e-09
-9.59738e-09
7.14689e-09
8.65176e-09
1.88737e-09
4.58984e-09
8.16644e-09
5.58457e-09
2.01717e-09
6.59766e-35
-1.03447e-08
-3.98989e-09
5.0121e-09
-2.5217e-10
-2.79434e-09
-1.71076e-09
-6.43197e-35
-2.24603e-09
-5.65107e-09
-7.12709e-09
1.17354e-09
1.93785e-09
-5.82094e-09
3.75583e-10
-2.73864e-09
-7.12083e-09
2.06093e-09
-4.67209e-09
6.35336e-09
5.13931e-09
2.08384e-09
6.43191e-35
-1.44956e-09
-3.08946e-09
1.81583e-09
-6.98437e-09
-4.68117e-09
-6.26606e-35
-1.8216e-09
-3.32234e-09
-2.00284e-08
1.89148e-09
-7.51006e-10
1.22696e-08
1.81512e-08
1.81896e-08
5.72137e-09
1.31537e-08
-2.50674e-08
-1.76722e-08
-2.39661e-08
6.26597e-35
-1.20194e-09
2.41518e-09
1.6661e-09
-8.84388e-09
-1.00966e-08
-5.05895e-08
-3.37935e-08
1.15556e-08
-3.73825e-08
-6.09982e-35
-6.25584e-10
3.71397e-09
-2.22248e-08
-5.0738e-09
1.66791e-08
1.68425e-08
3.22882e-08
3.84558e-08
3.48368e-08
2.42325e-08
-5.04251e-08
-6.01364e-08
6.09969e-35
-1.61473e-08
-3.9711e-09
3.32797e-10
-4.35821e-08
-9.19741e-08
-7.12047e-08
3.66899e-08
-6.41625e-08
-5.93302e-35
2.16344e-09
1.52564e-08
-2.64504e-08
1.34822e-08
4.64482e-08
4.1441e-08
6.55421e-08
6.81308e-08
5.63897e-08
-9.06549e-08
-1.51779e-07
-5.11746e-08
5.93298e-35
-1.90037e-08
-2.91124e-09
-9.29443e-08
-1.31105e-07
7.38912e-08
-1.24045e-07
-2.10427e-07
-7.19777e-08
-5.76579e-35
8.17209e-09
3.88836e-08
-7.4722e-09
5.54133e-08
1.03059e-07
9.17244e-08
1.26398e-07
1.01486e-07
1.20091e-07
-2.5321e-07
-2.1071e-07
-9.6367e-08
-4.13031e-08
5.76567e-35
-8.3356e-09
-1.59439e-07
1.52455e-07
-1.49831e-07
-3.77152e-07
-2.93388e-07
-5.9606e-08
-5.59765e-35
1.93417e-08
8.66697e-08
4.19089e-08
1.95484e-07
1.33151e-07
1.9595e-07
2.50836e-07
2.17982e-07
2.00077e-07
-4.06137e-07
-3.65355e-07
-2.56818e-07
-1.84263e-07
-8.38254e-08
-1.92376e-08
5.59743e-35
-9.91749e-08
-5.61664e-07
-4.55784e-07
7.72141e-08
-5.42835e-35
3.81508e-08
1.61289e-07
3.51105e-07
2.35591e-07
3.89819e-07
3.46232e-07
4.63193e-07
5.57839e-07
3.64501e-07
-6.31602e-07
-5.55723e-07
-3.82432e-07
-2.0626e-07
-3.01095e-07
-1.45912e-07
-3.68411e-08
5.42795e-35
-1.34981e-08
-9.3432e-07
-7.68803e-07
3.98019e-07
-5.25765e-35
6.77453e-08
2.66874e-07
5.51601e-07
8.3905e-07
5.85308e-07
6.64388e-07
7.1964e-07
-9.59573e-07
-8.2723e-07
-5.58686e-07
-2.03842e-07
-5.16479e-07
-2.5673e-07
-6.73086e-08
5.25712e-35
1.69014e-07
-1.32284e-06
-1.17911e-06
-8.80278e-07
1.04121e-06
1.36714e-06
-1.76753e-06
6.47945e-07
-5.08533e-35
1.17998e-07
4.51212e-07
9.12128e-07
9.55043e-07
1.08997e-06
-1.16631e-06
-8.22255e-07
-3.10614e-07
-9.22643e-07
-4.57889e-07
5.08452e-35
-1.20014e-07
2.82298e-07
-1.6983e-06
-1.38409e-06
1.67587e-06
-1.6782e-06
1.51157e-06
2.04165e-06
-2.73692e-06
-2.65349e-06
1.51247e-06
-2.19909e-08
1.024e-06
-4.91116e-35
2.02532e-07
7.7665e-07
1.57488e-06
1.73858e-06
-1.32035e-06
-8.2098e-07
-1.47966e-06
-7.10155e-07
4.91002e-35
-1.94293e-07
-2.18704e-06
2.31196e-06
-2.37929e-06
2.37517e-06
2.93943e-06
-3.42981e-06
-3.58918e-06
-4.50745e-06
-3.08631e-06
2.33683e-06
-5.88599e-07
1.57709e-06
5.42912e-07
-4.73455e-35
1.17647e-06
3.21454e-07
2.2968e-06
3.08639e-06
-1.62036e-06
-2.15874e-06
-1.13107e-06
4.73345e-35
-3.14946e-07
-2.70191e-06
-3.43688e-06
4.01361e-06
3.34521e-06
-4.12732e-06
-4.69648e-06
-6.04784e-06
-5.09371e-06
3.52346e-06
2.37106e-06
-8.71668e-07
8.20573e-07
-4.55528e-35
3.29306e-06
4.95596e-07
1.74887e-06
4.64771e-06
5.37569e-06
-2.84572e-06
-3.53988e-06
-1.84217e-06
4.55577e-35
-5.12465e-07
5.41551e-06
-5.86104e-06
-4.43914e-06
-6.9517e-06
-7.90754e-06
-8.02056e-06
5.0942e-06
5.19487e-06
-1.26574e-06
3.47987e-06
1.20725e-06
-4.37963e-35
7.80517e-07
5.27791e-06
2.79118e-06
7.094e-06
6.77995e-06
8.80433e-06
-4.35895e-06
4.37954e-35
-4.98408e-06
-2.68269e-06
-7.74898e-07
-6.61501e-06
7.48131e-06
-7.64525e-06
-7.15928e-06
-9.64438e-06
-9.42972e-06
-1.03029e-05
8.11169e-06
4.99053e-06
-1.79261e-06
1.73565e-06
4.2081e-35
-4.21529e-35
1.12264e-06
4.15822e-06
7.75911e-06
9.68301e-06
1.24728e-05
-7.0345e-06
-1.19923e-06
-7.79176e-06
-4.17155e-06
1.05054e-05
-1.09071e-05
-1.05681e-05
-1.26385e-05
-1.2536e-05
4.58059e-06
1.08542e-05
-1.33416e-06
6.97443e-06
-2.48577e-06
2.42316e-06
-7.52694e-06
4.05165e-35
-4.05291e-35
1.27766e-06
1.15951e-05
1.00953e-05
1.25885e-05
1.64534e-05
1.46e-05
-1.39045e-05
-4.08643e-06
-1.2881e-05
-7.62653e-06
9.39053e-06
-1.64352e-05
-1.66151e-05
-1.74033e-05
5.61744e-06
1.59964e-05
-1.42474e-06
3.77899e-06
-1.17968e-06
-1.03322e-05
-1.75418e-05
3.93041e-35
-3.92877e-35
1.41428e-06
1.23164e-05
1.66116e-05
1.05976e-05
1.95927e-05
1.8791e-05
2.18903e-05
-2.13133e-05
-9.59488e-06
-6.4948e-06
-2.13859e-05
-1.45331e-05
-2.39309e-05
5.53545e-06
2.26621e-05
-2.51057e-06
-7.94728e-06
5.58209e-06
-2.47903e-06
-1.1699e-05
-2.63162e-05
-2.49254e-05
3.87726e-35
-3.87117e-35
2.50142e-06
1.55916e-05
2.44208e-05
1.47848e-05
1.97718e-05
2.51901e-05
2.77782e-05
2.6741e-05
-3.09152e-05
-1.54828e-05
-1.52977e-05
-2.84448e-05
-2.30346e-05
2.97241e-05
2.5079e-06
-1.34317e-05
-4.2161e-06
7.75855e-06
-1.8177e-06
-1.2531e-05
-2.57512e-05
-3.19786e-05
-3.76487e-05
3.9419e-35
-3.93826e-35
8.47381e-06
1.9084e-05
3.2302e-05
2.91328e-05
2.36767e-05
3.56124e-05
3.45869e-05
-3.61285e-05
-2.28578e-05
-2.40671e-05
-3.1573e-05
3.74485e-05
4.11587e-05
4.42399e-06
-2.34946e-05
-9.68446e-06
-2.72439e-06
1.01998e-05
-6.26828e-07
-1.25638e-05
-2.47513e-05
-3.59811e-05
-4.35779e-05
-4.30583e-05
4.22753e-35
-4.23154e-35
1.40463e-05
1.64742e-05
2.66782e-05
3.94024e-05
3.34044e-05
2.87736e-05
4.28401e-05
-4.25711e-05
-3.31554e-05
4.48183e-05
4.61043e-05
5.98661e-06
-3.00102e-05
-1.48458e-05
-2.22606e-06
-1.97782e-05
-6.76219e-06
4.50342e-06
-3.60887e-05
-4.53332e-05
-4.92978e-05
-5.10534e-05
4.78634e-35
-4.77514e-35
1.40676e-06
1.88373e-05
1.62847e-05
2.54377e-05
3.40126e-05
4.52229e-05
4.36996e-05
3.4268e-05
4.98671e-05
-4.47326e-05
5.08716e-05
5.60278e-06
-1.85278e-05
-5.52956e-06
-2.31826e-07
1.83847e-05
-2.90193e-05
-1.33573e-05
4.4001e-06
-3.94398e-05
-4.68991e-05
-5.12404e-05
-5.16972e-05
5.4254e-35
-5.38106e-35
-8.96073e-07
1.95073e-05
3.08273e-05
4.16351e-05
4.81235e-05
4.98936e-05
3.54816e-05
5.26148e-05
-4.23963e-05
-4.08059e-08
-3.54513e-35
1.13651e-06
-2.97919e-06
-3.06682e-05
1.9295e-05
6.59644e-06
-1.91964e-05
-6.49811e-06
-3.99359e-05
-4.59918e-05
-4.56334e-05
5.60729e-35
-5.61038e-35
-1.83312e-06
3.37334e-35
3.07757e-05
4.00607e-05
4.58307e-05
3.76269e-05
4.61243e-05
7.3912e-36
-2.87485e-05
4.88512e-35
2.40008e-05
-4.9703e-35
1.82846e-06
5.49677e-35
-3.13169e-05
-2.24292e-05
1.19853e-05
4.58237e-08
-1.16362e-05
-5.4871e-35
-3.69664e-05
-3.74425e-05
3.63857e-07
-4.04634e-07
5.58639e-35
-6.12542e-36
2.65486e-05
3.39652e-05
3.5959e-05
2.87475e-05
6.30766e-36
-2.05561e-05
1.60163e-05
-5.5611e-35
5.2567e-35
-2.69096e-05
-1.77866e-05
5.91752e-06
-7.74636e-06
-5.25685e-35
-2.87166e-05
-1.98526e-05
1.42833e-05
-5.34967e-35
1.57539e-07
-1.56371e-07
5.34051e-35
-6.48479e-36
2.46919e-05
2.70283e-05
1.98418e-05
1.39222e-36
-1.09396e-05
5.05647e-35
-4.74764e-35
-2.09436e-05
-1.3016e-05
2.91503e-06
-4.28712e-06
6.11735e-06
4.74698e-35
-5.05285e-35
-1.58078e-05
1.67872e-05
1.18016e-05
1.01806e-07
-9.99901e-08
-1.2287e-36
1.73539e-05
1.18765e-05
-5.53935e-36
-6.74688e-06
-1.55268e-05
4.82386e-35
-4.55545e-35
-1.16545e-05
-5.71828e-06
8.73028e-07
5.25163e-06
4.55171e-35
-4.82051e-35
1.15243e-05
-1.06961e-05
-1.1484e-05
9.40875e-06
4.70787e-08
-2.79781e-08
5.47563e-36
6.41922e-06
9.88037e-06
-1.23243e-35
-3.47452e-06
-8.74894e-06
4.56459e-35
-4.46976e-35
-8.01621e-06
-4.02255e-06
1.14437e-07
3.78773e-06
4.46692e-35
-4.5622e-35
7.21996e-06
-5.77179e-06
-6.29829e-06
6.08038e-06
4.77578e-09
-3.89246e-09
6.38571e-06
1.23429e-35
3.69356e-06
-2.01405e-35
-1.79245e-06
4.3083e-35
-4.30319e-35
-5.14079e-06
-2.81814e-06
-8.41577e-09
2.5924e-06
4.30109e-35
-4.306e-35
3.58426e-06
4.09741e-06
-3.57481e-06
-4.0809e-06
3.16884e-06
-2.89362e-10
4.04757e-10
-2.7973e-35
1.79045e-06
2.02163e-35
-6.37304e-07
-1.66983e-06
4.07083e-35
-4.07206e-35
-3.14401e-06
-1.16886e-06
5.19071e-07
-3.83451e-35
4.06968e-35
-4.06856e-35
3.83352e-35
2.12204e-06
1.67055e-06
1.72061e-06
-2.11079e-06
-1.71011e-06
6.65382e-07
-6.6087e-11
2.49095e-12
-3.51734e-35
6.5613e-07
2.78792e-35
-2.4211e-07
-7.1109e-07
-6.49339e-07
-3.59723e-35
8.38008e-07
3.83247e-35
-3.83145e-35
3.59626e-35
8.56112e-07
1.2381e-06
3.3675e-07
-9.95409e-07
-8.49893e-07
-3.29398e-07
2.96765e-12
3.72423e-12
-4.26765e-35
-9.11335e-08
2.51684e-07
3.51722e-35
-3.33497e-07
-1.06356e-07
-3.35988e-35
6.37871e-07
3.07305e-07
3.59527e-35
-3.5943e-35
3.35898e-35
3.84362e-07
4.28635e-07
1.52645e-07
-4.30512e-07
-3.86765e-07
-1.55913e-07
-3.12254e-35
1.34324e-12
-9.35914e-13
-5.02261e-35
-2.03824e-08
7.93284e-08
4.26649e-35
-1.67517e-07
-8.24072e-08
2.8243e-07
3.35806e-35
-3.35716e-35
3.1217e-35
9.57809e-08
1.49698e-07
1.59206e-07
5.6416e-08
-1.62363e-07
-7.17625e-08
-2.8852e-35
-2.64948e-14
9.56272e-14
-5.78046e-35
-5.64967e-09
5.02154e-35
2.19654e-08
-2.53521e-08
-6.65532e-08
-4.64316e-08
3.06764e-08
3.12084e-35
-3.12001e-35
2.88443e-35
4.03636e-08
6.54339e-08
6.36922e-09
-3.85971e-08
-2.64786e-35
-8.65017e-14
-1.35728e-14
-1.65637e-09
-6.541e-35
5.77963e-35
4.09903e-09
-1.03777e-08
-2.32909e-08
-3.18941e-08
1.31969e-08
1.4376e-09
-3.6015e-09
2.88363e-35
-2.88286e-35
2.64715e-35
-2.49527e-08
-1.59677e-08
-9.75511e-09
-2.79927e-08
-3.20331e-08
-2.41052e-35
2.69758e-14
2.50864e-15
-1.58633e-09
-7.30189e-35
6.5399e-35
-3.23134e-09
-9.60892e-09
-8.40095e-09
-6.24451e-09
1.19259e-09
6.83047e-09
2.64642e-35
-2.64572e-35
-5.103e-08
-2.68578e-08
2.40988e-35
-4.87017e-08
-5.37765e-08
-3.97607e-08
-2.17318e-35
-4.13188e-15
-4.00123e-16
3.33383e-09
-8.06216e-35
-6.15991e-09
7.30019e-35
3.46306e-08
2.70872e-08
1.997e-08
2.40921e-35
-2.40857e-35
-1.07026e-07
-9.76196e-08
-5.65687e-08
2.1726e-35
-8.02954e-08
-3.90227e-08
-1.93584e-35
-3.74412e-16
2.41554e-17
2.43814e-08
-8.82049e-35
8.0601e-35
-1.40758e-08
9.15915e-08
1.46662e-07
1.1113e-07
2.172e-35
-2.17142e-35
1.93479e-35
-1.62963e-07
-1.93428e-35
-1.86197e-07
-1.38481e-07
-6.26989e-08
1.93533e-35
-2.52473e-08
-1.94752e-07
-1.6985e-35
4.18707e-16
7.58393e-18
7.27924e-08
-9.57569e-35
8.81851e-35
-4.64562e-08
2.79123e-07
4.26038e-07
3.51045e-07
5.97891e-07
1.69758e-35
-3.00014e-07
-1.69713e-35
-2.8013e-07
-1.89885e-07
1.69805e-35
3.87992e-08
-3.60204e-07
-1.46116e-35
-1.20802e-16
-8.43634e-19
1.93308e-07
-1.03244e-34
-1.19048e-07
9.57324e-35
8.29366e-07
8.80201e-07
6.50725e-07
1.28862e-06
1.46037e-35
-6.25695e-07
-1.45998e-35
-6.20084e-07
-4.39691e-07
1.46078e-35
2.0614e-07
-6.61459e-07
-1.22382e-35
1.37828e-17
-2.88896e-19
5.07071e-07
-1.10634e-34
-2.59194e-07
1.03238e-34
8.79787e-07
1.94008e-06
2.28752e-06
1.56883e-06
-8.40868e-07
1.22316e-35
-1.26823e-06
-1.22284e-35
-1.30953e-06
1.2235e-35
-2.8854e-07
-1.58593e-06
-9.86485e-36
3.4162e-18
9.85949e-36
2.22524e-19
1.12332e-06
3.29314e-06
-1.17967e-34
-1.55482e-06
-5.14413e-07
1.10618e-34
8.95518e-07
3.89857e-06
4.65928e-06
-2.12258e-06
-1.58568e-06
-9.85689e-36
-3.16077e-06
9.86224e-36
-1.53176e-06
-3.1026e-06
-7.49145e-36
-7.48542e-36
-2.18904e-18
7.48739e-36
-1.10716e-19
8.03663e-06
5.92254e-06
2.3448e-06
-1.2543e-34
1.17997e-34
-3.52167e-06
-1.16788e-06
4.49756e-07
4.83005e-06
7.87009e-06
-5.07616e-06
7.48949e-36
-3.81231e-06
-7.49641e-06
-7.08063e-06
-5.11806e-36
-5.11395e-36
5.7078e-19
5.11528e-36
9.03727e-21
1.42717e-05
1.091e-05
4.61333e-06
-1.32803e-34
-1.1624e-06
1.25514e-34
-6.97296e-06
3.64633e-06
-3.43845e-06
1.0797e-05
5.11673e-36
-1.21374e-05
-7.8257e-06
-1.11875e-05
-2.95934e-36
-2.95701e-36
2.95862e-36
-1.39104e-19
2.95773e-36
5.07569e-22
1.85886e-05
1.80985e-05
1.02906e-05
3.78275e-06
-1.42901e-34
-4.67302e-06
1.32971e-34
-1.30854e-05
-9.76229e-06
-7.94786e-07
1.22713e-05
-1.66967e-05
-1.40031e-05
-3.33933e-49
1.25717e-51
-7.41977e-50
-6.17561e-51
2.46049e-05
7.82381e-06
3.32969e-05
2.43152e-05
1.61624e-05
-1.48612e-34
-3.46727e-06
1.4234e-34
-1.39392e-05
-2.20672e-05
-2.39853e-05
-1.44847e-05
-1.03821e-06
1.39862e-05
-6.92229e-07
9.71533e-06
2.80832e-05
3.42534e-05
2.39697e-05
3.27203e-05
-1.90911e-34
1.53602e-34
-2.35501e-05
-8.62231e-06
-2.63842e-05
-3.04997e-05
-1.64236e-05
-2.00563e-06
-8.05048e-38
-1.39806e-34
5.62136e-36
2.22584e-05
2.0612e-35
3.20305e-05
3.37864e-05
1.87381e-34
-1.66571e-05
-2.63028e-05
-3.20845e-05
-3.59803e-05
-1.06089e-36
-1.30558e-05
1.96069e-35
2.3197e-35
1.39806e-34
-2.78408e-35
-3.22482e-05
-2.40494e-05
-2.82628e-05
-1.38132e-35
-1.57592e-35
-1.29669e-35
