-1.16089e-35
-1.71718e-35
-9.84064e-36
-1.6565e-36
3.24824e-36
-2.11053e-05
7.767e-35
-1.68933e-35
-2.56809e-05
-2.47833e-05
-7.767e-35
4.2504e-36
1.48496e-35
1.68202e-35
1.78365e-35
-1.08382e-05
-1.63245e-06
9.40491e-06
-2.99651e-05
-2.2521e-05
1.28467e-34
-2.96165e-05
-2.08583e-05
4.14497e-50
-3.48765e-51
-1.27956e-34
1.65667e-05
2.67032e-05
2.5131e-05
1.73815e-05
2.35251e-05
-1.331e-05
7.04758e-07
1.65375e-05
-2.25762e-05
-2.5662e-05
-1.94603e-05
7.73235e-35
-1.19732e-05
-6.89123e-06
1.13646e-20
-5.11118e-36
5.11242e-36
-1.91307e-50
2.55355e-50
5.11098e-36
-7.79691e-35
3.02467e-05
2.97109e-05
6.93171e-06
2.56611e-05
1.35538e-05
-1.04452e-05
-3.54071e-06
4.75298e-06
-2.03586e-05
-1.75371e-05
7.60573e-35
-1.10157e-05
-3.0979e-06
-5.54196e-20
-8.83944e-36
8.84173e-36
2.66752e-20
-5.11221e-36
8.83908e-36
-8.84137e-36
-7.61393e-35
2.02002e-05
3.13329e-06
1.36637e-05
1.79559e-05
1.63513e-05
9.91329e-06
-6.76591e-06
1.8006e-06
-9.87007e-06
-1.28438e-05
-7.65831e-06
6.66617e-35
-3.89699e-06
7.30739e-19
-1.29385e-35
1.29419e-35
-1.70376e-35
-5.30617e-20
1.2938e-35
-1.29414e-35
-6.65127e-35
1.7114e-06
1.08563e-05
9.37348e-06
3.84644e-06
1.13963e-05
-3.44515e-06
-7.15625e-06
-7.50287e-06
-3.62618e-06
6.02995e-35
-9.51138e-07
-8.36857e-19
1.70421e-35
-2.11366e-35
2.51408e-19
1.70369e-35
-1.70414e-35
-6.03482e-35
2.88039e-06
1.27922e-07
5.32513e-06
2.49945e-06
6.46696e-06
-3.98775e-06
-1.55107e-06
-4.70977e-06
-2.91474e-06
-4.14633e-06
-9.60585e-07
5.37621e-35
-1.19308e-17
2.11423e-35
-2.52357e-35
2.52424e-35
-1.18234e-18
2.11358e-35
-2.11414e-35
-5.37462e-35
8.44602e-07
2.79276e-06
8.99556e-07
3.29604e-06
3.3745e-06
-9.81545e-07
-2.4543e-06
-2.13145e-06
-1.63274e-06
-4.5798e-07
4.73324e-35
-7.02232e-18
-2.93348e-35
2.93426e-35
2.52347e-35
1.54112e-17
-2.52414e-35
2.93336e-35
3.98363e-07
-4.73413e-35
1.61091e-06
1.16687e-06
5.08938e-07
1.32643e-06
-6.00696e-07
-6.65931e-07
-9.68469e-07
-1.259e-06
-2.17252e-07
4.08589e-35
9.97533e-17
-3.34339e-35
3.34428e-35
-4.53996e-17
-2.93414e-35
3.34325e-35
-3.43007e-35
1.85775e-07
-4.0871e-35
9.19566e-07
5.2366e-07
2.72189e-07
6.08576e-07
-5.26657e-07
-3.1063e-07
-3.40212e-07
-5.85355e-07
3.42916e-35
-9.10754e-08
-4.44289e-16
-3.75329e-35
3.75429e-35
9.05301e-16
-3.34414e-35
3.75314e-35
-3.75414e-35
-2.76914e-35
2.53009e-07
7.2574e-08
3.94451e-07
2.33937e-08
1.04787e-07
2.99837e-07
-1.11185e-07
-2.74537e-07
-2.02068e-07
-1.38436e-07
2.76856e-35
-3.04213e-08
-4.1632e-35
3.26949e-15
4.16431e-35
7.01919e-16
4.16303e-35
-4.16414e-35
-2.10631e-35
1.52442e-07
2.69443e-08
9.15677e-08
4.60933e-09
2.97414e-08
-6.27322e-08
1.34884e-07
-8.67173e-08
-1.03524e-07
-4.33807e-08
2.10545e-35
-1.11151e-08
-4.57311e-35
-4.02705e-14
4.57433e-35
-4.98301e-35
-2.23222e-14
4.57292e-35
-4.57414e-35
4.98281e-35
-1.44144e-35
4.87021e-08
2.23211e-08
8.15585e-10
1.07724e-09
-3.48144e-08
2.56598e-08
-1.31707e-08
-3.27523e-08
-3.82127e-08
-1.22131e-08
1.44061e-35
-2.68462e-09
1.88707e-14
4.98435e-35
-5.39292e-35
7.6128e-14
-4.98414e-35
5.3927e-35
-7.76073e-36
-1.75313e-10
-6.28208e-09
9.68066e-09
6.27019e-09
-7.57577e-09
-1.49792e-08
-7.06256e-09
-9.8443e-11
1.50916e-09
-1.1407e-09
-9.72004e-10
7.75651e-36
5.6452e-13
5.39436e-35
5.80438e-35
-5.80283e-35
-3.26865e-13
-5.39414e-35
5.80259e-35
-1.11229e-36
-4.3955e-09
-2.46673e-08
-1.10279e-08
-2.45414e-08
3.65587e-08
4.48772e-09
-1.20406e-08
4.0275e-08
2.83398e-08
2.19861e-08
9.31407e-08
3.78092e-09
1.11113e-36
-8.52092e-13
6.2144e-35
-6.21273e-35
4.0768e-13
-5.80414e-35
6.21248e-35
5.51924e-36
-2.21486e-08
-8.60877e-08
-6.50821e-08
-3.71284e-08
-5.86187e-08
5.38918e-08
-3.57684e-08
1.41763e-07
6.91408e-08
2.46323e-07
3.74749e-07
2.10428e-08
-5.52038e-36
8.1697e-12
6.62439e-35
-6.62263e-35
7.95781e-12
-6.21415e-35
6.62237e-35
-6.62414e-35
1.21222e-35
-7.78984e-08
-2.93942e-07
-1.88016e-07
-1.39005e-07
1.11241e-07
-8.57826e-08
-4.76606e-07
2.07445e-07
2.06017e-07
5.67486e-07
7.01409e-07
7.31813e-08
-1.21237e-35
7.03453e-35
2.95888e-11
-7.03259e-35
1.91205e-11
7.03222e-35
-7.03414e-35
1.8677e-35
-2.21864e-07
-7.35951e-07
-4.55767e-07
-1.93995e-07
-1.08145e-06
4.25457e-07
-3.97375e-07
1.18013e-06
6.25094e-07
1.28669e-06
1.90937e-07
-1.86514e-35
7.43395e-35
6.84157e-10
-7.44271e-35
-7.2523e-10
7.44253e-35
-7.43405e-35
2.49947e-35
-5.74589e-07
7.56978e-07
-1.46485e-06
-9.76187e-07
-1.12123e-06
-1.85379e-06
-7.93167e-07
1.89715e-06
2.23794e-06
1.26635e-06
6.1766e-07
-2.49077e-35
7.72265e-35
-7.88579e-35
-2.22774e-08
3.27279e-06
3.07662e-35
6.71477e-09
7.8856e-35
-7.72084e-35
-1.4379e-06
-2.75037e-06
2.48686e-06
-5.96137e-07
-3.02129e-06
-2.23888e-06
-2.25563e-06
-3.21845e-06
3.58573e-06
1.57228e-06
3.1304e-06
-3.08222e-35
7.86818e-35
-8.33429e-35
-8.04857e-08
5.32182e-06
3.59988e-35
8.33157e-35
4.88277e-08
-7.86734e-35
-6.29841e-06
-5.60173e-06
3.54733e-06
5.6257e-09
-5.32329e-06
-3.94216e-06
-5.60756e-06
7.12669e-06
3.43491e-06
5.60291e-06
-3.59774e-35
8.1991e-35
-8.72887e-35
-2.09529e-07
8.23039e-06
8.73151e-35
4.18818e-35
-8.20475e-35
1.64021e-07
-9.41553e-06
-1.25821e-05
-9.01301e-06
5.92928e-06
3.1928e-09
1.90396e-06
-8.23092e-06
-6.9463e-06
-1.0396e-05
1.00821e-05
5.91061e-06
9.99445e-06
-4.1879e-35
9.24014e-35
-9.09359e-35
-2.83324e-07
1.46717e-05
1.03228e-05
9.09804e-35
5.15994e-35
-9.23175e-35
3.32042e-07
-1.65857e-05
-1.46726e-05
5.00731e-06
-3.66731e-06
-1.14361e-05
-2.36537e-05
-1.73741e-05
1.51863e-05
1.03924e-05
-5.15931e-35
9.69466e-35
-7.68756e-07
-9.43685e-35
2.60944e-05
1.97977e-05
1.46613e-05
7.30305e-06
9.41573e-35
5.7251e-35
-9.71525e-35
-2.52904e-05
1.0861e-06
-2.15793e-05
-5.1373e-06
-1.56169e-05
-3.239e-05
-3.28247e-05
2.36439e-05
1.634e-05
-5.74109e-35
8.56281e-35
-4.91946e-35
3.24035e-05
-1.99681e-06
-9.67281e-35
2.08697e-06
2.74413e-05
1.96613e-05
1.2006e-05
5.70282e-09
9.6847e-35
-4.01865e-05
2.56054e-06
4.94185e-35
-8.48112e-35
-3.27043e-05
1.25777e-06
-2.74271e-05
-1.0216e-05
-1.96575e-05
-3.49318e-05
-3.99696e-05
3.28284e-05
2.5281e-05
2.92977e-35
3.21418e-05
3.85281e-05
3.49226e-05
-9.60727e-35
-1.06199e-06
4.33211e-06
1.62822e-05
2.68421e-05
1.6807e-05
5.72286e-06
-5.72052e-06
9.58764e-35
-4.50375e-05
5.21998e-07
-2.83046e-35
-3.31012e-05
-6.95886e-07
-5.0728e-06
-2.6825e-05
-1.68001e-05
-4.09605e-05
-3.44114e-05
-4.4632e-05
4.01988e-05
3.03643e-05
4.26077e-05
4.2391e-05
3.62289e-05
-9.09829e-35
1.83567e-06
6.19051e-06
1.43081e-05
2.85563e-05
1.31965e-05
2.43438e-05
-1.16792e-05
1.25449e-08
8.66345e-06
-4.44267e-05
9.08432e-35
-4.11418e-05
-1.64198e-05
-1.81364e-06
-1.42103e-05
-6.1736e-06
-2.02762e-05
-3.9467e-05
-3.14213e-05
-4.29922e-05
4.5664e-05
4.14035e-05
4.11334e-05
3.47538e-05
-8.61982e-35
1.75285e-06
1.18355e-05
2.36458e-05
3.73774e-05
2.45874e-05
3.12782e-05
-9.83199e-06
1.54141e-06
1.1604e-05
-3.54541e-05
-3.46529e-05
8.62241e-35
-2.36327e-05
-1.75146e-06
-1.18385e-05
-2.15232e-05
-3.84728e-05
-3.10318e-05
-3.72408e-05
-3.31718e-05
4.30954e-05
3.47141e-05
3.64524e-05
-8.38609e-35
1.45928e-06
5.57282e-06
1.50358e-05
2.82363e-05
2.3141e-05
2.66883e-05
-1.09379e-05
-5.5085e-07
8.86759e-06
-2.68902e-05
-2.40312e-05
8.38427e-35
-1.46054e-06
-1.41737e-05
-5.56665e-06
-2.72005e-05
-2.0481e-05
-2.45203e-05
-3.19978e-05
-2.92092e-05
3.70183e-05
2.88444e-05
3.08375e-05
-8.33099e-35
3.43635e-06
1.03616e-05
2.06375e-05
7.23048e-06
1.65485e-05
2.18348e-05
6.99298e-06
-1.28908e-05
-1.38591e-06
-1.46124e-05
-1.96265e-05
8.33192e-35
-3.4237e-06
-8.48355e-06
-1.98678e-05
-2.32591e-05
-1.7608e-05
-2.02258e-05
-2.37587e-05
8.37272e-35
2.98875e-05
2.56632e-05
2.1066e-05
2.40515e-05
-8.37296e-35
1.20393e-06
1.18477e-05
4.83584e-06
1.61661e-05
1.12717e-05
5.28788e-06
-1.87543e-06
-8.68063e-06
-1.38517e-05
-1.19061e-06
-5.12836e-06
-1.96266e-05
-1.23807e-05
-1.75158e-05
-1.51582e-05
-1.59899e-05
8.48614e-35
2.31144e-05
1.95731e-05
1.43346e-05
1.86345e-05
1.00072e-05
-8.48549e-35
1.10254e-06
3.95023e-06
8.69609e-06
1.14415e-05
7.03121e-06
1.59922e-07
-5.93432e-06
-6.5214e-06
-6.15163e-06
-1.14956e-06
-9.17743e-06
-1.42397e-05
-1.26057e-05
-1.10693e-05
-1.21596e-05
-5.87614e-06
8.6194e-35
-1.01443e-06
1.62464e-05
1.38215e-05
1.40401e-05
1.38158e-05
6.70289e-06
9.38084e-06
-8.62555e-35
9.6493e-07
3.59539e-06
1.01163e-05
7.15728e-06
3.87366e-06
-2.02153e-06
-6.32265e-06
-3.43819e-06
-8.69232e-06
-9.93691e-06
-1.82239e-06
-9.10874e-06
-9.69916e-06
-5.281e-06
8.77053e-35
-6.81218e-07
1.08863e-05
1.11692e-05
-8.77307e-35
8.38179e-06
4.85735e-06
7.01652e-06
2.5203e-06
6.94176e-07
7.37316e-06
5.00904e-06
1.78499e-06
-4.56604e-06
-2.30736e-06
-5.97978e-06
-7.61295e-06
-1.40782e-06
-6.48838e-06
-6.80354e-06
-3.7429e-06
8.92482e-35
-4.40652e-07
8.53426e-06
4.47904e-07
-8.92667e-35
5.76246e-06
3.25087e-06
4.38119e-06
1.58229e-06
5.17104e-06
3.03124e-06
1.26586e-06
-1.51468e-06
-3.04575e-06
-4.02597e-06
-5.20415e-06
-1.07068e-06
-4.51055e-06
-4.66419e-06
-2.58983e-06
9.08061e-35
-9.70176e-07
-2.73652e-07
5.26556e-06
2.80847e-07
-9.08212e-35
3.87653e-06
2.131e-06
2.90056e-06
1.02033e-06
3.54121e-06
2.06934e-06
8.76819e-07
-3.12558e-06
-2.65188e-06
-1.85702e-06
-3.12038e-06
-1.75178e-06
-7.31934e-07
-2.64472e-06
9.23501e-35
-6.37632e-07
-1.69134e-07
3.55488e-06
1.69093e-07
-9.23512e-35
2.27829e-06
1.87766e-06
1.27002e-06
6.41976e-07
1.50565e-06
2.03654e-06
5.93287e-07
-2.19435e-06
-1.87777e-06
-1.18453e-06
-2.03083e-06
-1.26557e-06
-4.02524e-07
-1.74117e-06
9.38805e-35
-3.90504e-07
-1.04283e-07
2.34452e-06
1.01768e-07
-9.38821e-35
1.45578e-06
1.07534e-06
7.91359e-07
3.72564e-07
1.08053e-06
1.32139e-06
3.18721e-07
-1.51496e-06
-1.18754e-06
-7.94943e-07
-1.45764e-06
-9.01509e-07
-2.53199e-07
-9.94562e-07
9.53917e-35
-5.75511e-08
-2.31746e-07
1.31138e-06
-9.53973e-35
2.32875e-07
5.84121e-08
7.31209e-07
9.07737e-07
4.80161e-07
7.45547e-07
8.37006e-07
2.02888e-07
-9.52808e-07
-7.30834e-07
-4.43774e-07
-7.9943e-07
-5.73554e-07
-1.63673e-07
-7.03876e-07
9.68907e-35
-3.24476e-08
-1.24451e-07
-9.68922e-35
6.82452e-07
3.23618e-08
5.49482e-07
1.40437e-07
4.87117e-07
2.81215e-07
4.35273e-07
5.64887e-07
1.41465e-07
-4.95645e-07
-2.57504e-07
-3.89156e-07
-4.79031e-07
-2.87818e-07
-1.00063e-07
-4.28358e-07
9.83748e-35
-1.57951e-08
-6.63206e-08
-9.98504e-35
-9.83762e-35
1.71547e-08
4.07608e-07
7.08361e-08
3.70408e-07
1.72476e-07
2.49285e-07
2.64563e-07
3.732e-07
9.65428e-08
-3.15391e-07
-2.20402e-07
-1.42244e-07
-2.76027e-07
-1.90453e-07
-5.93099e-08
-2.51972e-07
9.98496e-35
-6.96555e-09
-3.46891e-08
-1.01317e-34
3.74686e-08
7.29851e-09
2.33364e-07
8.13466e-08
1.77407e-07
1.54022e-07
1.54795e-07
1.75438e-07
4.35498e-08
-1.94224e-07
-1.50737e-07
-7.30168e-08
-1.34622e-07
-1.22724e-07
-3.34481e-08
-1.41254e-07
1.01317e-34
-2.11835e-09
-3.75291e-08
-1.40705e-08
-1.02779e-34
2.06622e-09
-3.67096e-10
1.54582e-08
1.26326e-07
3.74194e-08
9.12494e-08
7.76396e-08
8.63605e-08
9.44004e-08
2.37349e-08
-1.02767e-07
-9.14887e-08
-6.65167e-08
-6.67729e-08
-2.08114e-08
-8.38049e-08
-1.04237e-34
1.02779e-34
4.24561e-10
-2.98045e-09
-2.74833e-08
-1.29712e-08
4.6013e-08
-1.46956e-09
2.86473e-09
-2.10781e-09
1.58159e-08
4.85145e-08
2.72483e-08
5.15098e-08
1.18298e-08
3.29716e-08
-4.87782e-08
-4.11487e-08
-1.22102e-08
-4.64043e-08
-3.33051e-08
-1.05692e-34
1.04236e-34
1.55741e-09
2.4983e-09
9.45423e-10
-6.31281e-09
1.85073e-08
-1.84996e-09
-4.65866e-09
2.65312e-10
9.59068e-09
1.81689e-08
1.32882e-08
4.98828e-09
1.38642e-08
-8.6869e-09
-5.28323e-09
-1.88385e-08
-1.82885e-08
-1.40481e-08
-1.07145e-34
-1.747e-09
1.05692e-34
1.8623e-09
5.49049e-09
4.69043e-09
5.21575e-09
5.85111e-09
-5.04509e-09
-5.4594e-09
-4.07602e-09
-8.7696e-10
2.18795e-09
1.993e-09
3.5042e-09
8.27405e-10
-1.47173e-09
-3.96839e-09
7.55159e-10
-9.72858e-10
-1.08597e-34
-1.5275e-09
-4.58973e-09
1.07145e-34
1.76182e-09
7.56367e-09
4.99861e-09
8.15161e-09
-1.27728e-09
-7.44399e-09
-7.68164e-09
-7.44929e-09
-5.29542e-09
-7.20386e-09
2.00647e-10
-1.5959e-09
8.03549e-09
4.29358e-10
5.94362e-09
3.22952e-09
2.20242e-09
-6.55318e-09
-1.10049e-34
-1.2186e-09
-3.74894e-09
1.08597e-34
1.52767e-09
7.4634e-09
4.52014e-09
9.04676e-09
-6.10747e-09
-9.08786e-09
-9.2118e-09
-8.05385e-09
-1.23894e-09
-3.71031e-09
8.10233e-09
9.21242e-09
1.2808e-09
6.1226e-09
3.76792e-09
-8.1204e-09
-5.32753e-09
-3.02978e-09
-1.11499e-34
-9.43973e-10
1.10048e-34
1.23511e-09
6.5822e-09
3.84614e-09
9.07462e-09
8.41913e-09
-6.63017e-09
-9.00528e-09
-8.29851e-09
-1.39553e-09
-4.1871e-09
6.73874e-09
8.42517e-09
1.54144e-09
4.34837e-09
-1.1295e-34
-7.78172e-09
-7.02714e-09
-4.29817e-09
-2.2972e-09
-6.91146e-10
1.11499e-34
9.39518e-10
2.9783e-09
5.38996e-09
6.8316e-09
7.93438e-09
-6.18175e-09
-7.39321e-09
-1.30272e-09
-3.86103e-09
6.25574e-09
7.20744e-09
1.52157e-09
3.9108e-09
-1.144e-34
-5.03975e-10
-6.66786e-09
-5.55132e-09
-3.20682e-09
-1.73351e-09
1.1295e-34
2.26811e-09
7.06958e-10
4.20794e-09
5.42284e-09
6.47996e-09
-6.04194e-09
-5.38049e-09
-3.19311e-09
-1.11703e-09
5.91707e-09
5.31418e-09
3.31752e-09
1.38295e-09
-1.1585e-34
-3.50576e-10
-1.22495e-09
-5.14833e-09
-4.45362e-09
-4.8654e-09
-3.24633e-09
-2.30123e-09
1.144e-34
1.73811e-09
5.06156e-10
3.03884e-09
4.40343e-09
4.74611e-09
-2.59818e-09
-4.24938e-09
-8.16718e-10
4.67354e-09
2.84215e-09
3.96458e-09
1.16074e-09
-1.173e-34
-2.28449e-10
-8.33484e-10
-3.78634e-09
-3.77044e-09
-1.48869e-09
-2.25874e-09
1.1585e-34
3.60555e-10
2.24562e-09
1.2225e-09
3.11809e-09
3.61244e-09
-2.01125e-09
-2.77836e-09
-3.52276e-10
3.61705e-09
2.41877e-09
3.12594e-09
1.05117e-09
-1.48433e-10
-1.1875e-34
-1.03431e-09
-5.11642e-10
-2.02435e-09
-2.39419e-09
-2.64128e-09
-1.74137e-09
-1.34357e-09
1.173e-34
2.54857e-10
1.64497e-09
8.8165e-10
2.73226e-09
2.3177e-09
-1.24579e-10
-1.32911e-09
1.00743e-09
2.57814e-09
2.78593e-09
1.84024e-09
-1.202e-34
-8.57784e-11
-6.16537e-10
-2.98223e-10
-1.37209e-09
-1.46301e-09
-1.0257e-09
-7.77144e-10
1.1875e-34
1.85385e-10
1.26843e-09
6.37541e-10
2.23497e-09
1.73567e-09
-5.18428e-10
9.36982e-11
9.97345e-10
2.18102e-09
2.15576e-09
1.58669e-09
1.44907e-09
-4.23824e-10
-1.52896e-10
-1.2165e-34
-4.05929e-11
-3.00829e-10
-8.69674e-10
-7.03471e-10
-3.79454e-10
-4.63959e-10
1.771e-09
1.34559e-10
1.202e-34
4.71993e-10
1.33404e-09
9.50329e-10
1.64203e-09
-1.40066e-10
3.63017e-10
1.06754e-09
1.70112e-09
1.41249e-09
1.2165e-34
-6.5552e-11
-2.87802e-11
-1.231e-34
-4.65378e-12
-2.54542e-11
-1.2455e-34
1.95519e-10
-1.54022e-10
1.00149e-10
8.10713e-11
1.55357e-09
3.7473e-10
1.0201e-10
1.12146e-09
7.43835e-10
1.36259e-09
6.24383e-10
1.17749e-09
1.53742e-09
1.42827e-09
1.231e-34
2.19713e-10
6.80444e-11
2.14441e-11
1.58922e-10
-1.26e-34
5.74019e-10
4.53517e-10
4.97172e-10
4.22657e-10
1.43007e-09
3.09179e-10
8.31502e-11
6.10518e-10
9.55328e-10
1.21247e-09
1.32904e-09
1.00245e-09
1.48579e-09
1.50938e-09
7.53754e-11
1.2455e-34
4.55383e-10
1.47286e-10
4.41994e-11
3.33157e-10
6.2428e-11
-1.27451e-34
9.15329e-10
8.24965e-10
7.79958e-10
9.32945e-10
1.38039e-09
5.65691e-10
2.79101e-10
8.78865e-10
1.16527e-09
8.67288e-10
1.46749e-09
1.26052e-09
1.50744e-09
1.6104e-09
2.73156e-10
7.41881e-11
1.26e-34
9.61021e-10
4.42586e-10
6.96469e-10
2.21842e-10
7.9184e-11
-1.28901e-34
1.35553e-09
1.26655e-09
1.21774e-09
1.39996e-09
5.5401e-10
1.16516e-09
8.89816e-10
1.61985e-09
1.63908e-09
1.57169e-09
1.7328e-09
1.27451e-34
2.82555e-10
7.75938e-11
1.43028e-09
1.12593e-09
8.69593e-10
5.41883e-10
2.82158e-10
-1.30351e-34
9.63508e-11
3.38127e-10
1.63894e-09
1.61901e-09
1.45864e-09
5.74029e-10
7.62671e-10
1.09999e-09
1.21632e-09
1.82882e-09
1.89694e-09
1.87489e-09
1.68829e-09
1.28901e-34
3.08536e-10
8.50866e-11
-1.31801e-34
1.61661e-09
9.9139e-10
1.36987e-09
6.6416e-10
1.11579e-10
3.83848e-10
1.84218e-09
2.02117e-09
1.92829e-09
1.59013e-09
9.69672e-10
6.19864e-10
1.31612e-09
2.00365e-09
2.11635e-09
2.19505e-09
1.86829e-09
1.30351e-34
3.32046e-10
9.36405e-11
-1.34701e-34
1.24579e-10
-1.33251e-34
1.79302e-09
1.51814e-09
1.12295e-09
7.55055e-10
4.31888e-10
8.16067e-10
2.19347e-09
2.08053e-09
1.68819e-09
1.0189e-09
6.64952e-10
1.39231e-09
2.11234e-09
2.25588e-09
2.31211e-09
1.97295e-09
1.31801e-34
1.01206e-10
6.95958e-10
3.56316e-10
-1.36151e-34
4.61983e-10
1.36571e-10
2.13109e-09
1.91049e-09
1.59113e-09
1.2351e-09
8.64758e-10
1.26384e-09
2.26228e-09
1.42767e-09
1.74739e-09
1.06722e-09
2.30566e-09
2.19127e-09
2.30301e-09
2.01037e-09
1.3325e-34
1.07812e-10
3.7138e-10
7.11638e-10
1.06873e-09
-1.37602e-34
1.44838e-10
1.44506e-10
4.71961e-10
1.88152e-09
2.02905e-09
1.60591e-09
8.55777e-10
1.22627e-09
2.11105e-09
2.11005e-09
1.72476e-09
1.42114e-09
2.2713e-09
2.15544e-09
1.9751e-09
1.347e-34
1.09135e-10
3.66736e-10
6.76481e-10
1.01228e-09
1.25862e-09
-1.39052e-34
1.3318e-10
4.50441e-10
3.90991e-10
7.92021e-10
1.78413e-09
1.73159e-09
1.47131e-09
1.25066e-09
1.01548e-09
2.05464e-09
1.78319e-09
1.69905e-09
1.77892e-09
1.56834e-09
1.94055e-09
1.3615e-34
1.03144e-10
3.26591e-10
5.93752e-10
1.04336e-09
7.84488e-10
-1.40503e-34
1.0482e-10
2.58842e-10
5.81355e-10
7.36084e-10
1.33873e-09
1.1461e-09
2.79946e-10
5.27154e-10
1.55711e-09
1.24491e-09
9.23416e-10
-3.69244e-10
1.34109e-09
1.04018e-09
1.14692e-09
1.376e-34
2.51047e-10
8.61403e-11
5.04995e-10
4.0513e-10
5.49494e-10
-1.41953e-34
5.16408e-11
3.22247e-11
2.34748e-10
1.48797e-10
-4.23493e-11
-8.44329e-10
-4.76969e-10
6.63602e-10
-6.31148e-10
-1.87252e-09
5.62214e-10
4.24168e-10
3.50213e-10
1.3905e-34
1.02987e-10
5.22961e-11
-5.36232e-11
8.20604e-11
-2.56313e-10
-4.90976e-10
-3.56732e-11
-3.76952e-10
-1.43404e-34
-4.51874e-10
-1.22432e-09
-7.86463e-10
-1.76286e-09
-2.55562e-09
-2.44058e-09
-7.96621e-10
-7.79508e-10
-2.78093e-09
-3.91978e-09
-6.87367e-10
1.40499e-34
-8.88975e-12
-1.31119e-10
-9.07772e-10
-5.29033e-10
-1.88978e-09
-2.07588e-09
-2.30168e-09
-9.54983e-10
-1.69573e-10
-1.44855e-34
-2.5888e-09
-4.33956e-09
-5.5468e-09
-6.23841e-09
-2.89045e-09
-4.32142e-09
-7.82825e-09
-9.46118e-09
-3.45895e-09
1.41949e-34
-9.77116e-11
-1.18218e-09
-4.78604e-10
-2.14766e-09
-3.25417e-09
-4.34705e-09
-4.85851e-09
-7.3382e-09
-1.71448e-09
-4.45679e-09
-1.46306e-34
-3.84116e-10
-6.67326e-09
-1.11171e-08
-9.79582e-09
-5.8993e-09
-8.27892e-09
-1.33136e-08
-1.52677e-08
-7.50887e-09
1.43399e-34
-2.2418e-10
-9.72688e-10
-2.05266e-09
-3.87639e-09
-4.99071e-09
-7.49725e-09
-1.2367e-08
-1.16455e-08
-2.93812e-09
-6.69398e-09
-1.47757e-34
-6.6541e-10
-1.45251e-08
-1.75109e-08
-1.00915e-08
-1.66048e-08
-2.13197e-08
-2.04653e-08
-1.17354e-08
-1.40839e-08
1.44848e-34
-1.66375e-09
-4.11233e-10
-6.21302e-09
-3.6701e-09
-9.00662e-09
-2.21e-08
-1.69884e-08
-1.76756e-08
-4.68163e-09
-1.11071e-08
-1.49209e-34
-1.13324e-09
-2.89875e-08
-2.62539e-08
-1.57832e-08
-1.96972e-08
-2.16597e-08
-3.00347e-08
-2.93486e-08
-1.72631e-08
-2.3624e-08
1.46297e-34
-2.57476e-09
-6.62012e-10
-9.25198e-09
-5.87422e-09
-1.46041e-08
-3.24848e-08
-2.80304e-08
-2.60733e-08
-1.66078e-08
-7.16923e-09
-1.50661e-34
-1.79605e-09
-1.52113e-34
-4.15737e-08
-4.33848e-08
-2.71089e-08
-3.541e-08
-4.98523e-08
-4.13103e-08
-2.42732e-08
-3.28793e-08
1.47747e-34
-3.7227e-09
-9.75963e-10
-1.3071e-08
-8.31342e-09
-2.03229e-08
-3.77155e-08
-4.65642e-08
-4.05274e-08
-5.26073e-08
-2.2943e-08
-1.06938e-08
-2.67968e-09
-1.53566e-34
-4.12055e-09
-5.815e-08
-6.09801e-08
-4.53813e-08
-6.82782e-08
-5.65733e-08
-8.56868e-08
-3.29076e-08
-4.43159e-08
1.49196e-34
-5.1218e-09
-1.36369e-09
-1.7698e-08
-1.12499e-08
-2.72263e-08
-5.6526e-08
-3.76223e-08
-6.55845e-08
-7.4223e-08
-1.5502e-34
-3.52218e-08
-1.62738e-08
-5.96761e-09
-7.98284e-08
-8.43011e-08
-1.08802e-07
-6.06872e-08
-7.57514e-08
-9.33897e-08
-1.06532e-07
-4.31804e-08
-5.80565e-08
-7.09067e-08
1.50645e-34
-1.82408e-09
-6.73806e-09
-1.46057e-08
-2.30519e-08
-3.5207e-08
-8.0936e-08
-5.78841e-08
-1.00871e-07
-1.57928e-34
-1.56474e-34
-8.67768e-09
-4.76421e-08
-2.35623e-08
-1.22051e-07
-1.39373e-07
-1.59383e-34
-1.60839e-34
-8.80357e-08
-1.13903e-07
-1.39862e-07
-4.15712e-08
-5.88605e-08
-8.50268e-08
-2.30463e-09
1.52095e-34
1.53545e-34
-1.75945e-08
-8.6652e-09
-3.01096e-08
-8.16371e-08
-1.03344e-07
-1.38395e-07
-1.27343e-08
-3.38607e-08
-4.85634e-08
-6.76667e-08
-1.62228e-07
-1.87336e-07
-1.84451e-08
-2.61986e-08
-1.63748e-34
-1.62295e-34
-3.7621e-08
-1.11326e-07
-1.45514e-07
-1.81242e-07
-5.03571e-08
-7.16091e-08
-1.03451e-07
1.54996e-34
-2.78304e-09
-2.09872e-08
-1.03169e-08
-3.56975e-08
-1.14327e-07
-1.43028e-07
-1.88503e-07
-1.59326e-07
-6.91908e-08
-1.00709e-07
-2.13531e-07
-2.49991e-07
-9.75193e-08
-1.65197e-34
-3.50844e-08
-5.18969e-08
-1.36842e-07
-1.66639e-34
-1.68066e-34
-1.37602e-07
-1.82819e-07
-2.32107e-07
-5.81934e-08
-8.37353e-08
-1.21753e-07
1.56447e-34
-3.16193e-09
-2.3502e-08
-1.14774e-08
-3.98846e-08
-2.13753e-07
-2.55238e-07
-2.20818e-07
-1.97401e-07
-1.48944e-07
-2.78705e-07
-3.31548e-07
-2.74362e-07
-4.64009e-08
-1.67817e-07
-1.84608e-07
-1.91722e-07
-3.59966e-07
-7.53541e-08
-9.39067e-08
-1.69484e-34
-1.66022e-07
-2.94039e-07
-2.25914e-07
-6.36096e-08
-9.30297e-08
-1.37627e-07
1.579e-34
-3.23718e-09
-1.14701e-08
-4.0734e-08
-2.36924e-08
-3.17078e-07
-3.43737e-07
-3.97578e-07
-3.04277e-07
-3.61049e-07
-4.06746e-07
-5.6865e-07
-4.17341e-07
-2.62197e-07
-4.29041e-07
-4.09675e-07
-6.67605e-07
-3.38236e-07
-4.33206e-07
-1.64908e-07
-1.70817e-34
-1.71786e-34
-3.6444e-07
-1.95023e-07
-2.74501e-07
-6.21004e-08
-9.61185e-08
-1.47516e-07
1.59355e-34
-2.77122e-09
-3.53652e-08
-9.25091e-09
-2.03616e-08
-1.79473e-34
-7.70083e-35
-4.60366e-07
-5.37633e-07
-4.64392e-07
-5.08283e-07
-8.11461e-07
-6.68988e-07
5.34338e-08
-5.52617e-07
-8.47631e-07
-7.63933e-07
-9.73477e-07
-8.33059e-07
-1.05021e-06
-5.27678e-07
-1.72096e-34
-1.73839e-34
-7.50443e-07
-4.30412e-07
-3.27798e-07
-2.25932e-07
-1.4623e-07
-2.38105e-08
-5.04805e-08
-8.08097e-08
-3.95457e-09
1.60811e-34
-1.30662e-09
-9.91793e-09
-2.95858e-36
-5.05168e-07
-6.13533e-07
-5.93405e-07
-6.32333e-07
-1.15514e-06
-8.11944e-07
-1.00149e-06
-3.34858e-06
-2.02369e-06
-1.21995e-06
-1.13012e-06
-1.30766e-06
-1.46651e-06
-1.69068e-06
-1.55059e-06
-1.60984e-06
-8.78594e-07
-2.13792e-06
-3.84361e-07
-2.51177e-07
1.62271e-34
-2.82294e-08
-1.26599e-07
-2.55071e-09
-9.99559e-09
6.14496e-09
2.05344e-09
7.72913e-09
1.65921e-08
-1.01455e-36
-6.17863e-07
-7.52693e-07
-8.214e-07
-1.27907e-06
-1.05606e-06
-8.17891e-07
-1.70081e-06
-1.82838e-06
-2.90051e-06
-1.98771e-06
-1.7269e-06
-1.81051e-06
-2.2237e-06
-2.55197e-06
-2.31012e-06
-2.81961e-06
-4.41748e-07
-2.52527e-07
-7.96759e-08
1.63733e-34
1.81266e-08
3.40462e-08
5.19802e-08
7.28306e-08
5.12492e-08
3.19849e-08
-7.78958e-37
-6.21087e-07
-9.89526e-07
-1.39625e-06
-1.07445e-06
-8.74959e-07
-2.10855e-06
-1.76706e-06
-1.89304e-06
-2.05603e-06
-2.49957e-06
-2.40235e-06
-2.85458e-06
-2.80836e-06
-2.73164e-06
-3.63875e-07
-1.09532e-07
1.03745e-07
1.65199e-34
1.48559e-08
6.4773e-08
8.03007e-08
1.28222e-07
2.13907e-07
1.45924e-07
1.16906e-07
-1.18526e-36
-5.81779e-07
-1.39217e-06
-1.02874e-06
-1.82604e-06
-2.59294e-06
-2.20629e-06
-1.8097e-07
-2.66819e-06
-2.94906e-06
-3.1823e-06
-3.07623e-06
-2.5837e-07
1.87444e-08
2.75779e-07
1.66665e-34
2.5671e-08
8.79242e-08
1.74804e-07
3.84295e-07
3.1762e-07
2.27303e-07
3.45503e-36
-5.49603e-07
-1.36037e-06
-8.88032e-07
-2.16685e-06
-1.76492e-06
-2.75234e-06
-1.66431e-06
-2.89496e-06
-3.10811e-06
-3.4848e-06
-1.72135e-08
2.71104e-07
5.67332e-07
7.27307e-07
1.68127e-34
4.95784e-08
1.38051e-07
2.86062e-07
3.02952e-07
4.51462e-07
-1.35258e-36
-1.77764e-07
-1.19986e-06
-4.16147e-07
-2.21937e-06
-1.56978e-06
-2.68862e-06
-3.67485e-06
-2.78223e-06
-3.02503e-06
7.28896e-07
4.39108e-07
8.64371e-07
1.08516e-06
1.6958e-34
7.53263e-08
3.84317e-07
2.56494e-07
5.97906e-07
-6.38126e-36
1.99253e-07
-6.67335e-07
-1.90126e-07
-4.40748e-06
-1.19324e-06
-1.99345e-06
-2.43503e-06
-2.09538e-06
-2.63014e-06
1.01465e-06
9.22441e-07
1.39332e-06
1.50187e-06
1.70977e-34
3.67055e-07
8.22652e-07
-1.15014e-36
8.33932e-07
5.3963e-07
-4.45935e-07
6.64566e-08
-1.1909e-06
-1.22078e-06
-1.54433e-06
-5.02888e-07
1.3938e-06
1.72372e-34
1.54452e-06
1.90031e-06
1.97418e-06
4.92717e-07
9.81936e-07
3.4382e-37
1.38168e-06
1.18515e-06
7.19665e-07
2.13288e-07
-5.24352e-07
9.17658e-08
1.62377e-06
1.73539e-34
3.08062e-07
1.73501e-34
2.04903e-06
2.36526e-06
2.45927e-06
1.84319e-06
9.26186e-07
8.57653e-37
1.88461e-06
1.34455e-06
8.39346e-07
1.64772e-07
7.70083e-35
1.79507e-34
5.00899e-07
9.87141e-07
2.41116e-06
2.75012e-06
2.21606e-06
2.6461e-06
2.35078e-06
-2.93776e-37
1.99413e-06
1.38756e-06
1.88862e-07
2.10396e-36
2.07195e-06
2.52739e-06
2.59101e-06
2.88517e-06
3.03896e-06
-8.65967e-38
1.79131e-06
1.11624e-06
1.28651e-36
2.14277e-06
2.74503e-06
2.52179e-06
2.93706e-06
1.172e-36
1.30017e-06
1.78212e-36
2.13903e-06
1.38405e-06
3.44008e-37
4.65024e-37
