-1.82104e-37
-7.36533e-36
-7.09614e-37
-3.62431e-37
-4.44582e-06
-4.93155e-07
1.27239e-36
9.10121e-07
5.1929e-37
-7.73767e-37
8.56591e-37
2.38022e-36
-2.10869e-36
-6.24404e-35
-7.53987e-36
1.64822e-36
-1.02883e-06
-3.25624e-06
-1.10184e-06
-1.64268e-06
-1.62061e-07
8.60529e-07
1.38346e-06
9.5712e-07
1.90793e-36
2.38965e-06
-5.4395e-06
-1.82455e-06
1.42142e-07
-3.94893e-06
-1.59269e-34
-4.8067e-06
-4.37097e-06
-3.3567e-06
-2.71314e-07
-2.6256e-06
-1.37557e-06
-2.60891e-06
7.09463e-08
1.91991e-06
3.4094e-06
9.72381e-37
4.44939e-06
3.21366e-06
-4.06316e-06
-3.9799e-06
-3.76259e-06
-3.8013e-06
-1.51679e-34
-4.0914e-06
-2.34783e-06
-7.45357e-07
-3.05978e-06
-2.35172e-06
-7.5599e-07
4.672e-06
3.65238e-06
6.36385e-07
2.4517e-06
8.73295e-36
6.58207e-06
6.3495e-06
6.07104e-06
-3.32704e-06
-4.60037e-06
-4.02723e-06
-3.88364e-06
-3.8161e-06
-1.5274e-34
-2.39065e-06
-1.43361e-06
-4.83065e-07
-2.44325e-06
-1.38923e-06
-2.06569e-07
4.46512e-06
5.2974e-06
3.22775e-06
1.81345e-06
9.9634e-37
5.17437e-06
5.66346e-06
5.03428e-06
5.10506e-06
-2.79342e-06
-3.28631e-06
-3.66602e-06
-3.70777e-06
-3.30149e-06
-2.64629e-06
-1.51775e-34
-1.03369e-06
-3.01174e-07
4.68174e-06
-1.76777e-06
-8.1069e-07
2.9543e-07
1.31924e-06
3.98698e-06
2.5438e-06
-2.22217e-36
2.71236e-06
5.25099e-06
5.58166e-06
4.50824e-06
3.98728e-06
-1.8887e-06
-2.68256e-06
-3.01639e-06
-2.62278e-06
-1.44614e-06
-2.15984e-06
-2.08399e-06
-5.83783e-07
-1.50446e-34
-2.21874e-07
3.7782e-06
3.98938e-06
3.31481e-06
-9.93602e-07
-3.81472e-07
1.88628e-06
6.46671e-07
2.61363e-06
1.769e-36
8.71202e-07
3.22637e-06
2.23287e-06
3.20748e-06
3.16554e-06
2.77296e-06
2.4989e-06
2.99633e-06
-1.58434e-06
-2.04688e-06
-2.30755e-06
-2.02368e-06
-1.68442e-06
-1.09761e-06
-1.32189e-06
-4.23419e-07
-1.21022e-07
-1.49124e-34
3.06525e-06
2.63806e-06
-8.50319e-07
-4.37104e-08
1.78376e-06
8.35498e-07
2.03553e-06
6.24404e-35
1.59147e-34
1.7273e-07
7.45737e-07
5.02345e-07
1.60668e-06
1.78984e-06
1.20377e-06
1.35183e-06
2.41427e-06
1.91293e-06
-1.52595e-06
-1.25678e-06
-7.11671e-07
-1.70458e-06
-1.4407e-06
-1.2916e-06
-9.75215e-07
-6.65986e-07
-2.49739e-07
-8.60625e-08
-1.47703e-34
2.2624e-06
2.02875e-06
-6.3085e-08
1.12682e-06
3.92539e-07
1.34031e-06
1.52583e-34
1.51037e-34
1.51646e-34
3.42093e-07
2.72125e-07
7.3643e-07
9.9788e-07
5.36983e-07
1.89966e-06
1.49936e-06
1.03353e-06
-1.17081e-06
-1.0731e-06
-7.05644e-07
-3.25658e-07
-9.72719e-07
-1.12184e-06
-7.09677e-07
-4.25875e-07
-4.97007e-08
-1.4627e-34
1.46178e-06
1.5259e-06
1.34877e-06
1.00032e-07
6.45087e-07
8.30045e-07
1.50411e-34
1.49129e-34
1.59279e-07
1.10239e-07
3.21372e-07
1.15809e-06
6.26121e-07
-8.38247e-07
-8.41388e-07
-6.90631e-07
-4.2311e-07
-6.92785e-08
-5.07772e-07
-7.19769e-07
-2.67533e-07
-7.51113e-08
-1.44822e-34
8.64317e-07
1.10213e-06
1.11363e-06
8.53256e-07
3.19766e-07
5.99589e-07
1.47722e-34
8.96692e-07
1.46296e-34
6.45568e-08
3.46518e-07
6.18935e-07
3.46302e-07
-2.61215e-08
-6.38305e-07
-6.27674e-07
-4.61401e-07
-2.7413e-07
-4.78111e-07
-3.56174e-07
-4.85459e-08
-1.81202e-07
-1.43371e-34
4.3863e-07
6.32877e-07
6.83874e-07
6.90204e-07
5.99804e-07
4.30854e-07
2.15143e-07
1.4485e-34
9.79573e-08
2.26596e-07
-1.70294e-07
-5.23592e-10
-4.20436e-07
-4.12012e-07
-2.98106e-07
-3.39786e-07
-2.28997e-07
-2.99874e-08
-1.09307e-07
-1.41921e-34
2.86282e-07
3.84987e-07
5.09837e-07
4.68937e-07
3.03706e-07
4.13624e-07
1.59867e-07
1.43399e-34
6.10064e-08
1.38952e-07
3.97404e-08
9.18498e-08
-2.62865e-07
-1.00643e-07
1.30865e-08
-2.68496e-07
-1.86264e-07
-1.94838e-07
-1.43127e-07
-1.82078e-08
-7.07612e-08
-1.40472e-34
1.71283e-07
2.73953e-07
3.37089e-07
3.12801e-07
2.27485e-07
2.80056e-07
1.16494e-07
1.41943e-34
1.40491e-34
2.47801e-08
5.67018e-08
-1.62545e-07
-1.11773e-07
1.85576e-08
-5.5524e-08
-1.41568e-07
-1.32226e-07
-1.06062e-08
-8.69816e-08
-3.97394e-08
-1.39025e-34
1.15661e-07
1.74945e-07
1.11218e-07
2.19016e-07
1.94654e-07
1.86226e-07
1.68475e-07
8.34939e-08
1.39041e-34
1.44155e-08
3.23083e-08
8.66957e-09
-9.70606e-08
-7.11195e-08
-2.79046e-08
1.92884e-08
-9.07002e-08
-7.83601e-08
-5.81301e-09
-5.07657e-08
-4.6235e-08
-2.26584e-08
-1.3758e-34
6.55083e-08
9.89577e-08
1.51259e-07
1.31487e-07
1.38974e-07
9.54793e-08
5.87925e-08
1.37592e-34
1.36147e-34
1.98098e-08
4.90546e-09
1.7554e-08
-5.54549e-08
-4.35007e-08
-1.17648e-08
-5.61931e-08
-3.92244e-08
-3.04572e-09
-1.29707e-08
-2.56482e-08
-1.36137e-34
3.89034e-08
5.98519e-08
8.61833e-08
9.16276e-08
9.54817e-08
4.05078e-08
6.2436e-08
1.34703e-34
1.08914e-08
2.6049e-09
1.45951e-08
-2.06431e-08
-3.08906e-09
-2.99553e-08
-3.00952e-08
-2.21401e-08
-1.32301e-08
-1.40236e-09
-6.42121e-09
-1.34695e-34
3.49809e-08
2.43374e-08
4.51975e-08
5.87058e-08
2.72285e-08
5.75283e-08
3.99009e-08
1.3326e-34
5.58152e-09
1.17411e-09
9.83669e-10
1.2078e-08
-6.96958e-09
-1.49724e-08
-9.95442e-09
-7.07742e-09
-1.48107e-08
-5.06143e-10
-2.79009e-09
-1.33254e-34
2.21699e-08
1.1938e-08
2.59487e-08
3.49131e-08
2.74216e-08
1.77345e-08
2.89852e-08
1.31819e-34
4.24586e-10
2.28642e-09
6.62813e-09
2.24369e-09
9.59043e-09
-2.16753e-09
-2.76095e-09
-6.66012e-09
-5.08817e-09
-4.77131e-09
-1.76783e-09
-4.86155e-11
-7.6727e-10
-1.31814e-34
1.66439e-08
1.17347e-08
1.64807e-08
1.84145e-08
1.10571e-08
1.67049e-08
1.30379e-34
5.64703e-09
4.85868e-11
2.45072e-09
8.60287e-10
2.46838e-09
5.39082e-09
-3.63277e-10
-7.44548e-10
-1.56532e-09
-2.49773e-09
-4.87692e-10
-1.03857e-09
1.14708e-10
-2.30747e-12
-1.30375e-34
8.56772e-09
9.63103e-09
1.06186e-08
7.37851e-09
1.02236e-08
1.28939e-34
2.33254e-09
-1.21043e-10
7.24215e-10
-7.4707e-12
1.91808e-09
3.62036e-09
2.44502e-10
-4.68412e-10
2.5466e-11
-6.12727e-10
-3.51458e-10
2.01538e-10
1.31778e-10
-1.28936e-34
4.65718e-09
5.96153e-09
3.21376e-09
5.31194e-09
5.69516e-09
1.27499e-34
6.37669e-10
4.42408e-11
-1.50302e-10
-2.30217e-10
2.13388e-09
1.72252e-11
9.27159e-10
-5.09409e-10
-2.60404e-11
-5.92953e-10
-3.58294e-10
8.39069e-11
6.77546e-11
-1.27497e-34
2.19074e-09
1.37661e-09
2.86353e-09
2.46555e-09
1.95931e-09
1.2606e-34
4.3433e-10
-1.01937e-10
5.03939e-11
-1.66642e-10
5.85043e-10
-7.87772e-10
-6.77284e-10
-1.07568e-09
-1.28261e-09
-5.5985e-10
-9.66731e-10
-3.96667e-11
-1.84112e-10
-1.26058e-34
1.97279e-10
8.79062e-10
1.28366e-09
1.39569e-09
9.85282e-10
1.24621e-34
7.87584e-10
1.24631e-11
5.22459e-10
1.73662e-10
-1.54795e-09
-5.72133e-10
-1.88096e-09
-2.54365e-09
-2.07243e-09
-1.93878e-09
-1.16817e-09
-1.67813e-10
-6.48364e-10
-1.2462e-34
5.54288e-10
-2.93526e-10
1.28755e-09
1.37502e-09
1.0395e-09
1.23182e-34
1.71274e-09
1.70093e-10
1.19055e-09
6.6454e-10
-2.37525e-09
-1.41033e-09
-3.5795e-09
-3.93031e-09
-3.3949e-09
-2.88566e-09
-2.21728e-09
-3.41294e-10
-1.17432e-09
-1.23181e-34
5.8663e-10
-5.22371e-10
2.32702e-09
2.2751e-09
1.72706e-09
1.21743e-34
3.03729e-09
1.30575e-09
3.7312e-10
2.42768e-09
-4.84908e-09
-3.3416e-09
-1.99312e-09
-5.32814e-09
-5.43198e-09
-4.26265e-09
-4.55832e-09
-3.11511e-09
-1.79806e-09
-5.3726e-10
-1.21743e-34
1.06718e-09
-5.25273e-10
3.80749e-09
3.05143e-09
1.20304e-34
4.96271e-09
6.1905e-10
1.99098e-09
3.72857e-09
-4.17273e-09
-5.81531e-09
-2.36307e-09
-6.67885e-09
-6.5212e-09
-6.10146e-09
-4.49179e-09
-2.52041e-09
-7.54285e-10
-1.20304e-34
-2.99325e-10
3.50293e-09
1.77737e-09
5.50377e-09
4.64997e-09
1.18865e-34
6.26417e-09
9.11814e-10
2.94293e-09
5.10426e-09
7.06188e-09
-7.55513e-09
-4.76062e-09
-6.59687e-09
-2.51939e-09
-7.75817e-09
-8.3645e-09
-5.54948e-09
-3.31245e-09
-1.03617e-09
-1.18865e-34
2.04383e-11
4.5746e-09
2.48091e-09
6.41345e-09
1.17426e-34
7.74827e-09
1.21081e-09
3.73011e-09
6.32151e-09
7.88142e-09
2.34969e-50
9.94133e-50
-5.43892e-36
-8.44893e-09
-4.86575e-09
-6.96266e-09
-2.25288e-09
-8.44914e-09
-9.11486e-09
-4.0117e-09
-6.84142e-09
-1.32986e-09
-1.17425e-34
2.77122e-10
5.03009e-09
2.75988e-09
6.79044e-09
-1.70404e-09
2.0478e-10
1.15985e-34
7.85448e-09
1.53691e-09
4.46285e-09
6.89192e-09
6.87476e-09
5.39927e-20
5.44252e-36
-9.40594e-36
-8.72678e-09
-8.56139e-09
-5.98349e-09
-4.02316e-09
-7.69876e-09
-7.32727e-09
-1.58004e-09
-4.68537e-09
-1.15985e-34
3.92154e-09
1.97916e-09
5.00783e-09
-6.96222e-10
-5.86342e-10
-6.89971e-09
1.14544e-34
1.71414e-09
5.78985e-09
4.56476e-09
5.92327e-09
2.13946e-09
-2.02936e-19
9.41264e-36
-1.37676e-35
-5.73729e-09
-2.37786e-09
6.28746e-10
-1.86809e-09
-6.43473e-09
-4.67709e-09
-1.14544e-34
-1.769e-09
-1.13101e-34
-3.40387e-10
-3.24966e-09
-1.01286e-09
1.71347e-09
-2.74156e-09
-1.00585e-09
1.13102e-34
1.62204e-09
-8.56096e-10
3.23581e-09
1.84422e-09
-9.53542e-09
8.31862e-20
1.37776e-35
-1.81293e-35
5.8794e-09
5.98569e-09
1.61936e-08
6.44115e-09
9.76847e-09
-2.66549e-09
-3.64025e-09
-1.64614e-09
-1.11656e-34
-1.03284e-08
-1.0053e-08
-1.47687e-08
6.12013e-09
-5.90717e-09
2.15516e-08
1.23023e-08
1.11657e-34
1.03465e-09
-1.57987e-08
-6.69702e-11
-5.98517e-09
-2.54869e-08
1.42129e-18
1.81425e-35
-2.2491e-35
2.25074e-35
1.98424e-08
3.27085e-08
3.72821e-08
2.27928e-08
-9.53538e-10
4.47564e-09
2.73603e-10
-1.10208e-34
8.89913e-10
-2.16426e-08
-3.03043e-08
-4.27431e-08
-1.11396e-08
1.93259e-08
5.02184e-08
-5.30329e-08
1.95157e-08
3.31453e-08
1.10209e-34
-9.50393e-10
-8.05342e-09
-4.51373e-08
-2.39813e-08
-7.76427e-08
5.99945e-18
-2.68527e-35
2.68723e-35
6.55654e-08
7.49185e-08
7.00352e-08
8.33578e-09
2.50089e-08
-1.08755e-34
4.61239e-09
-4.69077e-08
-6.69924e-08
-9.09372e-08
-2.18545e-08
3.61175e-08
8.40619e-08
4.62412e-08
1.08756e-34
-4.49809e-09
-2.60209e-08
-9.81829e-08
-6.5393e-08
-1.30733e-07
-1.75922e-07
-3.12144e-35
-1.34357e-16
3.12372e-35
-3.55761e-35
1.12391e-07
1.35272e-07
1.47925e-07
2.40334e-08
5.26721e-08
-1.07294e-34
1.15356e-08
-9.05166e-08
-1.63758e-07
-4.10407e-08
5.55696e-08
1.34152e-07
1.00036e-07
1.07296e-34
-1.22323e-08
-5.61305e-08
-1.17785e-07
-1.8974e-07
-2.45155e-07
-3.16721e-07
3.2823e-16
3.56022e-35
-3.99378e-35
2.13355e-07
2.43269e-07
2.69946e-07
5.28237e-08
1.08053e-07
-1.05828e-34
2.50982e-08
1.02594e-07
-1.62801e-07
-2.90808e-07
-6.36315e-08
8.3376e-08
2.31755e-07
1.68963e-07
1.05828e-34
-2.54266e-08
-5.43506e-07
-1.08257e-07
-2.18629e-07
-3.41901e-07
-4.98892e-07
-1.97e-15
3.99671e-35
-4.42995e-35
3.7999e-07
4.16447e-07
4.67447e-07
3.07201e-07
2.01712e-07
3.55831e-07
4.73947e-08
-1.04347e-34
1.85031e-07
-4.93626e-07
-9.62868e-08
-2.79181e-07
3.85523e-07
1.37866e-07
1.04349e-34
-4.80382e-08
-8.31819e-07
-7.32186e-07
-4.17732e-07
-1.94924e-07
-5.86605e-07
1.96156e-14
4.4332e-35
4.86969e-35
-4.86612e-35
6.47032e-07
6.87815e-07
7.78646e-07
5.3028e-07
6.02029e-07
8.18885e-08
-1.02849e-34
3.18209e-07
-4.61543e-07
-8.09035e-07
-1.60791e-07
6.22494e-07
2.72971e-07
1.02857e-34
-8.17889e-08
-1.24583e-06
-1.19733e-06
-6.46849e-07
-3.34384e-07
-1.07568e-06
-1.32575e-14
5.30618e-35
-5.30229e-35
1.10228e-06
1.06388e-06
1.16798e-06
9.78563e-07
9.84924e-07
1.39207e-07
-1.01339e-34
5.29052e-07
-7.40253e-07
-1.28822e-06
-3.19138e-07
9.76756e-07
4.21207e-07
1.0134e-34
-1.40799e-07
-1.96421e-06
-2.13817e-06
-5.54098e-07
-1.05556e-06
-1.72176e-06
-5.341e-15
5.74268e-35
-5.73846e-35
6.17917e-35
-6.17463e-35
1.71856e-06
1.72083e-06
1.57058e-06
1.6997e-06
1.56936e-06
2.29142e-07
-9.98064e-35
8.5501e-07
-1.15408e-06
-1.99803e-06
-4.93419e-07
5.78345e-07
1.49548e-06
9.98133e-35
-2.32271e-07
-8.94938e-07
-3.43925e-06
-2.95049e-06
-1.67613e-06
-2.68422e-06
-7.44603e-14
6.61566e-35
-6.6108e-35
2.46086e-06
2.6235e-06
2.65891e-06
2.9628e-06
2.43959e-06
-9.82703e-35
3.76941e-07
1.35133e-06
-3.0278e-06
-1.7568e-06
-6.75364e-07
7.83002e-07
2.23777e-06
3.90941e-06
-5.13021e-06
9.82888e-35
-1.34467e-06
-3.81796e-07
-4.47889e-06
-4.96505e-06
-3.7551e-06
-2.78204e-06
-2.53959e-13
7.05214e-35
-7.04696e-35
-9.67308e-35
3.4511e-06
4.03175e-06
4.55313e-06
3.71376e-06
5.74123e-07
1.99264e-06
-2.61131e-06
-9.13538e-07
1.34926e-06
3.27611e-06
5.68771e-06
-6.62377e-06
-7.4734e-06
9.67525e-35
-2.17104e-06
-5.81955e-07
-3.78737e-06
-6.46854e-06
-6.10331e-06
-3.94956e-06
7.48858e-35
-7.4832e-35
4.35209e-11
-9.5233e-35
8.79083e-07
5.64132e-06
6.00217e-06
6.6804e-06
5.53165e-06
3.14087e-06
-1.32443e-06
7.58341e-06
1.89577e-06
4.67769e-06
-3.13614e-06
-8.24229e-06
-1.0521e-05
-1.00673e-05
9.52613e-35
-9.13918e-07
-5.35743e-06
-8.57242e-06
-6.23161e-06
-7.93727e-35
7.91429e-35
-9.15278e-10
1.32594e-06
-9.38148e-35
4.43616e-06
8.382e-06
7.64441e-06
8.73334e-06
9.56356e-06
8.53556e-06
7.19891e-06
-2.18098e-06
9.9442e-06
2.59242e-06
7.39387e-06
1.33511e-05
-4.62603e-06
-1.17798e-05
-1.35441e-05
-1.3313e-05
-1.3491e-06
9.38691e-35
-1.1143e-05
-7.36174e-06
-8.51621e-06
8.22011e-35
-8.47008e-35
-2.57531e-08
-9.01737e-35
-9.27179e-35
1.66733e-06
-9.19638e-35
1.18093e-05
1.24204e-05
1.23787e-05
1.15247e-05
4.83862e-06
-3.52563e-06
2.02261e-06
1.46915e-05
9.51101e-06
1.8208e-05
1.86565e-05
-5.47565e-06
-1.473e-05
-1.83211e-05
-1.97939e-05
-1.50546e-05
-1.67256e-06
9.26507e-35
-1.09266e-05
-9.8365e-06
-1.1521e-05
8.37445e-35
-9.04351e-08
-1.72266e-07
-9.47428e-35
1.94974e-06
-9.25106e-35
1.68633e-05
1.78904e-05
9.06541e-06
2.27933e-05
8.9583e-06
8.16234e-07
1.92227e-05
1.75328e-05
2.37541e-05
2.74679e-05
-1.81087e-05
-6.8137e-06
-2.33506e-05
-2.59012e-05
-1.97041e-05
-1.98236e-06
9.21282e-35
-1.18778e-05
-1.53376e-05
-7.31644e-06
-1.00536e-06
-1.99846e-05
8.73169e-35
-2.55252e-07
-9.87949e-35
5.19372e-06
2.19005e-06
-9.44135e-35
2.43281e-05
1.16182e-05
2.01002e-05
2.96714e-05
1.42486e-05
6.0165e-06
2.17365e-05
2.53331e-05
3.19228e-05
-2.57565e-05
-6.8272e-06
-2.97003e-05
-3.18955e-05
-2.49187e-05
9.21946e-35
-2.03269e-05
-3.31841e-06
-1.07786e-05
-2.03472e-05
-1.28308e-05
-3.43191e-06
-2.99246e-05
9.83188e-35
-3.94184e-07
-1.02302e-34
7.79743e-06
-9.89269e-35
-1.04002e-34
1.90956e-06
-1.04927e-34
1.82954e-05
3.09413e-05
2.45355e-05
3.6137e-05
1.63877e-05
7.12657e-06
2.77701e-05
3.67738e-05
-3.62131e-05
-5.10528e-06
-2.80695e-05
-3.87596e-05
-3.16014e-05
9.45175e-35
-1.80084e-05
-7.70388e-06
-2.34958e-05
-1.51348e-05
-4.16872e-05
-3.78168e-05
1.03565e-34
-1.13724e-06
4.28391e-06
1.1791e-05
-9.74351e-07
2.86562e-05
2.45225e-05
3.72744e-05
4.31558e-05
4.09231e-05
1.79673e-05
3.11581e-06
2.82005e-05
3.65915e-05
-6.74658e-06
-2.17336e-05
-3.09749e-05
-4.17922e-05
-3.73724e-05
-4.84394e-06
9.866e-35
-1.1895e-05
-2.43111e-05
-2.54176e-05
-1.63638e-05
-1.36605e-06
-3.78765e-05
-4.34417e-05
8.92144e-35
-2.85036e-06
6.21854e-06
3.15769e-05
3.75766e-05
4.28821e-05
4.21243e-05
3.59495e-05
8.38779e-06
1.78196e-05
2.7845e-05
-4.37654e-06
-3.35819e-05
-3.99414e-05
-2.02418e-07
1.03774e-34
-8.97271e-06
-2.75764e-35
-2.54396e-05
3.59726e-06
-1.60859e-05
-5.4881e-06
-3.08831e-05
-3.83858e-05
-3.68565e-05
2.74089e-35
3.56487e-05
3.83039e-05
3.81354e-05
2.78168e-05
3.33505e-05
1.60451e-05
9.8617e-08
-3.46545e-05
7.90115e-06
-3.15284e-05
1.13868e-06
1.04991e-34
-8.95381e-35
2.48745e-06
5.72012e-35
-2.33858e-05
-2.44255e-08
-9.798e-06
-2.41989e-05
-3.14122e-05
-3.09793e-05
-5.77985e-35
2.40925e-05
3.13581e-05
3.09289e-05
1.33286e-05
2.6218e-05
2.15502e-06
-2.62475e-05
1.29622e-06
1.02341e-34
-1.03853e-34
6.59632e-35
-1.61534e-05
-4.94549e-06
-1.55978e-05
-2.41474e-05
-2.06438e-05
-6.56379e-35
3.60014e-06
1.65438e-05
2.25988e-05
1.09225e-05
2.0612e-05
6.93729e-07
9.87419e-35
-9.81634e-35
6.03826e-35
-9.91084e-06
-9.88277e-06
-3.5226e-06
-1.45655e-05
-1.40334e-05
-6.04608e-35
4.80086e-06
1.45016e-05
9.14643e-06
9.77797e-06
1.30151e-05
2.83644e-07
-9.32374e-06
9.47284e-35
1.7918e-07
-8.7314e-35
5.02111e-35
-9.57894e-06
-5.36973e-06
-5.6825e-06
-1.4601e-08
-1.0774e-05
-5.01894e-35
7.22514e-06
3.38261e-06
5.6428e-06
8.98729e-06
9.6044e-06
-7.89998e-06
-5.78323e-06
9.01536e-35
-8.37176e-35
9.08609e-08
4.46065e-35
-3.07217e-06
-5.37604e-06
1.04064e-08
-2.89129e-06
-6.03628e-06
2.36342e-06
-4.46108e-35
5.07906e-06
3.28104e-06
5.87915e-06
5.2862e-06
-5.09908e-06
3.30274e-06
-3.13574e-06
8.46821e-35
-8.21819e-35
2.49709e-08
9.79793e-07
3.9965e-35
-1.48937e-06
-3.16815e-06
-9.90439e-07
-3.4264e-06
2.63799e-06
-3.99769e-35
3.42088e-06
1.37174e-06
2.63321e-06
-1.8201e-06
7.93501e-35
-7.9123e-35
7.14373e-11
5.46532e-07
3.4595e-35
-5.40756e-07
-1.40308e-06
-4.12968e-07
-1.46247e-06
1.43605e-06
-3.46031e-35
1.76942e-06
1.39604e-06
5.52525e-07
-1.12858e-06
-6.08283e-07
7.48139e-35
-7.48671e-35
-1.03937e-10
3.2457e-07
2.85944e-35
-1.809e-07
-5.12863e-07
-2.0029e-07
-6.25441e-07
-8.3628e-07
7.12749e-07
8.36772e-07
-2.85948e-35
6.98369e-07
2.04058e-07
7.04518e-35
-7.05038e-35
-9.64626e-13
1.84602e-07
2.2338e-35
-2.35473e-07
-6.98717e-08
-8.51496e-08
-3.22593e-07
-2.79721e-07
3.24617e-07
4.56222e-07
7.54814e-08
-2.23419e-35
2.34925e-07
-8.11824e-08
6.60912e-35
-6.61398e-35
1.97916e-13
8.40086e-08
1.34972e-07
1.60266e-35
-6.48167e-08
-1.74325e-08
-3.70783e-08
-1.26778e-07
-9.98043e-08
1.39587e-07
-1.60267e-35
2.16852e-08
8.27131e-08
6.17307e-35
-6.17761e-35
1.14137e-13
4.96711e-08
-7.34792e-09
3.94045e-08
5.40677e-08
9.68711e-36
-2.74579e-09
-1.87028e-08
-3.47547e-08
-2.27217e-08
2.54854e-08
-9.67968e-36
3.8167e-09
5.73701e-35
-5.74123e-35
-1.3621e-14
1.75713e-08
1.89305e-08
2.55609e-08
2.55792e-08
3.32945e-36
2.24101e-09
7.8285e-09
1.16967e-08
1.50873e-08
-3.3189e-36
8.13877e-09
8.36801e-10
5.30095e-35
-5.30484e-35
1.32111e-15
1.81897e-08
7.80703e-09
4.61263e-08
3.06541e-08
-3.03144e-36
5.16199e-09
2.5326e-08
6.93935e-08
5.24569e-08
3.04693e-36
1.87913e-09
6.44632e-10
4.86489e-35
-4.86846e-35
-2.755e-16
1.5194e-07
-1.54035e-08
2.38479e-09
-2.48673e-08
1.17767e-07
3.64184e-08
-9.39001e-36
1.39277e-08
5.31022e-08
1.24559e-07
9.40996e-36
-2.5896e-09
4.42883e-35
-4.43208e-35
2.27696e-07
3.62662e-17
3.21132e-07
-5.616e-08
2.17592e-07
-1.09784e-07
-4.57571e-08
3.00427e-08
-1.5727e-35
3.4452e-08
1.52304e-07
1.57528e-35
-1.45678e-08
3.99277e-35
-3.9957e-35
6.17194e-07
3.48385e-07
-1.70979e-18
6.63262e-07
-1.77342e-07
2.55415e-09
-2.48891e-07
-1.77647e-07
-2.20438e-35
8.77606e-08
3.55161e-07
2.20783e-35
-6.00434e-08
-4.04379e-07
3.55671e-35
-3.55932e-35
1.0581e-06
6.79978e-07
5.53119e-07
-6.50855e-08
-1.32776e-19
1.57916e-06
-5.43397e-07
-4.86555e-07
-5.29135e-07
-2.83314e-35
2.01076e-07
-1.60528e-07
2.83611e-35
-1.00883e-06
3.12065e-35
-3.12293e-35
2.78231e-06
1.7731e-06
1.42141e-06
9.90053e-07
-2.32986e-07
1.53471e-19
-3.97959e-07
3.7008e-06
-1.23162e-06
-9.18046e-07
-3.45462e-35
4.72244e-07
3.45674e-35
-1.7891e-06
-1.06952e-06
2.68459e-35
-2.68655e-35
4.111e-06
2.83543e-06
1.72371e-06
-6.5146e-07
-2.25017e-35
2.24853e-35
-1.62915e-20
-2.60831e-06
-8.11475e-07
6.94936e-06
3.75168e-06
-3.02255e-06
-2.37955e-06
-4.07173e-35
9.15104e-07
4.06959e-35
6.06876e-06
3.52942e-06
-5.12844e-06
-5.43251e-07
-2.79232e-06
-1.81379e-35
1.81248e-35
1.00318e-20
-3.67728e-06
-8.90078e-07
7.2712e-06
1.2028e-05
-6.85635e-08
-5.56867e-06
-4.7032e-35
3.72373e-06
4.69039e-35
8.33449e-06
-8.22613e-06
-5.24735e-06
-1.37741e-35
1.37642e-35
6.6776e-21
-4.86587e-06
-1.58377e-06
1.29283e-05
5.06533e-06
1.23299e-05
1.90821e-05
-3.34636e-06
-1.22287e-05
1.05276e-05
-5.30947e-35
2.99291e-06
5.28804e-35
-1.23645e-05
-1.0952e-05
-9.41026e-36
9.40356e-36
-5.76199e-21
-8.18689e-06
-2.99016e-06
1.88479e-05
3.89712e-06
1.82309e-05
2.62348e-05
-7.97733e-06
-1.96543e-05
1.32749e-05
6.49856e-06
-6.20027e-35
6.23108e-35
-1.87868e-05
-2.00619e-05
-5.44115e-36
5.43755e-36
-8.42643e-21
-1.30384e-05
-6.39805e-06
2.8594e-05
2.5439e-05
1.87267e-07
2.01565e-05
1.15069e-05
1.90526e-05
-1.20863e-05
-2.82677e-05
2.04716e-05
-6.23984e-35
6.18692e-35
-2.61147e-05
-2.20921e-05
1.1995e-35
3.21572e-50
-4.40332e-50
-2.76381e-05
-1.7385e-05
2.48853e-05
1.54408e-35
9.40906e-36
-7.75231e-07
1.03858e-05
-2.53433e-05
-9.14596e-06
-1.72664e-05
-1.16486e-34
1.16133e-34
-2.27091e-05
-1.50904e-35
1.55484e-35
-1.60571e-35
-4.29489e-37
2.181e-36
-1.43377e-35
-6.72395e-36
-6.2136e-35
6.2136e-35
