4.06966e-38
-2.29664e-38
3.21042e-38
5.84505e-38
1.93253e-38
-1.23213e-34
-5.35123e-38
-9.88105e-38
-6.68399e-38
-5.4856e-38
2.5657e-37
1.77058e-37
1.23213e-34
-3.61588e-08
3.54562e-08
-2.38773e-37
2.35062e-07
4.91327e-37
2.02617e-07
-4.19406e-08
1.19242e-07
1.16233e-07
-2.57302e-37
-2.47045e-34
-5.2352e-38
-1.68671e-37
-5.20581e-38
-2.6299e-07
-2.04327e-07
-1.81658e-07
-4.82824e-08
-1.23533e-07
-3.96979e-08
1.46469e-37
3.229e-07
2.57914e-07
2.46974e-34
2.75916e-07
-4.40215e-08
4.39325e-08
1.25205e-07
6.47275e-08
1.43493e-07
2.77241e-07
1.45076e-07
2.26175e-07
2.32599e-08
-2.44922e-34
-1.10765e-07
-2.59886e-07
-1.9331e-07
-1.94509e-07
-2.08073e-07
-2.37033e-07
-2.70164e-07
-1.56759e-07
-8.30616e-08
8.99136e-09
2.09209e-07
2.4494e-34
2.98946e-07
1.3775e-08
1.13705e-07
2.22418e-07
9.49115e-08
2.67255e-07
1.99495e-07
2.22234e-07
2.43605e-34
-5.93201e-08
-2.43615e-34
-2.79538e-07
-2.54405e-07
-2.62077e-07
-2.01009e-07
-1.13743e-07
-2.58951e-07
-2.08305e-07
-1.90778e-07
-1.47008e-07
-6.71333e-08
-1.78885e-08
2.18174e-07
2.26478e-07
1.12428e-07
2.68567e-08
2.52213e-07
7.55928e-08
1.3309e-07
1.69259e-07
2.52358e-07
2.03665e-07
2.24583e-07
2.41984e-34
-2.2209e-08
-2.41983e-34
-2.67366e-07
-2.5575e-07
-2.42102e-07
-1.20219e-07
-1.74805e-07
-2.15329e-07
-1.59248e-07
2.97741e-08
-1.02224e-07
-4.4045e-08
1.77355e-07
1.9861e-08
9.15884e-08
1.93971e-07
1.53159e-07
1.07373e-07
6.50503e-08
1.82306e-07
2.14125e-07
1.98263e-07
1.81944e-07
2.40392e-34
-6.38857e-08
-2.40394e-34
-1.99171e-08
-2.36426e-07
-1.96308e-07
-1.96679e-07
-9.20853e-08
-1.22791e-07
-1.6536e-07
-1.14854e-07
-7.01246e-09
-6.1785e-08
3.57901e-08
1.30406e-07
9.52572e-08
1.33216e-07
1.51537e-07
1.2455e-07
8.91301e-08
3.3598e-08
1.65953e-07
1.82115e-07
1.46766e-07
2.38788e-34
-2.3879e-34
-7.53566e-09
-3.54256e-08
-1.82258e-07
-1.53484e-07
-6.81977e-08
-1.06143e-07
-1.19587e-07
7.96579e-09
-7.40457e-08
2.36337e-08
-2.75568e-08
2.67303e-08
6.76282e-08
1.02875e-07
1.31515e-07
9.93271e-08
9.82533e-08
6.05702e-08
1.2135e-07
1.43894e-07
2.37183e-34
-2.37184e-34
-5.2954e-09
-2.61372e-08
-1.24626e-07
-1.14245e-07
-6.15316e-08
-9.33381e-08
-6.8287e-08
-8.69355e-08
5.65769e-09
-4.21706e-08
3.79768e-08
-8.09957e-10
4.18491e-08
1.91272e-08
6.18975e-08
8.39363e-08
1.0122e-07
7.1289e-08
8.02343e-08
9.70622e-08
2.35576e-34
-2.35576e-34
-2.94554e-09
-1.02011e-08
-2.92144e-08
-8.48534e-08
-4.85879e-08
-7.51865e-08
-4.88052e-08
-5.40319e-08
-5.53334e-08
3.91448e-09
-2.23174e-08
4.45963e-08
2.16637e-08
-7.78619e-10
1.13862e-08
3.59785e-08
5.04024e-08
5.85101e-08
7.54452e-08
5.33075e-08
6.99558e-08
2.33968e-34
-2.33968e-34
-1.03606e-08
-1.8951e-09
-2.42758e-08
-5.53987e-08
-3.01768e-08
-4.33948e-08
-3.67324e-08
-1.8731e-08
-3.37513e-08
2.25182e-09
-5.78094e-09
3.11399e-08
1.09033e-08
8.89917e-09
1.84928e-08
3.21109e-08
3.99195e-08
3.77861e-08
4.80114e-08
4.93853e-08
5.54102e-08
2.3236e-34
-9.64651e-09
-2.3236e-34
-2.65278e-09
-1.83566e-08
-3.43638e-08
-2.94319e-08
-2.58039e-08
-6.76005e-09
-2.08125e-08
3.19911e-09
4.45163e-09
1.86821e-08
3.07553e-08
1.11981e-08
2.27523e-08
3.94514e-08
2.72744e-08
4.05172e-08
3.84055e-08
2.30752e-34
-1.22424e-08
-2.30752e-34
-6.17965e-09
-1.63105e-09
-1.78214e-08
-2.02414e-08
-2.09402e-08
-6.57033e-09
-1.38833e-08
2.05111e-09
7.42456e-09
4.73391e-09
1.44835e-08
2.28112e-08
1.44109e-08
2.13693e-08
2.50849e-08
2.86007e-08
2.56031e-08
2.29144e-34
-9.63148e-09
-7.30504e-09
-9.29313e-10
-2.29144e-34
-3.40934e-09
-1.26987e-08
-1.21737e-08
-8.7997e-09
-2.90432e-09
1.3327e-09
4.87194e-09
1.11825e-08
4.65515e-09
1.54637e-08
9.6147e-09
1.66739e-08
1.89561e-08
2.11538e-08
1.75704e-08
2.27536e-34
-7.27951e-09
-3.75863e-09
-6.174e-09
-1.88008e-09
-2.27536e-34
-4.73044e-10
-4.53976e-09
-6.82149e-09
4.32862e-09
-5.78823e-10
8.49478e-10
3.16656e-09
8.59611e-09
9.51475e-09
6.33828e-09
1.42546e-08
1.21147e-08
1.46313e-08
1.19305e-08
2.25928e-34
-3.8241e-09
-2.16365e-09
-2.82356e-09
-1.01455e-09
-2.25928e-34
-2.38054e-10
3.98101e-09
-1.85422e-09
-2.64541e-09
1.12256e-09
2.12698e-09
5.37762e-10
6.57721e-09
4.13263e-09
6.87578e-09
9.99188e-09
7.63556e-09
8.02387e-09
8.90062e-09
2.24321e-34
-1.71606e-09
-2.2432e-34
-9.81129e-10
-1.24773e-09
-3.87214e-10
-8.49802e-11
-4.93368e-10
3.58804e-09
-2.72425e-10
-8.9499e-10
1.59426e-09
1.34111e-09
3.33925e-10
5.01623e-09
2.66153e-09
4.12599e-09
5.8897e-09
6.96622e-09
5.34958e-09
6.0488e-09
2.22713e-34
-4.93547e-10
-2.22713e-34
-5.20987e-12
-3.06076e-10
-1.09519e-10
-9.98309e-11
-9.20427e-11
3.04807e-09
5.78161e-10
7.73012e-11
1.71496e-09
8.3384e-10
2.08579e-10
4.53399e-09
3.80163e-09
1.81982e-09
2.9348e-09
4.34901e-09
4.83362e-09
3.94739e-09
2.21106e-34
1.18031e-10
2.63873e-10
-2.21105e-34
3.17164e-11
6.67069e-11
8.68532e-11
1.24624e-10
2.54551e-09
8.94869e-10
5.57416e-10
1.65879e-09
5.09803e-10
3.24406e-09
2.493e-09
1.06001e-09
1.88319e-09
2.9118e-09
3.10884e-09
2.31928e-09
2.19498e-34
6.63468e-11
4.60395e-10
-2.19498e-34
4.43905e-11
1.31196e-10
3.38911e-10
2.13337e-10
2.03197e-09
7.37363e-10
1.06584e-09
1.52656e-09
6.49824e-10
2.89536e-10
2.3099e-09
1.98877e-09
2.14082e-09
1.68716e-09
1.19639e-09
2.07662e-09
2.17891e-34
3.55868e-11
5.56435e-10
-2.1789e-34
4.5483e-11
1.45917e-10
2.67773e-10
3.97778e-10
1.60141e-09
7.47826e-10
1.01169e-09
1.20251e-09
4.22425e-10
1.67108e-10
1.633e-09
1.57578e-09
1.56542e-09
1.08305e-09
6.75292e-10
1.20455e-09
2.16283e-34
9.66386e-11
1.84681e-11
5.40503e-10
4.06085e-11
-2.16283e-34
1.35168e-10
2.59204e-10
3.93701e-10
6.71802e-10
1.0809e-09
9.65233e-10
8.22789e-10
2.47093e-10
4.09288e-10
1.14616e-09
1.14163e-09
9.12178e-10
6.05253e-10
7.83106e-10
2.14676e-34
4.72227e-11
7.65219e-12
-2.14676e-34
4.70308e-10
3.33164e-11
1.1588e-10
2.24712e-10
3.45171e-10
5.5907e-10
8.6356e-10
6.61286e-10
7.46411e-10
1.37489e-10
2.68314e-10
6.50748e-10
8.19312e-10
6.68894e-10
3.7088e-10
4.98757e-10
2.13068e-34
7.54659e-13
6.06091e-11
1.90314e-11
-2.13068e-34
2.5187e-11
3.80642e-10
9.13512e-11
1.80547e-10
2.79964e-10
4.39027e-10
5.07702e-10
6.79252e-10
5.56721e-10
1.49168e-10
4.56949e-10
5.72338e-10
4.4562e-10
2.17387e-10
3.07332e-10
2.11461e-34
-2.48363e-12
2.70587e-11
1.40796e-12
-2.11461e-34
6.7919e-11
1.86111e-11
2.90959e-10
1.36573e-10
2.13758e-10
3.27683e-10
3.99707e-10
3.72935e-10
4.05106e-10
6.24391e-11
2.86116e-10
2.85426e-10
3.17157e-10
1.39766e-10
1.79026e-10
2.09854e-34
-4.10078e-12
-6.57566e-12
2.36583e-12
-2.09854e-34
1.27909e-11
9.765e-11
4.77387e-11
2.10778e-10
1.54404e-10
2.32536e-10
2.74263e-10
2.60905e-10
2.70712e-10
2.77169e-11
-2.47301e-13
1.68309e-10
1.71824e-10
1.99124e-10
5.32258e-11
9.3632e-11
2.08246e-34
-4.74345e-12
-1.32254e-11
-1.17207e-11
-2.08246e-34
-2.06639e-34
3.14255e-11
7.98376e-12
1.05023e-10
6.56444e-11
1.44042e-10
1.66338e-10
1.95413e-10
1.72068e-10
1.69777e-10
-4.9345e-12
8.79285e-11
1.06724e-10
1.14002e-10
1.26957e-11
3.76229e-11
2.06639e-34
-4.86116e-12
-1.35288e-11
-1.91356e-11
-2.05031e-34
4.76311e-12
2.14726e-12
1.89529e-11
6.61311e-11
3.73135e-11
7.97701e-11
1.12637e-10
1.32295e-10
1.04171e-10
9.58431e-11
-1.96583e-11
5.39926e-11
3.40106e-11
5.81709e-11
-1.21443e-11
1.6394e-12
2.05032e-34
-4.66763e-12
-1.39282e-11
-2.27642e-11
-2.03424e-34
5.57176e-13
9.04629e-12
2.20486e-11
3.69208e-11
4.31193e-11
6.35977e-11
7.15615e-11
5.41666e-11
4.32231e-11
-2.01817e-34
-2.74361e-11
1.47868e-11
1.29521e-11
-1.13382e-12
-2.6599e-11
-1.77767e-11
2.03424e-34
-4.24028e-12
-1.34994e-11
-2.33436e-11
-5.6384e-13
2.89576e-12
-8.17622e-13
2.29004e-11
8.83765e-12
1.23884e-11
1.94059e-11
2.84059e-11
2.43232e-11
7.10241e-12
-2.00209e-34
-1.15932e-12
-3.08029e-11
-3.41922e-11
-8.61635e-12
-1.34041e-11
-2.31404e-11
-3.00629e-11
2.01817e-34
-1.26542e-11
-3.82164e-12
-2.25875e-11
-1.18667e-11
-3.6459e-12
-1.16702e-12
-5.71307e-12
-8.97076e-13
1.52394e-12
2.51074e-12
-2.11353e-12
-9.60315e-13
-1.98602e-34
-1.50961e-12
-4.87176e-12
-3.13765e-11
-3.82314e-11
-3.72408e-11
-2.37176e-11
-3.06502e-11
-3.58677e-11
2.00209e-34
-3.37811e-12
-1.14846e-11
-2.10463e-11
-2.50375e-11
-3.60187e-11
-9.29276e-12
-1.04722e-11
-9.17067e-12
-1.31841e-11
-9.7683e-12
-2.5323e-11
-1.40922e-11
-1.55518e-11
-1.96995e-34
-1.61613e-12
-5.5119e-12
-3.02312e-11
-3.73708e-11
-4.14992e-11
-4.01404e-11
-4.21971e-11
1.98602e-34
-2.94111e-12
-1.02146e-11
-1.90954e-11
-3.5526e-11
-4.2099e-11
-1.08134e-11
-1.61797e-11
-1.8761e-11
-2.19001e-11
-2.17774e-11
-3.38321e-11
-2.62927e-11
-2.80431e-11
-1.95387e-34
-1.59378e-12
-5.50889e-12
-1.03274e-11
-2.80794e-11
-4.47404e-11
-3.56724e-11
-4.15711e-11
-4.42076e-11
1.96995e-34
-2.56346e-12
-8.8166e-12
-1.7306e-11
-3.70687e-11
-4.04426e-11
-4.36677e-11
-1.66191e-11
-2.26893e-11
-2.75016e-11
-3.28001e-11
-1.9378e-34
-1.48153e-12
-5.22309e-12
-1.60561e-11
-9.59464e-12
-4.22672e-11
-2.53971e-11
-4.40381e-11
-3.28943e-11
-4.32845e-11
-3.9641e-11
1.95387e-34
-2.19449e-12
-7.72666e-12
-1.51533e-11
-1.76696e-11
-3.80892e-11
-4.02367e-11
-4.15339e-11
-2.19238e-11
-2.82628e-11
-3.36072e-11
-1.92173e-34
-4.73364e-12
-1.33362e-12
-2.07437e-11
-1.47751e-11
-8.52505e-12
1.9378e-34
-3.99584e-11
-4.08871e-11
-2.31081e-11
-3.04729e-11
-4.06093e-11
-3.70345e-11
-1.85705e-12
-6.70545e-12
-1.27589e-11
-1.95765e-11
-3.61307e-11
-3.81231e-11
-3.74183e-11
-2.71713e-11
-3.23265e-11
-2.53521e-11
-1.90565e-34
-4.21776e-12
-1.16165e-12
-2.26661e-11
-1.86646e-11
-7.37624e-12
-1.3506e-11
-1.46557e-11
1.92173e-34
-3.52475e-11
-3.69043e-11
-2.6958e-11
-3.3937e-11
-1.52605e-12
-5.55731e-12
-1.08362e-11
-1.73512e-11
-3.18544e-11
-3.54047e-11
-3.46012e-11
-2.97984e-11
-2.66093e-11
-3.13898e-11
-3.08488e-11
-1.88958e-34
-9.86475e-13
-3.61794e-12
-2.26502e-11
-1.87646e-11
-6.07022e-12
-1.10224e-11
-1.50829e-11
1.90565e-34
-1.27493e-12
-3.11438e-11
-2.25016e-11
-2.87033e-11
-2.68796e-11
-1.91584e-11
-4.6337e-12
-1.41813e-11
-9.35752e-12
-2.85145e-11
-2.96008e-11
-2.57348e-11
-2.19055e-11
-2.72148e-11
-2.64961e-11
-1.87351e-34
-8.10086e-13
-2.92259e-12
-1.88072e-11
-5.02404e-12
-9.30541e-12
-8.03634e-12
-1.33633e-11
1.88958e-34
-1.04467e-12
-2.35228e-11
-2.35394e-11
-3.82343e-12
-1.23059e-11
-1.68643e-11
-7.77128e-12
-2.52506e-11
-2.41076e-11
-1.91549e-11
-2.1308e-11
-2.32153e-11
-6.64662e-13
-1.85743e-34
-2.45382e-12
-1.59326e-11
-4.08815e-12
-6.86695e-12
-1.11539e-11
-8.52323e-13
1.87351e-34
-3.18802e-12
-1.85938e-11
-2.04031e-11
-1.40205e-11
-6.58638e-12
-1.2135e-11
-1.05949e-11
-2.12209e-11
-2.03815e-11
-1.65485e-11
-1.85034e-11
-2.01421e-11
1.85743e-34
-1.84136e-34
-5.37862e-13
-1.98672e-12
-3.3953e-12
-1.23403e-11
-5.54572e-12
-9.15485e-12
-6.71419e-13
-5.17579e-12
-2.4582e-12
-1.53995e-11
-1.69035e-11
-1.20928e-11
-9.1338e-12
-8.67018e-12
-1.77446e-11
-1.36289e-11
-1.64376e-11
-1.59271e-11
-1.5254e-11
1.84136e-34
-3.81713e-12
-1.82529e-34
-4.26315e-13
-1.62043e-12
-2.12238e-12
-5.52848e-12
-1.15014e-11
-1.00429e-11
-7.39629e-12
-1.95511e-12
-5.36076e-13
-4.15052e-12
-1.17793e-11
-1.27801e-11
-9.32583e-12
-6.38619e-12
-1.44843e-11
-1.35932e-11
-1.22735e-11
-9.61279e-12
-1.23332e-11
1.82529e-34
-3.98462e-12
-2.48427e-12
-1.80921e-34
-3.2719e-13
-1.2045e-12
-5.52652e-12
-8.04977e-12
-1.57763e-12
-4.15411e-13
-5.07268e-12
-3.1682e-12
-4.19197e-12
-9.46584e-12
-1.0689e-11
-7.02292e-12
-5.89599e-12
-8.10568e-12
-1.2288e-11
-1.15074e-11
-9.81568e-12
-1.03284e-11
1.80921e-34
-4.61022e-12
-3.27155e-12
-2.00563e-12
-9.53056e-13
-1.79314e-34
-2.52346e-13
-5.88086e-12
-6.64705e-12
-1.22436e-12
-3.2609e-13
-2.57457e-12
-2.90214e-12
-4.34048e-12
-8.86213e-12
-5.76046e-12
-7.50696e-12
-7.73814e-12
-1.03411e-11
-9.24952e-12
-8.57549e-12
1.79314e-34
-3.8133e-12
-2.65822e-12
-2.72231e-12
-1.53168e-12
-7.436e-13
-1.77707e-34
-1.89389e-13
-6.00969e-12
-4.55131e-12
-5.39601e-12
-9.38611e-13
-2.43946e-13
-1.90336e-12
-3.07739e-12
-4.29458e-12
-6.95598e-12
-5.42067e-12
-6.9652e-12
-7.14704e-12
-8.14757e-12
1.77707e-34
-2.69654e-12
-1.76099e-34
-1.14704e-12
-1.89441e-12
-5.55e-13
-1.40943e-13
-5.50729e-12
-4.86734e-12
-4.11865e-12
-3.46418e-12
-1.85599e-13
-7.07461e-13
-1.51034e-12
-2.48597e-12
-3.53131e-12
-4.16032e-12
-4.8782e-12
-5.36617e-12
-5.58308e-12
1.76099e-34
-2.17283e-12
-1.74492e-34
-1.01898e-13
-8.85232e-13
-1.40246e-12
-3.90663e-13
-1.32631e-13
-4.23466e-12
-4.17545e-12
-2.58963e-12
-3.90067e-12
-3.08827e-12
-2.67036e-12
-1.12753e-12
-5.25416e-13
-1.86975e-12
-3.28867e-12
-3.69342e-12
-4.06916e-12
1.74492e-34
-1.72884e-34
-1.08794e-12
-1.59197e-12
-6.99659e-14
-2.86833e-13
-6.37698e-13
-9.6686e-14
-3.38829e-12
-3.108e-12
-2.40551e-12
-1.89597e-12
-2.54145e-12
-1.98223e-12
-3.68674e-13
-1.29128e-12
-8.24858e-13
-2.90462e-12
-2.56735e-12
-1.87392e-12
-3.03022e-12
1.72884e-34
-1.71277e-34
-7.69481e-13
-1.03694e-12
-4.67073e-14
-1.96853e-13
-4.19874e-13
-2.69419e-13
-6.6331e-14
-2.67945e-12
-2.26479e-12
-1.35365e-12
-1.84537e-12
-1.82834e-12
-9.96394e-13
-1.31988e-12
-5.89875e-13
-6.40631e-13
-2.25324e-12
-1.69183e-12
-2.20962e-12
1.71277e-34
-1.6967e-34
-3.02002e-14
-7.88441e-13
-9.36481e-13
-5.26275e-13
-1.29437e-13
-2.99629e-13
-4.42958e-14
-1.75392e-13
-1.92967e-12
-1.60803e-12
-1.27693e-12
-1.13269e-12
-1.02113e-12
-6.46159e-13
-3.85301e-13
-1.61476e-12
-1.19562e-12
-1.57064e-12
1.6967e-34
-1.68062e-34
-6.64527e-13
-7.92836e-14
-1.71036e-14
-5.2354e-13
-3.42942e-13
-1.90465e-13
-2.74824e-14
-1.19644e-13
-2.54164e-13
-1.34989e-12
-1.10417e-12
-9.36255e-13
-7.56929e-13
-6.28581e-13
-4.72806e-13
-9.72645e-13
-8.16081e-13
-1.08004e-12
1.68062e-34
-1.66455e-34
-8.18654e-15
-5.21982e-13
-4.52118e-13
-4.29942e-14
-2.83873e-13
-1.00036e-13
-2.0765e-13
-1.61707e-14
-1.70421e-13
-6.82152e-14
-9.08531e-13
-7.23945e-13
-6.64624e-13
-4.56913e-13
-2.74179e-13
-6.91455e-13
-5.30776e-13
-7.09773e-13
1.66455e-34
-1.64848e-34
-2.26895e-15
-1.53773e-14
-3.38984e-13
-2.6249e-13
-5.32944e-14
-1.82647e-13
-9.31244e-14
-7.16646e-15
-3.52193e-14
-8.64291e-14
-1.57796e-13
-5.7821e-13
-4.41929e-13
-3.13912e-13
-2.38933e-13
-3.48964e-13
-4.70832e-13
-4.86071e-13
1.64848e-34
1.3947e-15
-8.45799e-15
-1.6324e-34
2.12194e-15
-1.26287e-13
-1.72384e-13
-4.0955e-14
-8.02995e-14
6.31473e-15
-1.38398e-15
-1.1889e-14
-3.66498e-14
-7.43111e-14
-1.48852e-13
-1.20267e-13
-3.35518e-13
-2.37078e-13
-2.09992e-13
-3.1147e-13
-2.67102e-13
1.6324e-34
1.15241e-14
1.3051e-14
-1.61633e-34
4.7509e-15
-3.09834e-14
-2.17191e-14
-9.42295e-15
3.73036e-14
2.32555e-15
2.5302e-15
-1.63788e-14
-2.22138e-15
-3.91553e-14
-3.31271e-14
-8.9167e-14
-3.68422e-14
-1.46863e-13
-1.61183e-13
-1.2148e-13
1.61633e-34
-1.60026e-34
3.22217e-14
1.85783e-14
6.13903e-15
5.65148e-14
3.67191e-14
3.3406e-14
4.73695e-14
1.38502e-14
4.84173e-15
2.2589e-14
2.05287e-14
4.53544e-14
-3.88615e-14
2.73736e-14
1.99409e-14
-5.67183e-15
-3.17375e-14
-1.98611e-14
1.60026e-34
-1.58418e-34
4.04566e-14
2.28022e-14
6.98321e-15
5.44292e-14
7.31115e-14
7.81016e-14
6.8244e-14
7.5356e-14
1.95037e-14
6.3402e-15
4.76567e-14
3.48261e-14
9.66445e-14
7.58728e-14
4.44704e-14
5.70667e-14
5.01905e-14
4.61668e-14
4.88858e-14
1.58418e-34
-1.56811e-34
7.19653e-15
4.65988e-14
2.45176e-14
6.91651e-14
8.98726e-14
1.11476e-13
1.01284e-13
2.31489e-14
7.01635e-15
6.28434e-14
4.31799e-14
6.99192e-14
1.2313e-13
1.18935e-13
9.73279e-14
9.90159e-14
8.61525e-14
8.0116e-14
9.32714e-14
1.56811e-34
7.28089e-15
-1.55204e-34
7.23589e-15
4.87427e-14
2.50239e-14
7.40653e-14
1.40862e-13
1.16331e-13
9.84076e-14
1.31244e-13
2.48896e-14
4.70399e-14
6.09068e-14
8.51974e-14
9.06782e-14
1.45195e-13
1.33244e-13
1.29226e-13
1.07943e-13
1.20782e-13
1.55204e-34
7.29281e-15
-1.53596e-34
7.05949e-15
2.48964e-14
4.92151e-14
7.62581e-14
1.01673e-13
1.5446e-13
1.24352e-13
1.44833e-13
2.52905e-14
4.93145e-14
7.5358e-14
1.20273e-13
1.00516e-13
1.48025e-13
1.64928e-13
1.53602e-13
1.36799e-13
1.53596e-34
7.08205e-15
-1.51989e-34
2.45034e-14
6.83161e-15
4.89931e-14
7.65697e-14
1.04102e-13
1.15676e-13
1.60842e-13
1.3941e-13
1.57414e-13
1.69992e-13
2.5182e-14
4.96728e-14
7.6771e-14
1.26729e-13
1.03143e-13
1.58566e-13
1.65022e-13
1.4542e-13
1.51989e-34
6.90542e-15
-1.50382e-34
6.65443e-15
2.41828e-14
4.86793e-14
7.66363e-14
1.04723e-13
1.30258e-13
1.65768e-13
1.51084e-13
1.73279e-13
1.71291e-13
2.47711e-14
4.94963e-14
7.72726e-14
1.04915e-13
1.49994e-13
1.29834e-13
1.64148e-13
1.50382e-34
6.77717e-15
-1.48774e-34
6.58841e-15
2.4036e-14
4.86709e-14
7.71104e-14
1.05621e-13
1.53391e-13
1.31843e-13
1.68643e-13
1.7794e-13
1.76475e-13
1.67459e-13
2.44839e-14
4.93082e-14
7.74993e-14
1.31567e-13
1.05811e-13
1.52638e-13
1.48774e-34
6.73988e-15
-1.47167e-34
6.6507e-15
2.42469e-14
7.8012e-14
4.92525e-14
1.78797e-13
1.07219e-13
1.34024e-13
1.56081e-13
1.73185e-13
1.81419e-13
2.44662e-14
1.70194e-13
1.07165e-13
4.94727e-14
7.79705e-14
1.5578e-13
1.332e-13
1.47167e-34
6.8051e-15
-1.4556e-34
6.82601e-15
2.49425e-14
5.08855e-14
8.00715e-14
1.8146e-13
1.10909e-13
1.37329e-13
1.59775e-13
1.76529e-13
1.85743e-13
2.48255e-14
5.02372e-14
1.74842e-13
1.58741e-13
1.08464e-13
7.94145e-14
1.36233e-13
1.4556e-34
7.01446e-15
2.55292e-14
-1.43952e-34
7.17288e-15
5.27673e-14
2.62568e-14
1.15192e-13
8.4052e-14
1.78861e-13
1.87738e-13
1.43525e-13
1.64614e-13
1.80449e-13
1.90661e-13
8.1413e-14
5.13499e-14
1.38829e-13
1.62354e-13
1.10887e-13
1.43952e-34
7.35299e-15
2.64339e-14
-1.42345e-34
7.68776e-15
2.77243e-14
1.48306e-13
8.74116e-14
5.57393e-14
1.18999e-13
1.82045e-13
1.9121e-13
1.70193e-13
1.85775e-13
1.95237e-13
1.75564e-13
8.3308e-14
5.33794e-14
1.41619e-13
1.65968e-13
1.14524e-13
1.42345e-34
7.74153e-15
2.77055e-14
5.51662e-14
-1.40737e-34
8.30667e-15
5.99452e-14
2.97793e-14
1.53193e-13
9.23022e-14
1.26157e-13
1.94083e-13
1.84588e-13
1.97484e-13
1.90461e-13
1.79286e-13
8.59572e-14
1.44316e-13
1.68011e-13
1.16789e-13
1.85175e-13
1.40737e-34
8.12226e-15
2.86518e-14
5.62915e-14
1.13412e-13
-1.3913e-34
9.12469e-15
6.33496e-14
3.26392e-14
1.59285e-13
9.95763e-14
1.32653e-13
1.9548e-13
1.97501e-13
1.92079e-13
1.79808e-13
1.67968e-13
8.67321e-14
1.44737e-13
1.1682e-13
1.81792e-13
1.3913e-34
8.35699e-15
2.89397e-14
5.60052e-14
-1.37523e-34
9.93259e-15
3.49389e-14
6.80849e-14
1.60721e-13
1.0318e-13
1.35234e-13
1.91495e-13
1.92192e-13
1.85746e-13
1.76596e-13
1.62666e-13
1.14023e-13
6.84762e-14
8.52806e-14
1.40298e-13
1.72901e-13
1.37523e-34
8.29301e-15
2.77557e-14
5.19082e-14
-1.35915e-34
1.09033e-14
3.72315e-14
1.05876e-13
7.18636e-14
1.58688e-13
1.36208e-13
1.67564e-13
1.78027e-13
1.75064e-13
1.68659e-13
1.47672e-13
1.07494e-13
7.66207e-14
1.20452e-13
1.54357e-13
1.35915e-34
7.59217e-15
4.26043e-14
2.47354e-14
-1.34308e-34
1.18278e-14
3.97262e-14
1.07352e-13
7.48502e-14
1.31832e-13
1.49462e-13
1.50474e-13
1.49552e-13
1.41989e-13
1.35366e-13
1.17305e-13
5.97414e-14
8.25619e-14
8.77514e-14
1.14614e-13
1.34308e-34
6.04614e-15
2.84199e-14
1.66701e-14
2.89288e-14
-1.32701e-34
1.27712e-14
4.2115e-14
7.62513e-14
1.05701e-13
1.22415e-13
1.24396e-13
1.29608e-13
9.86661e-14
8.48509e-14
9.31808e-14
6.38012e-14
3.14593e-14
4.39464e-14
4.72597e-14
1.32701e-34
2.69055e-15
-9.35975e-15
3.12655e-15
-5.36122e-15
-1.31093e-34
1.37852e-14
1.06039e-13
9.74375e-14
4.44148e-14
7.64708e-14
6.79447e-14
9.50344e-14
1.56862e-14
-6.00062e-15
3.22792e-14
-2.29896e-14
-4.17936e-14
-4.21493e-14
-3.27494e-14
1.31093e-34
-2.79709e-15
-1.19613e-13
-8.21928e-14
-1.91455e-14
-5.4038e-14
4.6038e-14
-1.29486e-34
1.51053e-14
7.56611e-14
8.73961e-14
7.43144e-14
1.76219e-14
-1.5453e-14
-1.11829e-13
-1.43012e-13
-1.41713e-13
-1.5631e-13
-1.46671e-13
-1.44165e-13
1.29486e-34
-1.16548e-14
-5.38696e-14
-2.68853e-13
-2.21605e-13
-1.14272e-13
7.00217e-14
4.78039e-14
-1.27879e-34
1.66257e-14
-7.41814e-14
2.9545e-14
6.75511e-14
-1.94922e-13
-2.99597e-13
-3.41053e-13
-3.3072e-13
-3.53184e-13
-3.97632e-13
-4.51355e-13
1.27879e-34
-2.52055e-14
-9.94e-14
-4.83897e-13
-3.53621e-13
-2.36531e-13
3.8134e-14
6.42683e-14
5.00948e-14
-1.26271e-34
1.84727e-14
-1.80884e-13
-3.7162e-14
-5.32249e-13
-3.90588e-13
-7.00618e-13
-7.2801e-13
-7.8685e-13
-6.84128e-13
-6.34032e-13
1.26271e-34
-4.37036e-14
-3.63781e-13
-1.81469e-13
-7.86744e-13
-1.01022e-12
-5.81706e-13
-3.19024e-14
4.41627e-14
5.22659e-14
5.33391e-14
-1.24664e-34
2.12953e-14
-3.21305e-13
-1.61333e-13
-7.9047e-13
-6.60139e-13
-1.02213e-12
-1.15736e-12
-1.22896e-12
-1.20169e-12
1.24664e-34
-7.20152e-14
-5.69472e-13
-2.87289e-13
-1.43128e-12
-9.76445e-13
-1.2016e-12
-1.50033e-14
-6.36161e-14
-1.23057e-34
3.98969e-14
5.70244e-14
2.51353e-14
-5.45477e-13
-3.04103e-13
-1.21959e-12
-1.02585e-12
-1.55591e-12
-1.81966e-12
-1.58235e-12
-1.79132e-12
1.23057e-34
-1.11409e-13
-4.33738e-13
-9.00727e-13
-1.42712e-12
-2.08114e-12
-1.92753e-12
-1.49305e-13
-1.21449e-34
1.72676e-14
6.16609e-14
3.13374e-14
-1.41853e-12
-8.53727e-13
-4.45448e-13
-2.08834e-12
-2.39423e-12
-2.26346e-12
-2.10874e-12
-2.40792e-12
1.21449e-34
-1.68295e-13
-1.28737e-12
-6.29957e-13
-2.01438e-12
-2.92194e-12
-2.69672e-12
-9.08121e-14
-3.93313e-13
-1.19842e-34
3.74286e-14
-3.09754e-14
6.51191e-14
-1.92219e-12
-1.28027e-12
-7.95315e-13
-2.74384e-12
-3.1806e-12
-3.09678e-12
-2.98083e-12
-3.16626e-12
1.19842e-34
-2.36065e-13
-8.85516e-13
-1.69626e-12
-2.75803e-12
-3.98071e-12
-3.65912e-12
-3.12324e-13
-5.39271e-13
-1.18235e-34
4.48457e-14
-9.26939e-14
5.89646e-14
-2.73975e-12
-2.12143e-12
-1.22491e-12
-4.2529e-12
-3.56247e-12
-4.34475e-12
-4.72282e-12
-4.79514e-12
1.18235e-34
-3.33182e-13
-1.17155e-12
-3.45898e-12
-2.39505e-12
-5.26664e-12
-4.81867e-12
-1.16627e-34
-8.15049e-13
5.18524e-14
3.32341e-14
-2.57283e-13
-3.86427e-12
-2.91742e-12
-1.88545e-12
-5.58484e-12
-5.87939e-12
-5.73354e-12
-6.46841e-12
-5.99251e-12
1.16627e-34
-4.4847e-13
-1.60046e-12
-3.11723e-12
-4.70364e-12
-6.75644e-12
-6.14137e-12
-1.1502e-34
4.89694e-14
-5.53809e-13
-1.53977e-12
-5.1858e-14
-5.43899e-12
-4.02446e-12
-2.92324e-12
-7.12287e-12
-7.61587e-12
-7.2294e-12
-7.89149e-12
-7.34585e-12
1.1502e-34
-5.8008e-13
-2.04419e-12
-3.78417e-12
-5.81895e-12
-8.36755e-12
-7.52526e-12
-1.13413e-34
-4.60956e-12
2.60757e-14
-1.00009e-12
-2.61745e-12
-2.37782e-13
-9.07312e-12
-7.68595e-12
-6.75311e-12
-9.9983e-12
-1.04257e-11
-9.84113e-12
-9.4696e-12
1.13413e-34
-2.45924e-12
-7.42446e-13
-4.68393e-12
-6.84173e-12
-1.15989e-11
-9.91535e-12
-8.75873e-12
-4.00084e-12
-1.11805e-34
-4.97031e-14
-6.4888e-12
-5.75056e-13
-1.92587e-12
-1.3006e-11
-1.2339e-11
-1.09513e-11
-1.15955e-11
-1.30276e-11
-1.31876e-11
-1.25165e-11
1.11805e-34
-2.86066e-12
-8.90655e-13
-5.19289e-12
-7.38742e-12
-1.18205e-11
-1.06419e-11
-9.34492e-12
-1.30772e-11
-7.16531e-12
-4.1023e-12
-1.65823e-11
-1.60687e-11
-2.02056e-13
-1.10198e-34
-1.38998e-12
-1.17885e-11
-3.96931e-12
-1.60342e-11
-1.8116e-11
-1.65672e-11
1.10198e-34
-1.47876e-11
-9.90074e-13
-3.06364e-12
-5.32204e-12
-7.45005e-12
-1.12459e-11
-9.18977e-12
-7.37171e-12
-1.30311e-11
-7.66001e-12
-2.01096e-11
-1.89312e-11
-5.13126e-13
-1.0859e-34
-6.58539e-12
-2.78239e-12
-1.67796e-11
-1.16265e-11
-2.31913e-11
-2.38435e-11
-2.65337e-11
1.0859e-34
-9.92149e-13
-1.60713e-11
-2.75292e-12
-4.41375e-12
-5.00661e-12
-8.97578e-12
-5.89731e-12
-1.09301e-11
-2.18125e-11
-2.43473e-11
-1.10082e-12
-1.06983e-34
-1.17024e-11
-5.2796e-12
-2.71082e-11
-3.69713e-11
-2.18765e-11
-3.22262e-11
-3.92621e-11
1.06983e-34
-7.82021e-13
-1.46209e-12
-1.30778e-11
-1.63174e-12
-1.01923e-12
-3.02664e-12
-1.12811e-12
-4.75493e-12
-7.80081e-12
-2.36181e-11
-3.12147e-11
-2.16452e-12
-1.05376e-34
-2.02792e-11
-9.02276e-12
-4.36447e-11
-5.74639e-11
-3.27055e-11
-5.22816e-11
-5.85852e-11
1.05376e-34
-1.49795e-13
5.93638e-12
1.09881e-12
-2.47646e-11
8.69381e-12
9.47631e-12
1.57567e-11
8.2187e-12
1.71785e-12
-4.01045e-11
-1.03768e-34
-3.99643e-12
-3.43516e-11
-1.68414e-11
-6.98619e-11
-8.3253e-11
-5.97433e-11
-6.90252e-11
-8.77991e-11
-5.16973e-11
1.03768e-34
1.22944e-12
1.62702e-11
7.37575e-12
-2.32473e-11
3.19047e-11
3.25083e-11
3.34886e-11
3.21094e-11
2.26909e-11
-1.02161e-34
-7.01006e-12
-6.15306e-11
-2.89419e-11
-1.20291e-10
-1.10772e-10
-9.66576e-11
-9.15051e-11
-1.22266e-10
-6.68607e-11
1.02161e-34
3.82989e-12
1.79914e-11
4.12868e-11
6.67659e-11
-1.92161e-11
8.56851e-11
7.22405e-11
6.37192e-11
5.8682e-11
-8.17031e-11
-1.00554e-34
-1.2182e-11
-1.39869e-10
-9.98978e-11
-4.57303e-11
-1.70102e-10
-1.85221e-10
-1.95238e-10
-1.31446e-10
8.47312e-12
1.00554e-34
3.60862e-11
7.85914e-11
1.23806e-10
-1.16418e-11
1.57085e-10
1.37151e-10
1.11108e-10
1.02545e-10
-1.00253e-10
-1.98513e-11
-9.89464e-35
-2.69797e-10
-7.79892e-11
-2.41543e-10
-1.48312e-10
-2.54452e-10
-3.22219e-10
-2.20674e-10
1.57746e-11
9.89464e-35
9.73391e-35
6.14387e-11
1.27241e-10
1.91562e-10
2.3476e-10
6.02633e-12
2.39592e-10
1.99374e-10
1.64909e-10
-1.49972e-10
-9.7339e-35
-3.34683e-11
-4.60388e-10
-3.73592e-10
-1.24334e-10
-2.49866e-10
-4.35408e-10
-4.8528e-10
-3.17638e-10
1.06145e-10
2.78664e-11
9.57317e-35
2.13966e-10
3.19084e-10
3.87758e-10
3.96927e-10
3.5856e-11
3.34769e-10
5.11256e-10
2.58315e-10
-1.85544e-10
-9.57317e-35
-1.85946e-10
-5.14849e-11
-6.22818e-10
-5.20972e-10
-3.59233e-10
-6.38273e-10
-7.21374e-10
-4.54652e-10
9.41244e-35
1.75351e-10
4.75287e-11
3.45927e-10
5.11049e-10
6.17355e-10
9.25171e-35
7.24624e-10
8.39982e-11
6.31676e-10
4.18707e-10
-2.30512e-10
-9.41244e-35
-8.21793e-11
-2.85818e-10
-5.81769e-10
-9.26057e-10
-7.82337e-10
-1.05737e-09
-8.64718e-10
-6.45808e-10
7.66422e-11
2.78466e-10
5.81359e-10
7.93356e-10
9.51859e-10
1.20866e-10
9.09097e-35
1.10508e-09
2.0271e-10
9.64647e-10
5.943e-10
-3.46963e-10
-9.25171e-35
-1.22328e-10
-4.31382e-10
-1.15398e-09
-8.14025e-10
-1.35525e-09
-1.5255e-09
-1.1603e-09
-9.06603e-10
4.49305e-10
1.30165e-09
8.84241e-10
1.42947e-09
1.85616e-10
8.93024e-35
2.93145e-10
1.33198e-09
1.63942e-09
8.23766e-10
-9.09097e-35
-4.2703e-10
-1.86625e-10
-6.39816e-10
-1.26463e-09
-1.67451e-09
-2.13587e-09
-2.16291e-09
-1.64033e-09
-1.2549e-09
6.46396e-10
1.76569e-09
1.23466e-09
2.30033e-09
2.70789e-10
8.7695e-35
4.11761e-10
1.8072e-09
2.36868e-09
1.40817e-09
-8.93023e-35
-5.24219e-10
-2.77857e-10
-9.29747e-10
-1.8117e-09
-2.38192e-09
-2.74579e-09
-2.85697e-09
-1.60219e-09
-2.55033e-09
9.88776e-10
2.53871e-09
1.79412e-09
2.98251e-09
4.03869e-10
1.41757e-09
8.60876e-35
7.28061e-10
2.55767e-09
3.16246e-09
1.97888e-09
-8.7695e-35
-3.92534e-10
-6.71644e-10
-1.37245e-09
-2.41321e-09
-3.54297e-09
-3.78377e-09
-3.24789e-09
-3.7121e-09
-2.01625e-09
2.54225e-09
3.55963e-09
4.13916e-09
5.72573e-10
1.91898e-09
3.68066e-09
8.448e-35
7.91297e-10
9.43905e-10
3.51437e-09
4.14075e-09
2.69025e-09
-1.84477e-09
-8.60875e-35
-5.61533e-10
-8.40468e-10
-3.47719e-09
-4.5027e-09
-5.07885e-09
-5.36254e-09
-4.06295e-09
-2.90586e-09
4.8533e-09
5.57704e-09
2.69977e-09
4.70051e-09
8.28722e-35
1.05196e-09
1.19439e-09
6.01282e-09
4.67226e-09
3.51911e-09
-4.62482e-09
-2.5079e-09
-8.44799e-35
-7.75318e-10
1.01934e-50
-1.74194e-50
-3.43888e-09
-1.01372e-09
-5.92407e-09
-6.56568e-09
-6.59669e-09
-5.56886e-09
6.74838e-09
7.2513e-09
3.55095e-09
6.28544e-09
8.12641e-35
1.37462e-09
4.46372e-09
8.43839e-09
1.56376e-09
7.3579e-09
4.20977e-09
5.96048e-09
-7.49696e-09
-5.71795e-09
-3.39517e-09
-8.28721e-35
-1.04116e-09
-1.2558e-21
3.58582e-36
-3.58669e-36
-3.91928e-09
-1.17245e-09
-7.74587e-09
-8.20575e-09
-6.56457e-09
8.66017e-09
9.42688e-09
7.46551e-09
7.96554e-35
1.72901e-09
5.23477e-09
9.9034e-09
4.83982e-09
1.93954e-09
7.20532e-09
-9.57501e-09
-8.97906e-09
-7.03793e-09
-4.272e-09
-8.12639e-35
-1.36548e-09
2.44111e-20
6.20143e-36
-6.20304e-36
-4.26857e-09
-1.06938e-09
-8.81942e-09
-7.02444e-09
7.981e-09
9.79046e-09
1.06915e-08
8.64002e-09
7.80458e-35
2.00284e-09
5.74177e-09
1.052e-08
2.29087e-09
5.33593e-09
-9.71078e-09
-1.00383e-08
-8.87133e-09
-4.99415e-09
-8.18749e-09
-7.96552e-35
-1.69576e-09
-3.98639e-19
9.07718e-36
-9.07957e-36
1.19529e-35
-3.9345e-09
-7.49817e-10
-6.15647e-09
-8.52606e-09
7.54417e-09
1.05771e-08
9.14738e-09
8.65692e-09
7.64348e-35
2.09245e-09
5.34032e-09
9.0475e-09
2.08269e-09
4.41785e-09
-5.36898e-11
-9.89762e-09
-9.93425e-09
-7.43285e-09
-5.46938e-09
-8.14691e-09
-7.80455e-35
-1.96715e-09
3.03338e-18
-1.19561e-35
1.48287e-35
-1.48326e-35
-2.17584e-09
-2.66866e-09
-5.17778e-09
4.64477e-09
4.94236e-09
7.54663e-09
5.9144e-09
7.48218e-35
2.55666e-09
1.77837e-09
3.406e-09
1.41027e-09
1.18994e-09
1.76812e-09
-8.75601e-09
-5.3328e-09
-2.69525e-09
-6.45932e-09
-5.09474e-09
-7.64344e-35
-2.05483e-09
-4.37156e-18
1.77045e-35
-1.77092e-35
5.46345e-09
3.68185e-09
3.5496e-09
-3.03323e-09
-3.35173e-09
-1.11715e-09
2.96425e-10
7.3206e-35
-2.98105e-09
5.82288e-10
-9.9162e-09
-6.20444e-09
1.05508e-11
-1.69525e-08
5.32631e-09
1.44058e-08
2.26693e-09
-2.24183e-09
1.61466e-08
8.12689e-10
-7.48212e-35
-2.57617e-09
-1.63457e-09
1.70686e-17
2.05802e-35
-2.05857e-35
1.51395e-08
2.18072e-08
2.88622e-08
-1.90507e-08
-1.88731e-08
-1.9919e-08
-1.69355e-08
7.15851e-35
6.9959e-35
-1.54208e-08
-2.05638e-09
-3.66178e-08
-6.42657e-09
-4.92643e-08
-3.44396e-08
1.17485e-08
7.78703e-09
3.73561e-08
1.22007e-08
3.48504e-09
-7.32052e-35
-4.55987e-10
-1.10195e-16
2.3456e-35
-2.34622e-35
6.83256e-35
5.40851e-08
5.63249e-08
5.9391e-08
-5.2406e-08
-5.60054e-08
-1.00084e-07
-4.0766e-08
-7.27142e-09
-3.53585e-08
-7.27447e-08
-1.84611e-08
-1.02634e-07
-1.57853e-08
-6.16379e-08
3.04335e-08
3.15951e-08
6.43077e-08
1.04148e-07
4.2546e-08
1.43427e-08
-7.15847e-35
2.43193e-09
4.8483e-16
2.63317e-35
-2.63388e-35
6.66788e-35
1.0896e-07
1.4446e-07
1.00918e-07
-1.12092e-07
-1.96446e-07
-8.97003e-08
-7.92688e-08
-1.70622e-07
-1.48157e-07
-3.5696e-08
-1.02785e-07
-1.92805e-07
-3.31352e-08
5.37883e-08
2.01408e-07
1.52862e-07
9.21625e-08
3.95814e-08
-6.9957e-35
7.91293e-09
-3.12416e-15
2.92075e-35
-2.92153e-35
6.50158e-35
-6.36757e-08
2.0064e-07
2.42055e-07
1.59134e-07
-2.58139e-07
-3.55341e-07
-2.76948e-07
-1.91038e-07
-3.12106e-07
-5.36527e-07
-2.45004e-07
8.04224e-08
-1.69254e-07
-3.39492e-07
-7.91396e-08
-6.83251e-35
2.48994e-07
3.11972e-07
1.60516e-07
7.4838e-08
1.80749e-08
-3.20918e-35
3.20832e-35
4.53114e-14
3.4959e-35
6.33412e-35
-4.38861e-07
-1.0997e-07
3.49318e-07
3.8925e-07
2.4367e-07
-4.52406e-07
-6.11431e-07
-4.85082e-07
-8.14933e-07
-8.19043e-07
1.18257e-07
4.04239e-07
-2.90717e-07
-5.71827e-07
-1.34514e-07
3.62897e-08
-6.66768e-35
4.38789e-07
6.57615e-07
5.40512e-07
3.17011e-07
1.58459e-07
-3.49684e-35
-2.00266e-13
3.78348e-35
-3.78449e-35
6.16545e-35
-7.17963e-07
-1.9411e-07
-1.5276e-06
5.84218e-07
-9.10667e-07
-1.01252e-06
-1.43954e-06
-1.4639e-06
1.86308e-07
6.50561e-07
-5.19106e-07
-9.30549e-07
-2.1942e-07
6.9251e-07
-6.50179e-35
6.72053e-08
8.22458e-07
1.07431e-06
1.02247e-06
5.41608e-07
2.76446e-07
-1.78392e-13
4.07105e-35
-4.07214e-35
5.99428e-35
-3.16843e-07
-2.30415e-06
-1.13995e-06
-2.38554e-06
1.1216e-06
-1.46279e-06
-2.041e-06
1.0192e-06
2.92993e-07
-9.98345e-07
-1.47233e-06
-3.48013e-07
-2.85268e-06
-6.33469e-35
1.14497e-07
1.33586e-06
1.7046e-06
1.6391e-06
8.92102e-07
4.41604e-07
5.85003e-12
4.35863e-35
-4.3598e-35
5.82258e-35
-4.8892e-07
-3.54403e-06
-3.4133e-06
-1.85323e-06
1.96089e-06
-2.61959e-06
-2.27119e-06
1.55991e-06
4.59737e-07
-1.5364e-06
-5.34609e-07
-4.33673e-06
-3.97259e-06
2.46676e-06
-6.16461e-35
1.92782e-07
7.19741e-07
1.91977e-06
2.28243e-06
1.32887e-06
-5.21201e-11
4.64621e-35
-4.64743e-35
4.93373e-35
-4.93514e-35
-7.6848e-07
5.64991e-35
5.48236e-35
-5.33324e-06
-6.44986e-06
-5.11962e-06
-2.69439e-06
2.97308e-06
-2.3054e-06
-3.422e-06
2.33336e-06
6.91652e-07
-8.05733e-07
-5.88888e-06
-5.03962e-06
3.51412e-06
-5.99325e-35
3.13385e-07
1.08924e-06
2.23436e-06
3.91013e-06
2.98052e-06
-2.48151e-10
5.22157e-35
-5.21565e-35
-8.5344e-06
5.33127e-35
5.20766e-35
-1.14078e-06
-1.3106e-06
-7.25433e-06
-8.52318e-06
-7.08561e-06
-4.02275e-06
4.4068e-06
-3.38414e-06
-1.18089e-06
3.1559e-06
1.01807e-06
-7.25228e-06
-4.84324e-06
5.23823e-06
-5.81902e-35
4.79316e-07
1.77763e-06
3.42321e-06
5.84416e-06
4.92028e-06
4.71152e-09
5.53264e-35
-5.41704e-35
-1.20835e-05
5.16412e-35
-1.35376e-06
-4.43654e-06
-3.65963e-06
-1.21935e-05
-1.05141e-05
-1.31487e-05
-9.77017e-06
-1.59368e-05
-1.01906e-05
6.38521e-06
-1.69341e-06
1.72363e-06
4.21243e-06
-6.76281e-06
-2.36028e-06
7.64376e-06
-5.64906e-35
7.63329e-07
2.8202e-06
4.82247e-06
8.54532e-06
7.8846e-06
-1.64022e-06
5.21768e-35
3.42077e-08
6.12733e-35
5.84497e-35
-5.51925e-35
-1.46062e-05
-3.87455e-06
-7.54305e-06
-1.662e-05
-1.60861e-05
-1.50974e-05
-2.02016e-05
-2.0552e-05
-1.1115e-05
8.27648e-06
2.39508e-06
6.79544e-06
1.12758e-06
-4.86332e-06
1.21216e-05
4.03193e-06
-5.48653e-35
1.16711e-06
7.53166e-06
1.22201e-05
1.05425e-05
-6.31032e-06
6.02218e-35
5.50037e-35
-2.01515e-06
6.37824e-35
1.13877e-07
-5.75818e-35
6.63146e-35
-1.70242e-05
-1.16865e-05
-1.39002e-05
-2.19417e-05
-2.36417e-05
-2.32425e-05
-2.6892e-05
-2.59063e-05
-8.42266e-06
1.15831e-05
8.40878e-06
7.09415e-06
-1.2951e-06
6.50866e-06
1.60739e-05
1.6828e-05
-5.32959e-35
3.95001e-06
1.29166e-06
1.09097e-05
1.58908e-05
-1.34755e-05
6.61123e-35
-1.32389e-06
-5.73556e-06
2.33138e-07
-6.47252e-35
9.32549e-07
6.79713e-35
-2.44206e-05
-1.51159e-05
-2.67181e-05
-2.29309e-05
-3.16234e-05
-3.90845e-05
-3.23865e-05
-3.45913e-05
-7.5113e-06
1.37e-05
1.29809e-05
6.00287e-06
9.93765e-06
1.88848e-05
2.31571e-05
2.06797e-05
5.5738e-06
-5.20994e-35
1.35002e-06
1.75741e-05
-1.64493e-05
9.25981e-07
-5.28338e-06
-6.80195e-35
2.32231e-06
-2.98406e-05
-1.84899e-05
-3.40653e-05
-3.79934e-05
-4.52446e-05
-4.18002e-05
-4.07361e-05
3.8401e-06
-9.89568e-06
1.93776e-05
1.21442e-05
1.68262e-05
1.16947e-05
2.54625e-05
2.99307e-05
2.74941e-05
1.71423e-05
9.67716e-06
3.8754e-06
-5.16189e-35
2.75269e-05
-1.87564e-05
2.28892e-07
-5.93301e-35
-3.42364e-05
-3.22261e-05
-2.32458e-05
-4.72095e-05
-4.86377e-05
-4.36184e-05
6.05642e-07
-9.87414e-06
2.41648e-05
1.22e-05
2.49561e-05
1.6541e-06
3.20517e-05
3.74196e-05
3.49441e-05
2.37323e-05
1.59987e-05
6.2859e-06
-5.22126e-35
3.23958e-05
-4.75706e-05
-3.26072e-35
-3.57849e-05
-3.65593e-05
-1.20642e-05
-2.21214e-05
-5.09303e-05
-4.72031e-05
-3.9141e-05
-1.75011e-06
1.52277e-05
3.34164e-05
2.40101e-05
4.2195e-05
4.26594e-05
3.97665e-05
2.93518e-05
2.25221e-05
9.30106e-06
2.62514e-06
-5.4933e-35
4.14415e-05
-4.36973e-05
1.83452e-35
-2.80507e-05
-2.70906e-05
-8.0171e-06
-4.28411e-05
-3.66939e-05
-2.98626e-05
-6.36218e-06
4.90551e-06
1.75835e-05
2.81851e-05
3.50317e-05
4.77875e-05
4.39778e-05
4.93928e-05
3.2759e-05
1.14133e-05
2.12497e-06
4.27551e-05
-6.02076e-35
4.34782e-05
-3.64759e-05
2.09095e-35
-1.92894e-05
-1.57285e-05
-3.59925e-05
-3.05209e-05
-2.1851e-05
-3.59106e-08
9.18206e-06
1.86962e-05
3.46805e-05
4.9769e-05
5.00501e-05
1.59287e-05
5.32114e-06
1.06732e-06
3.8832e-05
4.1844e-05
4.44229e-05
-6.63186e-35
3.26508e-35
-2.42855e-05
1.54581e-35
7.6845e-36
-1.15794e-05
-1.29106e-06
-8.15176e-06
-2.40049e-05
-1.62691e-05
6.79074e-06
1.54977e-05
3.04925e-05
4.46449e-05
-5.24491e-08
-1.19932e-06
-2.04003e-35
3.69436e-05
2.97258e-05
3.80436e-05
-6.80486e-35
5.97488e-35
4.19048e-06
-1.68394e-05
1.30089e-36
-6.68001e-06
-4.10996e-06
-1.14392e-05
-1.63108e-05
5.5782e-06
1.26913e-05
2.39367e-05
-2.45036e-06
-9.90185e-07
-2.04619e-35
2.62378e-05
1.92078e-05
-6.6155e-35
6.79297e-35
-1.6221e-06
-1.11926e-05
-9.5879e-06
-5.98087e-36
-3.59471e-06
-5.61409e-06
-5.0862e-06
-8.00967e-06
6.87041e-06
3.25321e-06
1.13367e-05
1.80191e-05
1.83668e-05
-3.37453e-07
-1.55946e-35
1.15309e-05
-6.3888e-35
6.4806e-35
-1.31385e-35
-9.86481e-08
-7.01118e-06
-6.35413e-07
-3.48256e-06
-1.73829e-06
-2.76686e-06
-5.01702e-06
6.83071e-06
3.33212e-06
1.11701e-05
1.04204e-05
-1.78057e-07
6.54787e-06
-7.83607e-36
7.89231e-06
5.75917e-35
-6.12871e-35
-1.19353e-07
-2.02095e-35
-2.16338e-07
-2.74891e-35
-2.61938e-08
-5.9425e-07
-1.1508e-06
-1.23159e-06
-3.97725e-06
-1.87987e-06
-3.07159e-06
4.19837e-06
1.82607e-06
6.82462e-06
3.80976e-06
5.30043e-06
-1.2289e-36
3.97158e-06
5.52236e-35
-5.84835e-35
-3.429e-08
-7.76634e-08
-3.48281e-35
8.77869e-07
-2.7302e-07
-7.78782e-07
-6.41048e-07
-2.05448e-06
-1.67086e-06
1.24215e-06
2.47748e-06
5.93259e-36
3.05377e-06
1.73254e-06
2.05729e-06
5.41948e-35
-5.53515e-35
-4.70081e-09
-9.34724e-08
-1.90734e-08
-4.21896e-35
4.41232e-07
-3.24161e-07
-2.052e-07
-4.1552e-07
-8.30199e-07
1.08243e-06
1.62027e-06
1.31894e-35
6.41067e-07
1.201e-06
5.21824e-35
-5.22416e-35
2.83959e-10
-7.84097e-08
-4.95768e-35
-3.8337e-09
2.14105e-07
-1.51648e-07
-1.22984e-07
-2.76844e-07
5.04734e-07
8.11995e-07
2.37507e-07
2.02205e-35
5.29436e-07
4.93754e-35
-4.93615e-35
4.6497e-35
4.60279e-11
-5.69698e-35
-2.92571e-08
-8.39244e-10
-1.05272e-09
-4.27558e-08
9.05613e-08
-6.78931e-08
-4.51398e-08
-1.11734e-07
1.4863e-07
2.06864e-07
3.24192e-07
8.89321e-08
2.74847e-35
-4.64848e-35
4.36193e-35
-4.36075e-35
-5.80315e-12
-6.43541e-35
-7.17274e-35
-7.90674e-35
2.96926e-09
-7.36101e-09
6.8548e-10
-2.03619e-08
2.77928e-08
-2.29109e-08
-2.9131e-08
-8.63586e-35
4.33713e-08
4.24239e-08
9.38576e-08
2.34287e-08
2.58193e-08
3.48125e-35
4.07413e-35
-4.07304e-35
3.11376e-13
-9.35788e-35
2.1475e-08
8.0969e-08
1.82026e-08
3.10291e-08
2.58123e-09
-2.07557e-08
-1.18741e-08
-2.99477e-08
2.13657e-07
3.79444e-09
-1.21395e-08
-1.738e-08
-1.18116e-09
3.09808e-09
4.21807e-35
3.78634e-35
-3.78532e-35
-7.98291e-14
-1.00725e-34
5.04252e-07
-1.1487e-34
-1.07774e-34
1.04001e-07
3.04599e-07
1.34241e-07
-5.93953e-08
1.19944e-08
-5.31671e-08
-3.86312e-08
6.51141e-07
1.47671e-06
-4.68356e-08
-2.49467e-08
-8.01542e-09
-1.83963e-09
4.95613e-35
3.49854e-35
-3.49761e-35
2.24249e-14
-1.2452e-34
-1.33665e-34
1.03485e-06
1.47216e-06
3.08819e-06
3.52312e-06
1.89993e-06
3.89592e-07
1.52981e-07
-1.18959e-07
-4.28634e-08
-1.05029e-07
1.19946e-06
2.59185e-06
-1.17177e-07
-5.43682e-08
5.69495e-35
-5.38883e-09
3.21075e-35
-3.20989e-35
2.92295e-35
-1.48232e-14
-1.24272e-34
-1.70614e-34
1.67261e-05
1.53209e-05
4.33768e-06
6.37418e-06
6.72003e-06
1.2293e-05
4.47971e-07
-3.01719e-08
1.05506e-08
-2.24233e-07
-1.97933e-07
-2.72703e-07
1.0828e-06
2.04161e-06
3.61549e-06
-1.35063e-07
-1.46871e-08
6.43263e-35
-2.92217e-35
2.63516e-35
2.7808e-15
2.54112e-35
3.13485e-05
3.09736e-05
2.58988e-05
7.90991e-06
2.26801e-05
1.44854e-05
4.40881e-06
1.49301e-07
-5.12322e-07
-3.19498e-07
-4.73277e-07
-4.88968e-07
4.72812e-07
1.0935e-06
-3.70386e-07
7.16919e-35
-4.03102e-08
-2.63446e-35
-1.06182e-07
2.34737e-35
-2.34674e-35
-9.14717e-16
1.76617e-35
3.38581e-05
2.91159e-05
2.83244e-05
1.03377e-05
1.88276e-05
4.86948e-06
-9.59335e-07
-1.04396e-06
-9.26769e-07
-9.69462e-07
-2.08379e-06
-7.10692e-07
7.90193e-35
-2.29736e-07
2.05957e-35
-2.05903e-35
6.78663e-17
1.79964e-35
2.7185e-05
1.91527e-05
1.88472e-05
8.32251e-06
-1.60307e-06
-5.21059e-06
-2.14287e-06
-2.4129e-06
-4.47507e-06
-1.70996e-06
8.62991e-35
-5.04093e-07
1.77178e-35
-1.77131e-35
-1.068e-17
2.69893e-36
9.63368e-06
-6.98679e-07
2.79821e-06
-5.61545e-06
-9.77948e-06
-7.82948e-06
-4.95311e-06
-3.39936e-06
-1.08151e-06
9.349e-35
1.48399e-35
-1.48359e-35
2.34317e-18
4.43648e-36
-1.23501e-06
-1.53852e-05
-1.1149e-05
-1.70966e-05
-1.51884e-05
-1.17315e-05
-7.58526e-06
-1.14353e-06
1.00611e-34
1.19619e-35
-1.19588e-35
-3.26537e-19
-2.75726e-36
-1.32129e-05
-2.60787e-05
-2.44364e-05
-2.40858e-05
-1.53007e-05
-4.59897e-06
1.07939e-34
9.084e-36
-9.08161e-36
5.04789e-20
-1.20218e-35
-2.43458e-05
-3.40468e-05
-3.1913e-05
-2.61373e-05
-1.00454e-05
-3.41461e-06
1.1509e-34
6.20606e-36
-6.20445e-36
-2.57415e-21
-1.24569e-35
-2.85092e-05
-3.35737e-05
-8.55924e-06
1.24638e-34
-4.92801e-51
1.21698e-50
3.58844e-36
-3.58757e-36
-3.38574e-05
-1.96891e-35
-1.72557e-05
1.33198e-34
-2.31436e-35
1.72697e-34
1.24272e-34
