1.42267e-48
8.82542e-49
4.99318e-19
5.89226e-36
-5.89083e-36
-1.01878e-35
1.01904e-35
-4.20598e-18
1.4916e-35
-1.49121e-35
4.7523e-19
1.96416e-35
-1.96365e-35
5.53675e-17
2.43672e-35
-2.43608e-35
-4.67629e-16
2.90929e-35
3.38185e-35
-2.90851e-35
-3.38095e-35
4.38577e-16
3.85441e-35
-3.85338e-35
-5.08537e-17
4.32697e-35
-4.32581e-35
-3.26438e-16
4.79953e-35
5.27209e-35
-4.79824e-35
3.1068e-35
-1.55624e-15
5.74465e-35
-5.27068e-35
-5.74311e-35
-1.07178e-35
-1.23271e-35
-1.48484e-35
9.53757e-35
-7.34021e-36
-1.7396e-05
1.07059e-35
1.49722e-35
6.21721e-35
2.91715e-14
6.68977e-35
-6.21554e-35
-2.21897e-05
-1.91362e-05
-2.05346e-05
3.39909e-35
6.96142e-36
-1.58893e-36
2.00242e-36
-2.55239e-05
-1.84048e-05
-9.04422e-06
-3.1068e-35
1.70662e-05
1.02804e-35
2.24778e-05
1.99547e-05
-5.1498e-14
7.16233e-35
-6.68798e-35
-7.16041e-35
-5.96941e-06
-2.27773e-05
2.83864e-35
3.6496e-35
8.47365e-06
-1.52754e-06
-2.15899e-05
-1.6165e-05
-1.10324e-05
-9.43272e-35
1.80752e-05
2.50943e-05
2.25325e-05
1.8091e-05
2.37455e-05
9.10214e-14
7.63489e-35
-7.63283e-35
-7.83397e-06
-1.68877e-05
2.28818e-35
-1.34369e-06
9.24514e-06
-7.26102e-07
-1.44645e-05
-9.11401e-06
1.41376e-05
-3.19451e-35
2.13359e-05
1.66868e-05
1.11739e-05
1.01966e-10
8.10746e-35
-8.10542e-35
-1.0873e-05
-4.40769e-06
-1.17542e-05
1.72666e-35
-8.20976e-07
-8.08797e-06
2.53431e-06
-3.58246e-06
8.67132e-06
1.42602e-05
-3.76416e-35
1.24967e-05
2.66099e-06
7.1202e-06
-5.96155e-11
8.56818e-35
-8.57751e-35
1.17164e-35
-3.3375e-06
-8.27561e-06
-6.18485e-06
-2.39538e-06
-3.72581e-07
-7.49335e-07
-3.69342e-06
8.63677e-06
-6.6133e-07
3.86883e-06
7.97615e-06
7.44177e-07
-2.79914e-35
7.54222e-06
3.15571e-06
8.90007e-35
-2.48375e-08
-9.09024e-35
-9.60312e-35
6.12014e-36
4.55557e-37
-1.54972e-07
-3.3905e-06
-2.979e-06
-1.16484e-06
-1.72257e-06
-1.18635e-06
5.46737e-06
5.47813e-06
3.58816e-06
1.11404e-06
-2.28919e-35
4.14205e-06
1.60448e-06
9.06509e-35
-1.38969e-07
-1.00622e-34
-5.24353e-36
-6.35778e-08
-2.44644e-08
-6.3536e-07
-4.64e-07
-1.54299e-06
-8.20684e-07
5.75151e-07
3.32539e-06
2.88375e-06
1.48817e-06
-1.73107e-35
2.31781e-06
7.77964e-07
-1.09671e-35
9.45388e-35
-3.10517e-07
-1.04783e-34
-5.29626e-09
-2.30318e-07
-7.39711e-08
1.41443e-07
-3.17481e-07
-3.6361e-07
-5.74831e-07
6.36073e-07
2.02783e-06
1.13668e-06
8.47427e-07
-1.17399e-35
3.82944e-07
-1.44986e-09
-1.67026e-35
-6.43598e-07
1.06446e-34
-1.08752e-34
-1.21728e-06
-3.06668e-08
-1.91905e-07
-5.40706e-08
1.81338e-07
-2.77579e-07
-9.94693e-08
-2.03499e-07
4.36205e-07
5.98247e-07
7.92186e-07
-6.12383e-36
1.55979e-07
-5.96928e-09
-6.25336e-11
-2.24392e-35
-2.62892e-06
1.12134e-34
-1.11643e-34
-1.11299e-34
-1.20727e-06
-1.43972e-08
-1.04846e-07
-3.69095e-08
2.37186e-07
8.36058e-08
1.06274e-07
-9.6343e-08
3.4936e-07
2.56395e-07
-4.49616e-37
5.70481e-08
-2.8177e-35
7.99548e-09
2.54425e-09
3.9546e-09
3.23346e-08
9.81968e-35
1.87207e-06
-1.07546e-34
1.11655e-05
-5.67601e-09
-2.4797e-08
-5.55367e-09
1.41359e-07
7.45928e-08
3.09544e-08
8.34832e-08
5.24032e-36
2.18098e-08
2.86872e-08
-3.38937e-35
-3.95899e-35
3.0185e-08
2.7515e-08
7.5967e-08
1.85032e-08
2.35695e-35
8.027e-06
1.47829e-06
-1.03337e-34
1.77587e-05
2.80364e-05
2.92341e-05
6.17397e-09
7.59944e-09
6.89679e-08
2.61417e-08
3.53744e-10
2.94507e-08
1.09639e-35
6.62244e-09
-4.52474e-35
2.16726e-08
6.58068e-08
6.13281e-08
1.27073e-07
1.80403e-07
-5.06583e-35
-6.85818e-35
2.74327e-05
1.42913e-06
8.43892e-06
-1.01542e-34
1.99657e-05
3.63259e-05
2.94493e-05
3.54757e-05
-1.23887e-08
1.66996e-35
3.86366e-09
9.17566e-09
1.65303e-08
-1.24537e-08
2.0807e-09
1.8928e-07
4.92015e-07
-4.3683e-08
1.44911e-07
5.31273e-08
5.46414e-07
3.25671e-07
2.94803e-07
-5.50763e-35
-5.86593e-35
1.34478e-06
-7.98145e-35
3.35235e-05
2.17196e-05
-6.36402e-35
-7.43229e-35
4.5375e-06
1.20177e-05
-1.00883e-34
1.69911e-06
2.00615e-05
3.86427e-05
3.74465e-05
3.65272e-05
2.58489e-05
3.31969e-05
-4.52337e-08
-1.13298e-07
2.24386e-35
-9.53717e-09
1.48422e-09
-3.64461e-08
1.08694e-09
1.26552e-06
-9.28293e-08
1.2064e-07
1.59603e-06
9.35528e-07
6.47679e-07
2.77377e-06
5.07747e-06
2.85218e-06
3.28189e-05
1.55468e-05
2.80875e-05
8.24958e-06
5.94842e-06
1.13335e-05
-1.01489e-34
1.14245e-06
1.65484e-05
3.45755e-05
3.34967e-05
3.26881e-05
2.03832e-05
2.36174e-05
2.74464e-05
-1.21268e-07
-2.46726e-07
2.81731e-35
-1.8012e-08
-2.60999e-09
3.07643e-06
-1.79528e-07
3.4044e-07
1.29294e-06
5.31661e-06
8.09588e-06
5.41206e-06
2.96543e-05
2.76437e-05
2.02778e-05
1.30334e-05
4.88286e-06
9.67174e-06
-1.02371e-34
6.81388e-07
2.5323e-06
1.40658e-05
2.79968e-05
2.85775e-05
2.78264e-05
1.64417e-05
1.84075e-05
2.23996e-05
-8.8118e-08
-3.2137e-07
-4.88583e-07
3.38953e-35
-1.71421e-08
3.24876e-06
-3.73633e-07
5.5759e-07
8.65558e-07
8.64459e-06
5.27308e-06
2.33385e-05
2.26635e-05
1.84469e-05
1.25744e-05
5.17272e-06
2.2043e-05
5.37923e-06
8.84425e-06
-1.03524e-34
3.57178e-07
2.2247e-06
1.16428e-05
2.01738e-05
2.10972e-05
2.24721e-05
1.34116e-05
1.72658e-05
1.59204e-05
-6.29544e-08
-2.11389e-07
-6.03158e-07
-1.02198e-06
3.95804e-35
-1.65384e-06
2.55633e-06
-9.14343e-07
-2.23123e-06
-4.94897e-08
8.72617e-06
3.87167e-06
1.40404e-05
1.66086e-05
1.24054e-05
1.60343e-05
-1.04671e-34
7.64246e-06
2.44321e-06
5.051e-06
1.07647e-07
6.95399e-07
7.80296e-06
6.08244e-06
7.428e-06
1.33118e-05
1.09762e-05
1.4804e-05
8.93293e-06
1.10563e-05
1.14881e-05
1.19206e-05
-1.662e-07
-4.58729e-07
-1.32144e-06
4.52318e-35
-3.10446e-06
-1.33892e-07
-4.61707e-06
-2.64936e-06
-7.47385e-07
3.04149e-06
8.47296e-06
4.22347e-06
2.17313e-06
9.6855e-06
-1.05841e-34
-1.23961e-07
4.23374e-06
1.06286e-06
-6.80062e-08
5.41074e-06
4.34277e-06
2.62066e-06
1.94153e-07
5.87318e-06
2.17107e-06
6.52607e-06
5.2463e-06
5.09858e-06
7.38839e-06
6.83604e-06
6.82066e-06
-4.47316e-07
-1.26634e-06
5.06127e-35
-2.71796e-06
-4.79764e-06
-5.2038e-06
-7.16581e-06
-4.48639e-06
-3.23911e-06
-5.28378e-06
-9.06203e-06
2.45934e-06
-1.06898e-34
-6.72037e-07
2.54384e-07
-9.96398e-07
8.38169e-07
-5.28513e-07
-1.38517e-06
-9.4297e-07
3.23135e-06
1.46472e-06
-1.03837e-05
-6.17186e-06
-6.3628e-06
-5.59766e-06
7.40321e-08
1.79756e-06
2.09852e-06
3.04676e-06
3.51032e-06
-1.34803e-06
5.50476e-35
-4.83639e-06
-9.7623e-06
-9.00849e-06
-1.27351e-05
-1.28021e-05
-1.47641e-05
-1.71575e-05
-5.1054e-06
-1.04712e-34
-7.59131e-07
-1.70123e-06
-1.59067e-06
-2.92571e-06
-2.14135e-06
-5.39872e-07
-1.85414e-06
-2.37435e-06
7.25048e-07
-5.77079e-07
-6.10063e-08
-1.77502e-05
-2.07615e-05
-1.26632e-05
-1.53598e-05
-1.01907e-05
-2.54867e-06
-5.8128e-07
9.23634e-07
6.07209e-07
-2.63268e-06
5.86775e-35
-8.14007e-06
-1.31456e-05
-1.71836e-05
-2.38033e-05
-2.33257e-05
-2.3693e-05
-8.17976e-06
-1.16424e-34
-1.86222e-06
-3.99225e-06
-2.62351e-06
-3.65425e-06
-1.69826e-06
-3.98921e-06
-8.10934e-07
-2.0082e-06
-9.70079e-07
-1.31208e-06
-2.22203e-05
-2.66422e-05
-2.96382e-05
-1.56885e-05
-2.06293e-05
-1.72167e-06
-1.43332e-05
-4.88055e-06
-1.26465e-06
-2.20414e-06
-5.18968e-06
6.35069e-35
-9.00197e-06
-3.02385e-05
-2.04661e-05
-2.88054e-05
-9.01263e-06
-3.08033e-35
-4.07955e-36
-4.24139e-06
-2.36783e-06
-3.76995e-06
-4.13649e-06
-2.82664e-06
-1.92458e-06
-2.11966e-06
-1.9588e-06
-2.87192e-06
-1.4854e-06
-1.87888e-06
-2.90331e-05
-3.40585e-05
-3.57817e-05
-2.07843e-05
-2.97485e-05
-1.69876e-06
-1.92839e-05
-4.05532e-06
-1.33115e-05
-8.52952e-06
-2.17437e-06
-3.11914e-06
7.42207e-35
-1.50126e-05
-3.45131e-05
-2.83521e-05
-2.76369e-36
7.02637e-36
2.23847e-06
-3.09063e-36
-3.49361e-06
-4.5302e-36
-4.14726e-06
-2.04601e-06
-2.27642e-06
-1.38534e-06
-1.27832e-06
-3.5236e-05
-3.91119e-05
-2.69681e-05
-3.09444e-05
-1.85506e-06
-1.16349e-06
-2.16796e-05
-1.65869e-05
-5.08816e-06
-6.74669e-06
-1.1393e-05
-8.46178e-06
-3.30682e-06
7.97571e-35
-2.17271e-05
-3.46916e-05
7.18532e-37
-2.13617e-36
-9.71011e-37
-1.41364e-06
-5.66159e-07
-1.00064e-06
-1.86741e-06
-3.35425e-05
-3.66434e-05
-3.72375e-05
-2.56401e-05
-2.75326e-05
-9.0689e-07
-2.22377e-07
-1.78301e-05
-1.32194e-05
-5.86388e-06
-9.25698e-06
-1.56002e-06
-3.33631e-06
6.83496e-35
-2.80744e-05
-1.1794e-36
7.8362e-37
2.50088e-07
-6.98983e-07
-2.68315e-05
-3.00744e-05
-2.97047e-05
-2.21519e-05
-2.02483e-05
-2.18314e-05
-4.35326e-07
-3.52901e-07
-1.68518e-05
-1.27325e-05
-9.27613e-06
-5.66225e-06
-1.99284e-06
9.31046e-08
-1.00115e-06
-2.46374e-35
-2.92143e-38
7.41364e-07
-1.25378e-05
-2.12521e-05
-1.80705e-05
-1.48465e-05
-1.4031e-05
-1.30376e-05
-2.84478e-36
3.1401e-07
-1.15802e-05
-8.61574e-06
-5.87441e-06
-3.37667e-06
2.77863e-06
5.27407e-07
8.66468e-07
-1.45558e-06
-9.87023e-35
1.92679e-06
-1.03251e-05
-3.49725e-06
-8.60192e-06
1.50582e-07
1.24593e-06
-1.03608e-05
-8.73339e-06
-6.11205e-06
-4.64194e-06
5.56587e-37
6.87556e-07
3.59971e-06
-7.99999e-06
-4.84667e-06
-1.09551e-06
2.08648e-06
3.79036e-06
2.06458e-06
-1.12012e-34
1.11424e-34
-4.08202e-06
-1.46382e-06
1.07438e-34
1.11745e-34
5.32894e-07
1.01561e-34
-6.58606e-06
-4.10745e-06
-1.18561e-06
-1.74929e-06
1.3632e-37
5.00775e-06
2.04045e-06
-2.91958e-06
6.55869e-07
-1.83739e-06
3.42509e-06
5.0741e-06
3.47882e-07
-1.06625e-34
1.03398e-34
1.08703e-34
1.00925e-34
1.59999e-06
-2.49799e-06
-7.14676e-07
1.0155e-34
5.15121e-06
5.12327e-37
3.99723e-06
-7.36537e-07
3.01058e-08
3.27306e-06
1.04981e-34
4.81398e-06
2.39817e-07
-9.46858e-35
8.37877e-07
2.02049e-06
-3.75398e-07
1.02485e-34
4.30291e-06
3.73713e-36
-1.0422e-07
1.62769e-07
7.91377e-07
1.00768e-34
1.79436e-06
4.23611e-06
1.39509e-07
-9.07874e-35
1.06718e-34
1.05327e-34
1.03697e-34
2.65983e-36
1.049e-34
1.06314e-34
9.61741e-35
1.16224e-34
4.37014e-36
-8.91277e-35
2.50973e-08
9.10343e-35
3.08033e-35
-8.58112e-35
8.59043e-35
1.03154e-10
-8.11958e-35
8.11754e-35
-1.07828e-10
-7.6463e-35
7.64424e-35
6.81729e-12
-7.17305e-35
7.17113e-35
-6.69978e-35
-8.14067e-13
6.69799e-35
-6.22651e-35
4.76963e-13
6.22484e-35
-5.75324e-35
1.753e-13
5.75171e-35
-5.27998e-35
-7.05172e-14
5.27856e-35
-4.80671e-35
4.80542e-35
8.98782e-15
-4.33344e-35
4.33228e-35
1.56979e-16
-3.86017e-35
3.85914e-35
-3.38691e-35
-9.0086e-16
3.386e-35
2.91286e-35
-2.91364e-35
4.81508e-18
2.43972e-35
-2.44037e-35
5.90309e-19
1.96658e-35
-1.9671e-35
1.49344e-35
-2.40784e-20
-1.49384e-35
1.0203e-35
1.98679e-20
-1.02057e-35
5.89965e-36
4.52208e-20
-5.90107e-36
3.02401e-49
-2.42197e-49
