-3.86925e-37
-3.6145e-37
9.241e-35
1.32642e-36
8.00361e-37
3.49977e-37
-1.31205e-36
-1.59001e-06
-6.18856e-37
-5.73445e-37
-1.57032e-37
-4.67122e-37
8.86524e-38
-1.08937e-06
-8.63609e-07
-9.46495e-37
6.72981e-37
1.41514e-36
1.361e-06
2.03319e-34
5.66352e-37
4.93794e-37
4.14538e-37
3.10169e-07
4.93038e-07
1.01112e-06
5.56808e-07
-1.5717e-06
-2.02247e-06
-2.22242e-06
-2.60798e-07
-8.19022e-07
-5.55261e-07
-2.31011e-07
-1.85252e-06
-1.41301e-06
-1.54122e-36
-1.50985e-06
1.6204e-06
1.46911e-06
1.98016e-34
1.62474e-06
7.84239e-08
9.45349e-07
1.25437e-06
1.6049e-06
2.1307e-06
4.2589e-07
-2.9325e-07
1.3381e-06
9.60967e-07
-1.84235e-06
-2.26636e-06
-2.20291e-06
-5.2572e-07
-1.25879e-06
-7.5837e-07
-2.00392e-06
-1.72126e-06
-2.15607e-06
-9.241e-35
-2.0308e-34
-6.63682e-07
-8.19858e-07
2.07835e-06
1.9794e-34
1.501e-06
4.48328e-07
1.66274e-06
2.30573e-06
2.11826e-06
2.09948e-06
1.59206e-06
1.74176e-07
-4.37718e-07
1.41363e-06
7.21898e-07
-1.60261e-06
-2.0053e-06
-7.68397e-07
-1.32091e-06
-1.96303e-06
-1.67977e-06
-1.97471e-06
-1.98244e-34
-1.97763e-34
-7.06461e-07
1.96596e-34
1.72551e-06
1.427e-07
7.0805e-07
2.12242e-06
1.96693e-06
2.16641e-06
1.91779e-06
1.58638e-06
4.49188e-08
-5.03712e-07
1.09054e-06
5.14188e-07
-1.23557e-06
-1.43796e-06
-1.60894e-06
-1.02596e-06
-1.48508e-06
-1.76986e-06
-1.62611e-06
-1.96644e-34
-5.29347e-07
-1.46069e-07
1.9515e-34
1.17169e-07
1.2527e-06
5.37328e-07
1.46424e-06
1.59282e-06
1.90479e-06
1.65548e-06
1.24447e-06
-9.37307e-08
-6.83152e-07
-7.83968e-07
8.17339e-07
2.82997e-07
-7.46358e-07
-1.05241e-06
-1.08082e-06
-1.28892e-06
-1.14507e-06
-1.46698e-06
-1.29446e-06
-1.95156e-34
-2.90049e-07
1.93703e-34
3.0632e-07
6.33283e-08
9.18036e-07
5.68835e-07
1.20466e-06
1.57379e-06
1.37115e-06
-9.20851e-07
9.71035e-07
-2.75125e-07
-6.1751e-07
2.05384e-07
5.52495e-07
-5.5834e-07
-6.67214e-07
-9.69351e-07
-1.00778e-06
-1.09363e-06
-1.93695e-34
-1.70428e-07
1.92205e-34
4.67321e-08
2.21929e-07
6.83405e-07
4.0731e-07
8.49157e-07
1.21034e-06
1.00356e-06
1.07368e-06
-4.67085e-07
-7.77834e-07
6.8235e-07
-1.72963e-07
3.29969e-07
-2.05383e-07
-3.37245e-07
-7.08713e-07
-5.39954e-07
-7.92678e-07
-8.21048e-07
-6.38944e-07
-1.92205e-34
-4.44108e-08
-1.27202e-07
1.90702e-34
3.19595e-08
1.57263e-07
5.92607e-07
3.86522e-07
7.15425e-07
8.95063e-07
8.11414e-07
6.87629e-07
-6.19995e-07
-3.84902e-07
5.10053e-07
3.65287e-08
2.95886e-07
-1.77193e-07
-4.80031e-07
-2.78902e-07
-4.25904e-07
-5.75282e-07
-4.87512e-07
-1.90702e-34
-2.41704e-08
-8.90707e-08
1.89192e-34
1.80062e-08
7.08202e-08
9.17981e-08
2.1349e-07
3.49659e-07
5.30388e-07
6.40931e-07
5.82396e-07
4.60432e-07
-4.76054e-07
-3.06749e-07
2.68339e-07
1.16456e-07
-8.5169e-08
-3.5614e-07
-2.22301e-07
-3.93398e-07
-4.20654e-07
-3.59935e-07
-8.99965e-08
-1.89191e-34
-1.68921e-08
1.8768e-34
2.49219e-08
3.47634e-07
9.06907e-08
2.48773e-07
1.46705e-07
4.02653e-07
4.27143e-07
3.79157e-07
2.91233e-07
2.47712e-07
-2.9798e-07
-1.57327e-07
-2.50747e-07
1.43049e-07
-2.20755e-08
-2.45191e-07
-1.7087e-07
-8.46387e-08
-2.93506e-07
-2.61817e-07
-2.4262e-08
-1.87679e-34
1.86168e-34
1.60299e-08
5.53162e-08
2.50729e-07
1.7465e-07
2.96978e-07
2.99433e-07
1.71973e-07
2.01515e-07
-1.67941e-07
-5.8155e-08
-1.83357e-07
6.14219e-08
-1.10885e-07
-1.61919e-07
-1.52008e-08
-5.69023e-08
-2.11076e-07
-1.94134e-07
-1.86167e-34
1.84657e-34
3.63675e-08
9.69204e-09
1.05932e-07
1.80898e-07
1.98497e-07
1.78113e-07
1.18139e-07
1.50575e-07
-3.95333e-08
-1.31896e-07
-1.14577e-07
3.55164e-08
-7.59979e-08
-1.04629e-07
-3.55939e-08
-9.43339e-09
-1.49358e-07
-8.97905e-08
-1.26937e-07
-1.07643e-07
-1.84657e-34
1.83147e-34
6.72774e-08
2.21299e-08
5.81689e-09
9.7302e-08
1.29831e-07
1.25014e-07
7.91687e-08
9.94374e-08
-7.33817e-08
-2.612e-08
-7.62836e-08
2.61905e-08
-1.83147e-34
-5.97677e-08
-2.2875e-08
-4.40277e-08
-5.54215e-09
-8.42411e-08
-7.17983e-08
1.81638e-34
3.41045e-09
4.51307e-08
1.39112e-08
6.75649e-08
8.30062e-08
8.63533e-08
5.67802e-08
6.96402e-08
-5.05661e-08
-4.11091e-08
-1.6865e-08
1.9092e-08
-3.27595e-09
-1.81638e-34
-4.06346e-08
-2.66671e-08
-1.28433e-08
-5.2907e-08
-5.04659e-08
-1.06685e-08
1.8013e-34
1.81044e-09
4.61318e-08
2.73161e-08
7.02478e-09
3.8956e-08
5.87341e-08
5.44132e-08
4.00967e-08
4.79756e-08
-3.42333e-08
-2.84786e-08
1.2266e-08
-1.80129e-34
-1.76696e-09
-2.4201e-08
-7.3321e-09
-1.69753e-08
-3.22974e-08
-3.04819e-08
-6.56047e-09
9.05861e-10
1.78622e-34
2.47699e-08
1.45933e-08
4.01252e-09
3.13264e-08
3.3251e-08
2.05596e-08
2.45755e-08
-2.06305e-08
-1.94063e-08
6.10859e-09
-1.78622e-34
-8.71891e-10
-4.19528e-09
-1.56029e-08
-8.67442e-09
-1.90313e-08
-1.52902e-08
-3.8748e-09
4.06391e-10
1.77115e-34
1.41496e-08
1.82353e-08
1.95097e-09
8.8914e-09
1.96454e-08
1.23463e-08
1.24688e-08
-1.38559e-08
-9.23934e-09
3.53213e-09
-1.77115e-34
-3.9995e-10
-4.5058e-09
-1.74902e-09
-7.45018e-09
-8.32757e-09
-1.07248e-08
-2.22906e-09
1.75608e-34
1.22831e-10
7.77428e-10
1.00993e-08
7.61679e-09
4.60704e-09
1.10793e-08
7.11638e-09
6.86677e-09
-7.74939e-09
-5.18662e-09
1.98664e-09
-1.75608e-34
-1.08645e-10
-2.04993e-09
-7.83272e-10
-3.68708e-09
-5.04883e-09
-5.56019e-09
-5.48701e-09
-1.41342e-09
-1.74102e-34
1.74102e-34
1.48971e-10
-2.65394e-11
5.1785e-09
1.82387e-09
4.39397e-09
4.67709e-09
5.63215e-10
3.8611e-09
4.21031e-09
-4.45813e-09
-2.56987e-09
1.07166e-09
2.54038e-11
-8.73268e-10
-1.65564e-10
-1.52573e-09
-2.28225e-09
-3.46987e-09
-3.36443e-09
-8.6885e-10
-2.03716e-09
-1.72596e-34
-9.29142e-11
1.72596e-34
-1.55042e-10
2.31001e-09
1.20123e-09
2.39629e-09
1.9272e-09
3.2527e-10
-7.35122e-12
1.90569e-09
-1.82312e-09
3.0944e-11
1.11148e-10
8.55637e-11
-2.34016e-11
-3.65343e-10
-7.56752e-10
-1.0365e-09
-1.05516e-09
-1.7109e-34
9.94113e-11
1.7109e-34
-1.09961e-10
-2.81234e-10
7.18605e-10
7.70891e-10
1.00181e-09
8.27889e-10
-1.77707e-10
-3.66216e-10
2.83571e-10
-7.90092e-10
-2.99033e-10
2.92007e-10
2.48107e-10
1.99921e-10
2.20303e-11
-1.61993e-10
-3.65388e-10
3.23041e-10
-1.69584e-34
9.61569e-11
-1.05771e-10
1.69584e-34
-2.98296e-10
-9.37474e-11
1.54389e-10
-1.00104e-10
1.7153e-10
-5.04703e-10
-4.47841e-10
-1.22969e-10
-3.66067e-11
-2.39801e-10
4.00718e-10
2.66918e-10
4.47979e-10
4.08785e-10
2.48518e-10
1.93334e-11
-1.68078e-34
8.23296e-11
1.68078e-34
-1.55477e-10
-9.03673e-11
-2.74311e-10
-4.57867e-10
-4.29897e-10
-2.47231e-10
-5.54556e-10
-4.41514e-10
-3.66023e-11
-1.08896e-10
9.07836e-11
2.4516e-10
3.96324e-10
4.74845e-10
3.85931e-10
4.71623e-10
2.79069e-10
-1.66572e-34
2.0886e-10
6.53553e-11
1.66573e-34
-2.8583e-10
-7.19303e-11
-3.94803e-10
-2.2572e-10
-5.66563e-10
-5.73448e-10
-5.34716e-10
-4.37635e-10
-4.99967e-10
-3.21193e-12
-1.46071e-10
1.62578e-10
3.54859e-10
4.70293e-10
4.36827e-10
4.17067e-10
3.08137e-10
3.59074e-10
-1.65067e-34
1.64569e-10
4.90207e-11
1.65067e-34
-1.60886e-10
-3.12944e-10
-5.68993e-11
-1.83809e-10
-3.25517e-10
-5.45577e-10
-4.39837e-10
-5.23118e-10
-4.36147e-10
-4.90948e-10
5.42492e-12
1.61812e-10
2.68306e-10
4.15198e-10
3.47449e-10
3.64927e-10
2.79116e-10
-1.63561e-34
1.20081e-10
3.65926e-11
1.63561e-34
-4.23795e-11
-1.53906e-10
-3.59175e-10
-3.6811e-10
-1.45534e-10
-2.5542e-10
-4.90893e-10
-4.55761e-10
-3.48408e-10
-4.26657e-10
-2.09748e-13
1.23782e-10
2.85313e-10
2.13745e-10
3.15668e-10
2.95659e-10
2.28254e-10
-1.62055e-34
2.57521e-11
8.70231e-11
1.57502e-10
1.62055e-34
-3.06144e-11
1.6055e-34
-1.36946e-10
-2.58639e-10
-3.75924e-10
-1.85198e-10
-2.70573e-10
-1.02108e-10
-4.0291e-10
-2.52513e-10
-3.16538e-10
-6.91366e-12
1.60538e-10
9.1653e-11
2.39092e-10
2.13512e-10
2.39165e-10
2.15679e-10
-1.6055e-34
6.34268e-11
1.78419e-11
1.1867e-10
-2.19885e-11
1.59044e-34
-2.13194e-10
-1.07201e-10
-2.85376e-10
-1.43358e-10
-1.90585e-10
-7.39954e-11
-2.97236e-10
-2.2324e-10
-1.29106e-11
1.4281e-10
6.30598e-11
1.53939e-10
1.89582e-10
1.825e-10
1.5233e-10
7.42453e-11
1.16016e-10
-1.59044e-34
1.20092e-11
4.16006e-11
7.29073e-11
-1.55459e-11
1.57538e-34
-1.69824e-10
-9.21132e-11
-2.02557e-10
-1.03693e-10
-1.48861e-10
-5.46348e-11
-2.27192e-10
-1.3707e-10
-1.78809e-10
-1.6714e-11
1.00081e-10
4.01287e-11
1.21628e-10
1.15093e-10
-1.82812e-10
-7.83494e-11
5.19e-11
7.23875e-11
8.22672e-11
7.82294e-12
-1.57538e-34
2.76193e-11
-1.05452e-11
1.56033e-34
-1.31957e-10
-1.41911e-10
-9.97041e-11
-7.36008e-11
-3.68387e-11
-1.51764e-10
-1.19399e-10
-1.84945e-11
2.61941e-11
5.68787e-11
7.73029e-11
-6.24827e-11
5.18432e-11
3.36772e-11
6.02943e-11
4.98994e-11
5.02476e-12
-1.56033e-34
1.77752e-11
-7.16464e-12
-2.53859e-11
1.54527e-34
1.53021e-34
-8.94848e-11
-1.1371e-10
-7.57497e-11
-5.14215e-11
-9.97027e-11
-8.51023e-11
-1.8789e-11
1.56276e-11
3.52131e-11
-4.91891e-11
3.06484e-11
1.16049e-11
1.95497e-11
3.29008e-11
3.3645e-11
-1.54527e-34
3.11728e-12
-1.79323e-11
-3.53848e-11
-4.92998e-12
-3.22946e-12
1.51516e-34
-7.11937e-11
-8.32518e-11
-5.27963e-11
-7.12544e-11
-6.57254e-11
-1.79246e-11
3.46764e-12
2.01715e-11
-3.83185e-11
1.7654e-11
2.0052e-11
6.53663e-12
1.16688e-11
1.60049e-11
-1.53021e-34
1.72492e-12
-2.40607e-11
-1.19812e-11
1.5001e-34
-2.03688e-12
-5.62661e-11
-6.39389e-11
-3.62914e-11
-4.57813e-11
-5.3188e-11
-1.53168e-11
-1.26026e-12
7.65832e-12
-3.14332e-11
1.12027e-11
9.26e-12
3.6714e-12
7.2429e-12
1.02e-11
9.7838e-13
-1.51516e-34
1.48505e-34
-7.58647e-12
-1.71753e-11
-5.16312e-12
-8.47324e-13
-1.32025e-12
-4.14052e-11
-4.87506e-11
-2.27126e-11
-3.15199e-11
-3.93921e-11
1.59263e-12
-2.56478e-11
-1.31708e-11
-3.75631e-12
-4.78319e-12
6.8548e-12
4.10348e-12
5.35908e-12
2.05356e-12
3.82816e-12
5.05973e-13
-1.5001e-34
1.46999e-34
-5.17366e-13
-1.06568e-11
-3.30716e-12
-1.52111e-11
-3.02173e-11
-3.46892e-11
-1.93859e-11
-2.43254e-11
-2.18595e-11
-1.36433e-12
-1.70721e-11
-1.09944e-11
-4.88824e-12
2.37239e-12
5.28404e-13
2.46088e-12
-1.48505e-34
1.56662e-12
8.67581e-13
2.12968e-13
-2.11743e-12
1.45493e-34
-3.26218e-13
-1.34508e-12
-2.01515e-12
-6.99027e-12
-1.10125e-11
-2.4449e-11
-1.45095e-11
-1.77263e-11
-1.57166e-11
-4.45728e-12
-1.27862e-11
-8.01836e-12
-5.27278e-13
5.91394e-13
6.68511e-13
8.62814e-13
-1.46999e-34
3.06797e-13
6.11228e-14
-3.74951e-12
-2.18934e-12
1.43988e-34
-2.03402e-13
-8.76548e-13
-2.94654e-12
-4.23535e-12
-7.27084e-12
-1.71166e-11
-9.74418e-12
-1.28604e-11
-1.1212e-11
-6.65288e-12
-9.46914e-12
-9.7949e-13
-2.28971e-13
-5.428e-12
1.15446e-14
1.2338e-13
-1.45493e-34
4.34128e-14
-6.59268e-15
-3.10565e-12
-1.01526e-12
-1.86737e-12
1.42482e-34
-1.46368e-13
-6.00857e-13
-1.95278e-12
-6.53427e-12
-4.80572e-12
-1.04171e-11
-7.77066e-12
-8.55824e-12
-6.93241e-12
-4.45629e-13
-4.04176e-12
-1.4747e-13
-4.96295e-14
-1.43988e-34
-3.39304e-14
-1.97418e-14
-2.44581e-12
-3.61849e-13
-7.81519e-13
-1.33894e-12
1.40976e-34
-1.31298e-12
-1.25361e-13
-5.0489e-13
-2.98296e-12
-4.4367e-12
-6.57132e-12
-5.3415e-12
-5.00626e-12
-6.51245e-12
-3.14033e-12
-7.10552e-14
-1.74958e-14
-3.5609e-12
-1.42482e-34
-3.53125e-15
-3.94049e-15
-2.36531e-12
-1.31625e-12
6.55949e-14
-7.21761e-13
-4.08088e-13
1.39471e-34
-1.31279e-13
-2.27337e-12
-1.08988e-12
-1.7514e-12
-4.93756e-13
-3.12275e-12
-5.05278e-12
-3.40286e-12
-3.98724e-12
1.30592e-13
1.55774e-13
5.41333e-13
-2.49056e-12
-1.40976e-34
1.14623e-13
3.21429e-14
5.84153e-13
-6.10995e-13
-1.18018e-12
-8.74079e-14
3.14168e-13
1.37965e-34
-1.60828e-13
-2.36446e-12
-1.00824e-12
-1.56513e-12
-1.05377e-12
-5.77572e-13
-2.72131e-12
-3.60376e-12
-2.94204e-12
-2.85862e-12
3.40788e-13
4.71374e-13
1.05775e-12
-1.70569e-12
-1.39471e-34
2.9109e-13
8.33494e-14
1.02593e-12
-5.77766e-13
-1.2221e-13
8.81881e-13
4.03493e-13
1.36459e-34
-2.08384e-13
-6.88752e-13
-1.99171e-12
-1.52804e-12
-1.36575e-12
-1.21973e-12
-2.25903e-12
-2.50648e-12
-2.10156e-12
4.62465e-13
8.00817e-13
1.42179e-12
-1.13523e-12
-1.37965e-34
1.4512e-13
1.37685e-12
-2.14658e-13
2.90996e-13
1.37408e-12
8.33571e-13
1.34954e-34
-2.68608e-13
-8.29989e-13
-1.3805e-12
-1.99544e-12
-1.86669e-12
-1.67367e-12
-1.90048e-12
-1.43652e-12
6.49818e-13
1.14371e-12
1.73368e-12
-7.10078e-13
-1.36459e-34
2.07708e-13
1.45196e-12
1.85111e-12
1.66319e-12
6.70684e-14
6.65755e-13
1.26251e-12
-9.33329e-13
1.33448e-34
-3.23402e-13
-1.22674e-12
-1.45039e-12
-1.75072e-12
-1.86526e-12
-1.88091e-12
-1.54852e-12
-1.84313e-12
-1.09792e-12
1.31942e-34
8.57986e-13
1.909e-12
-3.59039e-13
-1.34954e-34
2.90178e-13
1.6211e-12
1.03778e-12
1.53931e-12
1.90175e-12
3.51911e-13
1.19513e-12
7.89093e-13
-9.38235e-13
-3.59757e-13
-1.15318e-12
-1.59324e-12
-1.66296e-12
-1.27339e-12
-1.69322e-12
-6.24035e-13
1.30437e-34
1.83388e-12
2.03341e-13
3.20546e-13
-1.33448e-34
3.57473e-13
1.53268e-12
1.08253e-12
6.97589e-13
8.42946e-13
1.47738e-12
1.38312e-12
4.81495e-13
-1.08502e-12
-6.58365e-13
-3.47138e-13
4.8191e-13
-4.27117e-13
-5.91341e-13
-9.42274e-13
-7.85358e-13
6.09943e-13
5.71957e-13
-2.0166e-13
1.28931e-34
6.24135e-13
1.10965e-13
-1.31942e-34
3.95244e-13
8.8296e-13
9.12407e-13
-4.56291e-13
-8.98724e-13
-7.70364e-13
-9.3296e-13
-1.30464e-12
1.61077e-12
-7.71808e-15
2.89861e-12
1.52513e-12
2.31466e-12
1.12888e-12
2.69132e-12
2.34387e-12
1.72985e-13
1.27425e-34
1.23616e-12
-5.09389e-13
-1.30437e-34
3.89576e-13
-3.01893e-14
-1.14381e-12
-3.17407e-12
-3.14732e-12
-6.89179e-12
-6.45785e-12
-4.26051e-12
2.50265e-12
6.06252e-12
1.81306e-12
4.62723e-12
8.47173e-12
1.10094e-11
7.4877e-12
5.38173e-12
5.58516e-12
1.2592e-34
1.01639e-12
5.62298e-12
-1.44591e-12
2.46236e-13
-1.28931e-34
-1.61892e-12
-1.37252e-13
-4.95496e-12
-1.33093e-11
-9.40586e-12
-8.56771e-12
-1.52031e-11
-1.19968e-11
-2.94573e-12
4.61839e-12
1.73761e-11
1.64687e-11
1.26144e-11
2.14602e-11
1.54947e-11
1.4697e-11
1.24414e-34
2.52143e-11
2.5055e-12
1.1085e-11
-1.27425e-34
-4.48956e-12
-8.25747e-13
-1.20883e-11
-1.76834e-11
-2.30387e-11
-2.74465e-11
-2.17036e-11
-1.44193e-11
-5.24091e-12
8.13022e-12
3.3957e-11
3.1914e-11
5.29722e-11
4.06994e-11
3.64039e-11
2.65166e-11
1.22908e-34
4.6207e-11
5.36045e-12
2.26812e-11
4.59938e-11
-1.2592e-34
-2.20712e-11
-1.08746e-11
-2.46007e-12
-3.49191e-11
-4.64288e-11
-5.15187e-11
-4.03933e-11
-2.6888e-11
-8.66161e-12
1.3831e-11
5.74685e-11
8.12362e-11
8.0163e-11
7.28581e-11
4.94725e-11
1.21403e-34
8.70449e-11
4.04485e-11
9.56209e-12
-4.17756e-11
-1.24414e-34
-6.14255e-11
2.26911e-11
-4.53759e-11
-2.10705e-11
-4.95876e-12
-1.22908e-34
-9.07381e-11
-7.13383e-11
-9.6703e-11
-4.32784e-11
-2.00899e-11
9.86767e-11
1.23234e-10
1.54461e-10
1.06254e-10
9.98674e-11
1.19897e-34
2.02266e-10
1.3366e-10
6.53196e-11
1.68306e-11
-7.31034e-11
-2.97952e-11
3.66102e-11
-7.28619e-11
-1.48988e-10
-1.21403e-34
-3.5631e-11
-9.37275e-12
-1.33722e-10
-1.2175e-10
-1.42068e-10
-7.88804e-11
1.90412e-10
2.5043e-10
3.51447e-10
1.72456e-10
1.58623e-10
5.7657e-11
2.869e-11
1.18391e-34
2.93019e-10
2.00898e-10
1.01763e-10
-4.33217e-11
2.55376e-10
-1.22752e-10
-2.27851e-10
-2.24315e-10
-1.19897e-34
-1.72199e-11
-6.46696e-11
-2.48288e-10
-1.81329e-10
8.83966e-11
-6.6951e-11
-1.55439e-10
3.57595e-10
4.92562e-10
3.06264e-10
2.458e-10
4.55082e-11
1.16886e-34
4.58423e-10
3.40536e-10
1.79771e-10
-9.38251e-11
-2.06031e-10
-1.29904e-10
-3.56488e-10
-4.0825e-10
-3.93275e-10
-1.18391e-34
-2.82186e-11
-1.12404e-10
-3.21127e-10
1.3317e-10
-2.89944e-10
5.51987e-10
6.81276e-10
4.41453e-10
5.48023e-10
1.1538e-34
7.42554e-11
8.3222e-10
2.67334e-10
5.23973e-10
-1.29174e-10
-2.31234e-10
-5.04193e-10
-6.07324e-10
-6.26601e-10
-1.16886e-34
-1.71661e-10
-4.63719e-11
-5.00531e-10
-1.75675e-10
1.97216e-10
-4.65655e-10
1.02219e-09
9.43906e-10
6.00547e-10
9.41242e-10
1.13874e-34
1.14768e-10
1.13812e-09
7.89316e-10
4.07463e-10
-3.38696e-10
-7.86898e-10
-7.03585e-10
-8.8235e-10
-8.25102e-10
-1.1538e-34
-7.16584e-11
-2.56057e-10
-5.22001e-10
-7.61878e-10
2.62265e-10
-2.35624e-10
-8.01613e-10
1.40534e-09
1.35962e-09
1.32814e-09
8.05622e-10
1.12369e-34
1.69043e-10
1.53627e-09
1.16278e-09
6.08566e-10
-1.18815e-09
-1.22637e-09
-1.35672e-09
-1.13874e-34
-1.13777e-10
-1.13574e-09
-3.90835e-10
-7.38813e-10
3.44769e-10
-4.01698e-10
-1.14168e-09
-1.69973e-09
1.77784e-09
1.96606e-09
1.70224e-09
1.1474e-09
1.10863e-34
2.5481e-10
2.36767e-09
1.67616e-09
8.90544e-10
-1.65796e-09
-1.98381e-09
-1.96283e-09
-1.12369e-34
-6.08873e-10
-1.72044e-10
-1.16026e-09
-2.37177e-09
4.73795e-10
-5.56854e-10
-1.58956e-09
-2.7855e-09
2.78012e-09
2.51238e-09
1.5932e-09
2.37576e-09
1.09357e-34
3.69571e-10
3.29787e-09
2.36414e-09
1.31937e-09
-2.20033e-09
-2.77666e-09
-1.10863e-34
-1.77046e-09
-2.5164e-10
-8.9082e-10
-3.05188e-09
-7.53468e-10
6.58777e-10
-2.15217e-09
-3.8094e-09
2.15254e-09
3.83402e-09
3.46424e-09
3.22835e-09
1.07852e-34
5.2444e-10
4.47085e-09
3.40897e-09
1.83614e-09
-3.29437e-09
-2.36364e-09
-3.83107e-09
-1.09357e-34
-3.70278e-10
-1.27102e-09
-3.84995e-09
-9.26718e-10
9.83552e-10
-2.81528e-09
-4.84392e-09
2.81473e-09
5.51359e-09
5.05253e-09
4.64816e-09
6.62967e-09
1.06346e-34
7.30182e-10
4.33164e-09
5.87137e-09
2.41542e-09
-4.20211e-09
-3.09309e-09
-5.13167e-09
-1.77707e-09
-1.07852e-34
-5.23485e-10
-4.93978e-09
-1.11458e-09
1.22805e-09
-3.53139e-09
-6.00152e-09
3.52563e-09
6.44685e-09
5.56293e-09
7.39161e-09
7.77502e-09
9.81155e-10
1.0484e-34
3.09222e-09
5.36948e-09
-5.55974e-09
-4.14725e-09
1.39526e-09
-6.6335e-09
-2.41387e-09
-1.06346e-34
-7.36537e-10
-5.76589e-09
-1.44721e-09
-4.34244e-09
-7.80023e-09
4.15471e-09
6.38481e-09
7.80662e-09
8.51135e-09
9.40342e-09
1.25876e-09
1.03333e-34
4.09543e-09
6.82337e-09
8.56365e-09
-3.9684e-09
-7.3106e-09
-5.83973e-09
1.5075e-09
-8.55726e-09
-3.26034e-09
-1.0484e-34
-9.902e-10
-6.68505e-09
-1.54519e-09
-5.77413e-09
-8.72402e-09
2.95574e-49
1.69469e-49
4.4376e-09
6.9522e-09
8.8009e-09
9.60127e-09
1.01826e-34
9.45506e-09
1.59628e-09
4.78419e-09
7.85805e-09
-5.777e-09
-7.70039e-09
-1.41387e-09
1.47135e-09
-4.01385e-09
-8.76617e-09
-9.41529e-09
-1.28045e-09
-1.03333e-34
-9.5969e-09
-6.7942e-09
-3.91919e-09
-8.43571e-09
4.74942e-36
-4.75056e-36
1.83098e-19
8.21379e-36
3.88396e-09
7.8658e-09
6.36358e-09
7.47893e-09
4.19774e-09
1.00319e-34
7.75185e-09
8.55822e-09
1.86597e-09
5.21406e-09
-6.81976e-09
-1.0018e-09
1.01061e-09
-4.70516e-09
-7.6707e-09
-9.47197e-09
-1.01826e-34
-1.58039e-09
-8.39003e-09
-4.87252e-09
-1.68202e-09
-3.72997e-09
-8.21592e-36
-1.00275e-19
1.20227e-35
-1.20259e-35
1.62957e-09
-5.35684e-11
3.38219e-09
8.9582e-10
-6.41482e-09
9.88097e-35
1.88034e-09
6.22149e-09
4.16955e-09
4.81652e-09
-8.81749e-09
2.29387e-10
-3.76694e-10
-5.18888e-09
-7.65319e-09
-7.98225e-09
-1.00319e-34
-1.86426e-09
-8.78486e-10
-1.30919e-09
3.67548e-09
3.14062e-09
1.42444e-09
6.9804e-19
1.58317e-35
-1.58358e-35
-3.76088e-09
-8.56288e-09
-2.28746e-08
-6.639e-09
-1.97836e-08
1.52737e-09
9.72987e-35
-3.16326e-10
2.21894e-09
2.15311e-09
-3.00771e-09
-4.74646e-09
-5.7672e-09
-4.20408e-09
-9.88096e-35
-1.9593e-09
8.93087e-09
1.16e-08
1.25474e-08
1.8929e-08
-3.25786e-18
1.96406e-35
-1.96458e-35
-2.16055e-08
-2.81079e-08
-5.07292e-08
-2.86301e-08
-4.26765e-08
4.22103e-10
9.57847e-35
-2.99507e-09
-1.34012e-08
5.33861e-09
-6.77515e-09
6.58838e-09
-2.87033e-09
1.84607e-10
-1.64674e-09
-9.72986e-35
-1.26175e-08
3.34409e-08
2.46573e-08
3.55154e-08
5.05314e-08
1.54154e-17
2.34495e-35
-2.34558e-35
-4.04284e-08
-7.66733e-08
-9.58553e-08
-5.86756e-08
-9.49597e-08
-2.31398e-09
9.42669e-35
-1.45543e-08
-3.87866e-08
1.24095e-08
1.35075e-08
5.15631e-08
2.25309e-08
2.9899e-09
-5.58328e-10
-9.57847e-35
-2.14991e-08
9.50428e-08
6.9229e-08
6.35387e-08
1.06799e-07
-9.91137e-17
2.72585e-35
-2.72657e-35
-6.93095e-08
-1.46758e-07
-1.66788e-07
-1.22227e-07
-1.84623e-07
-7.20575e-09
9.27431e-35
-3.59731e-08
-9.444e-08
2.48301e-08
3.91847e-08
8.07882e-08
1.60216e-08
2.26317e-09
-9.42664e-35
-3.48657e-08
7.76973e-08
1.84884e-07
1.83624e-07
1.56699e-07
1.24749e-07
3.10674e-35
1.15065e-15
-3.10757e-35
3.48764e-35
-1.27578e-07
-2.25939e-07
-3.58444e-07
-3.53348e-07
-3.85817e-07
-2.6024e-07
-1.73955e-08
9.12116e-35
-7.37224e-08
-1.79462e-07
-5.98234e-08
8.49515e-08
1.39949e-07
3.5952e-08
7.41074e-09
-9.27444e-35
1.76195e-07
6.14621e-08
3.33478e-07
3.00873e-07
2.61769e-07
4.17145e-07
3.50061e-16
-3.48857e-35
3.86853e-35
-5.72217e-07
-2.76222e-07
-6.06574e-07
-5.37731e-07
-4.54344e-07
-2.92895e-07
-3.43681e-08
8.96708e-35
-1.37299e-07
-3.42847e-10
1.48189e-07
2.59312e-07
1.71516e-08
7.35475e-08
-9.12127e-35
-1.31686e-07
5.7248e-07
2.99413e-07
6.06301e-07
5.36728e-07
1.44175e-14
-3.86956e-35
4.24942e-35
-8.32165e-07
-4.89355e-07
-8.73323e-07
-9.91688e-07
-6.84823e-07
-1.05246e-06
-5.01083e-07
8.81132e-35
-6.00242e-08
-2.55844e-07
1.31433e-07
9.45777e-07
2.93411e-07
4.53505e-07
3.31009e-08
1.36819e-07
-8.96685e-35
-2.11787e-07
9.92344e-07
4.53707e-07
7.99589e-07
-6.77135e-14
-4.25056e-35
4.63032e-35
-4.63156e-35
8.65472e-35
-1.51766e-06
-7.24345e-07
-1.19868e-06
-1.57825e-06
-8.26791e-07
-1.23616e-06
-4.08719e-07
-1.06725e-07
1.16693e-06
2.11568e-07
7.62461e-07
1.34423e-06
2.42382e-07
5.00265e-07
-8.81176e-35
6.17751e-08
-3.32957e-07
1.81562e-06
7.78388e-07
1.60406e-13
5.01121e-35
-5.01255e-35
8.49654e-35
-2.11565e-06
-1.81307e-06
-1.20499e-06
-2.44501e-06
-1.8152e-07
-1.23227e-06
-2.14731e-06
-6.34548e-07
8.48961e-07
1.61975e-06
4.07591e-07
2.37199e-06
2.56261e-06
1.3649e-06
8.90651e-07
3.88451e-07
-8.65516e-35
1.07799e-07
-5.09475e-07
-1.71001e-06
2.51932e-06
1.43795e-06
-6.55403e-13
5.39211e-35
-5.39355e-35
8.33668e-35
-2.94813e-07
-2.9421e-06
-2.47232e-06
-3.70306e-06
-3.30066e-06
-1.1113e-06
-2.07522e-06
2.05706e-06
5.61347e-07
1.95703e-06
3.24887e-06
3.70322e-06
1.32395e-06
6.66579e-07
1.7872e-07
-8.49606e-35
-2.3412e-06
-7.61139e-07
3.19025e-06
2.15401e-06
5.24093e-12
5.77299e-35
-5.77455e-35
-4.62399e-07
8.1746e-35
-1.64357e-06
-4.03941e-06
-3.69144e-06
-5.16342e-06
-3.15865e-06
-4.56446e-06
-3.17721e-06
7.61974e-07
2.76301e-06
4.88487e-06
4.69698e-06
6.18238e-06
1.06195e-06
2.07088e-06
2.83242e-07
-8.33465e-35
-1.11442e-06
3.16146e-06
-5.53157e-11
6.15392e-35
-6.15552e-35
8.01211e-35
-6.99695e-07
-2.5068e-06
-5.42048e-06
-7.09154e-06
-8.45922e-06
-4.19791e-06
-5.92583e-06
-4.7632e-06
-6.22787e-06
1.31834e-06
4.19499e-06
6.57343e-06
6.75648e-06
8.41181e-06
-8.17393e-35
1.57742e-06
3.38823e-06
4.52113e-07
-1.58669e-06
5.21448e-06
6.53466e-35
-1.23207e-10
-6.5366e-35
-3.74535e-06
-6.98359e-06
7.85826e-35
-1.05917e-06
-4.1266e-06
-7.92857e-06
-1.12419e-05
-9.48017e-06
-5.50659e-06
-9.05896e-06
-1.04315e-05
1.72162e-06
8.73131e-06
4.75971e-06
6.74984e-06
9.48116e-06
1.12547e-05
-8.01665e-35
7.21762e-07
2.62192e-06
-2.19969e-06
6.53438e-06
2.20852e-06
6.91616e-35
2.68649e-10
-6.90772e-35
-9.06586e-06
7.71546e-35
-1.22054e-06
-5.04856e-06
-4.53764e-06
-1.13448e-05
-1.50945e-05
-1.3173e-05
-1.36379e-05
-1.49431e-05
1.1341e-05
9.77768e-06
6.98229e-06
8.00266e-06
1.24914e-05
1.43549e-05
1.5904e-05
-7.86031e-35
1.07996e-06
3.74176e-06
2.36189e-06
2.04785e-08
7.32775e-35
-7.17576e-35
-1.23587e-05
7.60114e-35
-1.25925e-06
-8.22767e-06
-1.00811e-05
-5.03872e-06
-2.19424e-05
-1.76706e-05
-1.69271e-05
-1.97378e-05
-2.03957e-05
1.34836e-05
1.01087e-05
6.0405e-06
6.05972e-06
1.31744e-05
1.75481e-05
2.05205e-05
1.90232e-05
1.2016e-06
-7.71297e-35
4.47717e-06
2.2101e-06
7.43651e-08
7.74402e-35
-7.31185e-35
8.11485e-35
-1.68311e-05
7.55533e-35
-3.58408e-06
-8.6306e-06
7.607e-35
-7.0038e-06
-1.20895e-05
-2.2725e-05
-2.61084e-05
-2.67452e-05
-2.50455e-05
-2.40821e-05
1.46708e-05
9.21875e-06
2.45706e-05
1.07416e-05
1.83946e-05
6.95933e-06
2.36731e-05
2.78221e-05
1.96601e-05
-7.60671e-35
1.25673e-06
5.86768e-06
1.62977e-06
1.60072e-07
-7.62482e-35
8.44462e-35
2.42718e-07
8.78731e-35
-1.57037e-05
-3.75194e-06
-4.84991e-06
7.87055e-35
8.34807e-35
-9.20899e-06
-1.72362e-05
-3.05151e-05
-2.91441e-05
-3.14103e-05
-3.19055e-05
-3.11371e-05
1.16201e-05
3.05187e-05
1.88954e-05
9.16208e-06
2.78562e-05
3.3912e-05
3.67483e-05
2.74791e-05
1.02281e-05
1.70548e-05
-7.54574e-35
3.55457e-06
5.6757e-07
-9.1871e-06
-8.57753e-35
5.14005e-07
8.99749e-35
8.86783e-35
-2.22786e-05
-1.24262e-05
-5.20824e-06
-1.13471e-06
-1.76389e-05
-2.40973e-05
-3.2556e-05
-3.39188e-05
-3.70997e-05
-3.7763e-05
-3.85568e-05
2.36034e-05
3.60273e-05
2.32535e-05
1.13954e-05
3.25022e-05
3.88611e-05
4.18041e-05
7.49061e-06
3.08937e-05
1.82544e-05
-7.62526e-35
-8.58789e-06
6.14816e-06
-9.01943e-35
1.97333e-06
1.28231e-06
-2.42259e-05
-1.30361e-05
-4.67284e-06
-2.61921e-05
-3.43312e-05
-3.44529e-05
-4.0879e-05
-4.37428e-05
-4.48899e-05
-4.59326e-05
3.91039e-05
3.09393e-06
2.23971e-05
1.67373e-05
3.26903e-05
4.47043e-05
4.10386e-05
4.61394e-05
3.17862e-05
1.06893e-05
2.29708e-05
-7.85254e-35
-3.95872e-06
-1.67023e-05
5.52401e-06
-7.86342e-35
6.63694e-07
-1.22313e-05
-2.85045e-05
-3.76802e-05
-2.79807e-05
-4.31709e-05
-4.35248e-05
-4.75729e-05
4.24922e-05
1.87649e-06
2.66766e-05
1.47628e-05
3.57922e-05
4.64234e-05
4.26259e-05
4.68424e-05
3.41548e-05
1.5984e-05
8.44712e-06
-8.35703e-35
-5.94121e-06
-1.86209e-05
3.04458e-06
-3.00996e-35
-2.9148e-05
-3.63075e-05
-3.38782e-05
-4.1824e-05
-4.1538e-05
9.55666e-07
3.40206e-05
1.46917e-05
2.78861e-05
3.62878e-05
4.00372e-05
4.17692e-05
2.98306e-35
-6.88686e-07
-1.01997e-06
-8.86163e-35
1.2137e-05
3.60248e-06
-1.94973e-05
-1.0594e-05
4.14229e-35
-2.85574e-05
-3.36515e-05
-2.77255e-05
-3.41041e-05
-4.15943e-35
2.62665e-05
2.84958e-05
2.04307e-05
3.08225e-05
3.40928e-05
7.85526e-35
-1.9592e-06
-9.00106e-35
1.521e-05
3.92579e-06
-7.07867e-06
-1.75545e-05
4.80585e-35
-2.44652e-05
-2.46267e-05
-1.80257e-05
-4.8101e-35
1.69573e-05
2.24275e-05
2.45528e-05
-7.47729e-07
9.02253e-35
-8.76228e-35
1.06968e-05
1.52474e-05
3.81673e-06
-3.9273e-06
-1.18956e-05
4.24129e-35
-1.52522e-05
-1.72574e-05
-9.93167e-06
-4.23877e-35
1.07918e-05
1.57709e-05
-2.95394e-07
8.57582e-35
-8.44767e-35
6.16213e-06
8.54511e-06
1.16864e-05
-8.50957e-10
-5.23191e-06
-1.06358e-05
3.3086e-35
-1.04681e-05
-9.7747e-06
-6.11234e-06
-3.3129e-35
6.13239e-06
9.76819e-06
-1.92265e-07
7.61904e-35
-8.10875e-35
6.3984e-06
3.67978e-06
5.51994e-06
6.55249e-06
-9.61685e-10
-4.10322e-06
-7.48625e-06
2.70321e-35
-6.54523e-06
-5.82614e-06
-3.1454e-06
-2.6988e-35
3.55823e-06
-1.13035e-07
7.30749e-35
-7.74012e-35
3.44008e-06
4.96471e-07
2.34623e-06
2.87483e-06
3.71215e-06
-2.58224e-06
-1.07017e-06
-4.69727e-06
2.11777e-35
-3.25658e-06
-3.13935e-06
-1.49325e-06
-2.11851e-35
1.62288e-06
7.17265e-35
-4.35708e-08
-7.32517e-35
1.76069e-06
7.83859e-07
1.56402e-06
1.58617e-06
-6.84226e-07
-2.32267e-06
1.49872e-35
-1.52314e-06
-1.92561e-06
-5.95069e-07
-4.17006e-07
-1.49876e-35
5.99623e-07
-6.91329e-35
6.9053e-35
-6.96485e-09
6.48904e-07
7.27317e-07
3.02247e-07
5.88902e-07
-1.012e-06
-9.07471e-07
-2.29334e-07
8.40828e-36
-7.61773e-07
-4.95658e-07
-2.01998e-07
6.53431e-35
-8.39778e-36
2.12156e-07
-6.53243e-35
3.59856e-10
3.90654e-07
2.54279e-07
1.40475e-07
1.99472e-07
-4.73596e-07
-3.04975e-07
-7.94482e-08
1.59828e-36
-2.12875e-07
7.31433e-08
-9.61844e-08
1.47761e-07
6.15323e-35
-1.58535e-36
-6.15163e-35
7.80442e-11
2.16587e-08
8.91227e-08
-1.49312e-07
5.66039e-08
9.66061e-08
-1.43451e-07
-8.93172e-08
-5.26279e-36
-2.07217e-08
-4.93396e-08
-2.48157e-08
4.41246e-08
2.35362e-08
5.77245e-35
5.25338e-36
-5.77089e-35
-8.21327e-12
3.62021e-09
-6.80978e-08
-2.51911e-08
1.51911e-08
1.24415e-08
-3.56033e-08
-2.00663e-08
-2.75088e-09
-1.21549e-35
9.50479e-09
2.05407e-09
-1.23447e-08
5.39157e-35
1.21479e-35
-5.39013e-35
6.80432e-13
-9.18131e-10
-1.18489e-08
-3.03649e-09
-1.40198e-08
-7.3992e-09
-3.70529e-08
-9.03848e-09
8.05797e-11
-1.90602e-35
-9.54558e-09
-4.20903e-09
-3.17307e-08
5.01072e-35
1.90531e-35
-5.00938e-35
-1.84064e-13
-3.66321e-09
-8.97939e-08
9.05005e-09
5.0497e-09
8.39658e-10
-9.83612e-08
-1.13785e-08
-4.19174e-08
2.25051e-08
-2.59733e-35
-1.98769e-08
4.62986e-35
2.59629e-35
-4.62862e-35
3.71681e-14
-2.22756e-07
-4.74694e-08
-1.13264e-08
-2.29911e-07
3.36526e-08
4.59459e-09
2.15466e-08
9.03024e-08
-8.9606e-08
-5.56123e-09
-3.28815e-35
4.249e-35
3.28639e-35
-4.24787e-35
3.86815e-35
-3.40368e-14
-1.30141e-07
-4.14655e-07
-3.34563e-08
-1.93569e-07
-5.07827e-07
1.16426e-07
2.1576e-08
9.34593e-08
1.96178e-07
4.21207e-08
-3.9771e-35
3.97553e-35
-3.86711e-35
3.48729e-35
3.88129e-15
-9.35858e-08
4.66118e-35
-6.12151e-07
-1.12575e-06
-2.71508e-07
-1.38083e-06
-3.80457e-07
4.1074e-07
7.76096e-08
2.60174e-07
4.36465e-07
3.07333e-07
-4.66274e-35
-2.30959e-06
-3.48636e-35
3.10643e-35
-7.75896e-16
5.34041e-35
-2.08032e-07
-8.36152e-07
-1.59192e-06
-3.19595e-06
-6.86979e-07
2.50119e-07
9.6224e-07
2.0156e-07
6.36906e-07
8.46511e-07
-5.345e-35
1.0243e-06
-1.55588e-06
-3.76829e-06
-3.1056e-35
2.72558e-35
4.04746e-17
6.0153e-35
-5.02612e-07
-1.33072e-06
-3.41895e-06
-6.34717e-06
8.33706e-07
1.70114e-06
1.62889e-06
4.24165e-07
2.32575e-06
-6.01647e-35
-2.78804e-06
-6.25191e-06
-2.72485e-35
2.34472e-35
3.39384e-17
6.68052e-35
-9.78065e-07
-9.94974e-06
-4.68643e-07
-7.03107e-06
-2.85323e-06
-1.25994e-05
2.91777e-06
4.1699e-06
2.95613e-06
9.87289e-07
4.47931e-06
-6.68643e-35
-4.49484e-06
-2.3441e-35
1.96386e-35
-1.14101e-17
7.36464e-35
-1.4123e-06
-6.86118e-06
-1.50041e-05
-2.00543e-05
2.04389e-06
-7.24021e-06
-1.84572e-07
-1.63514e-05
7.38339e-06
6.3488e-06
1.0112e-06
4.13848e-06
1.00894e-05
-7.36228e-35
-1.96334e-35
1.583e-35
1.43129e-18
8.00419e-35
-1.73579e-06
-9.79933e-06
-2.83858e-05
-2.18112e-05
6.86504e-06
-8.02114e-06
3.80477e-06
-1.8137e-05
1.37191e-05
8.93151e-06
1.8356e-06
5.45731e-06
1.46924e-05
-8.00579e-35
-1.58259e-35
-3.18854e-05
-2.47924e-05
1.20215e-35
2.84489e-20
8.98021e-35
-1.38756e-05
-2.92635e-05
1.41076e-05
9.90342e-06
-3.05683e-06
-1.35105e-05
2.1695e-05
3.29216e-06
1.1547e-05
-8.9789e-35
-1.20183e-35
-1.9923e-05
-2.95093e-05
-9.37471e-06
-8.21078e-36
8.21291e-36
1.75921e-19
9.28907e-35
-2.22564e-05
-2.87327e-05
2.18408e-05
1.35312e-05
1.10357e-06
2.90203e-05
2.41277e-05
1.40948e-05
-9.45663e-35
-1.78914e-35
-6.64276e-36
-1.89039e-35
-4.54309e-37
-4.74768e-36
4.74882e-36
-2.78812e-20
1.40852e-34
-1.75564e-35
2.34721e-05
8.90227e-06
4.52714e-37
3.13852e-05
3.13052e-05
1.72905e-05
-1.39085e-34
-1.03977e-49
4.44779e-50
-9.3204e-35
9.3204e-35
1.95686e-05
6.15929e-36
2.70895e-05
2.7609e-05
2.04496e-35
1.57185e-35
1.77984e-35
