0 0.004
0 0.005
0 0.019
0 0.018
0 0.011
0 0.012
0 0.003
0.000666667 0.00333333
0 0.01
0 0.006
0 0.007
0 0.008
0 0.009
0.000714286 0.00428571
0.00075 0.00525
0 0.002
0 0.017
0 0.016
0.000666667 0.0176667
0.001 0.019
0 0.013
0 0.014
0 0.015
0.000666667 0.01075
0.000727273 0.0117273
0.0007 0.0127
0.00138462 0.0113846
0.00075 0.00225
0.00133333 0.00266667
0.0015 0.00375
0.000692308 0.00976923
0.000727273 0.00636364
0.00075 0.00733333
0.000692308 0.00830769
0.00155556 0.00466667
0.0014 0.0056
0 0.001
0.000666667 0.00133333
0.00075 0.01675
0.000666667 0.0156667
0.002 0.019
0.0018 0.0174
0.00133333 0.0183333
0.00075 0.01375
0.00075 0.014625
0.00145455 0.0132727
0.00142857 0.0154286
0.00138462 0.0105385
0.00184066 0.00937912
0.002 0.01225
0.00214286 0.0111429
0.0016 0.0018
0.00214286 0.00285714
0.00225 0.00375
0.00148718 0.00858974
0.00145455 0.00654545
0.00153846 0.00761538
0.00218182 0.00509091
0.00218182 0.00581818
0.00290909 0.00445455
0 0
0.001 0
0.0015 0.001
0.0024 0.0012
0.00166667 0.0163333
0.003 0.019
0.0025 0.017
0.00225 0.01825
0.00218182 0.0131818
0.00225 0.01525
0.00218182 0.0139091
0.0015 0.0145
0.00276923 0.0127692
0.00263736 0.00988352
0.00252747 0.0088967
0.00285714 0.0118571
0.00302198 0.010804
0.00285714 0.00214286
0.00311111 0.00333333
0.00226648 0.00797802
0.00230769 0.00692308
0.003 0.00533333
0.00276923 0.00623077
0.00363636 0.00436364
0.002 0
0.003 0
0.00333333 0.00133333
0.004 0.019
0.003 0.0165
0.00428571 0.0182857
0.00333333 0.0176667
0.00290909 0.0139091
0.0035 0.0155
0.0028 0.0148
0.00346154 0.0134615
0.00357143 0.0125714
0.00335852 0.00963864
0.00335165 0.0086978
0.00375 0.0115
0.00391483 0.0104469
0.00375 0.00225
0.00436364 0.00318182
0.0045 0.004
0.00351648 0.00764469
0.00368132 0.00659158
0.00384615 0.00553846
0.00461538 0.00484615
0.004 0
0.0045 0.0015
0.00428571 0.000714286
0.005 0.019
0.00525 0.01825
0.00375 0.01675
0.0045 0.0175
0.00436364 0.0158182
0.00460489 0.0151014
0.004 0.0145
0.00428571 0.0132857
0.0044898 0.0120612
0.00407967 0.00939377
0.00413462 0.00827885
0.00491758 0.00785989
0.00464286 0.0111429
0.00480769 0.0100897
0.0049 0.0021
0.00509091 0.00290909
0.00553846 0.00346154
0.00538462 0.00415385
0.00456044 0.00708608
0.00472527 0.00589011
0.00551282 0.00537179
0.005 0
0.00544444 0.00133333
0.006 0.019
0.0056 0.0176
0.0063 0.0183
0.00509091 0.0164545
0.00581818 0.0168182
0.00553846 0.0151538
0.00484615 0.0143846
0.0052381 0.0132381
0.00549451 0.00722955
0.00540816 0.0118367
0.00528846 0.00892788
0.00569139 0.0080087
0.00565934 0.00999588
0.00553571 0.0107857
0.00581818 0.00218182
0.00623077 0.00276923
0.00630769 0.00412308
0.00641026 0.0055641
0.0056044 0.00652747
0.006 0
0.00654545 0.00127273
0.007 0.019
0.00733333 0.01825
0.00666667 0.0175
0.00623077 0.0162308
0.00692308 0.0166923
0.00642857 0.0154286
0.00587692 0.0141077
0.00591837 0.0123469
0.00619048 0.0131905
0.0064652 0.00815751
0.00648352 0.00702198
0.00632653 0.0114694
0.00606227 0.00907669
0.00642857 0.0104286
0.00674908 0.00889011
0.00692308 0.00207692
0.00723077 0.00409231
0.00717308 0.00307692
0.00723077 0.00529231
0.00688645 0.00625458
0.00779808 0.00472885
0.007 0
0.00727273 0.000727273
0.00761538 0.00138462
0.008 0.019
0.00830769 0.0182308
0.00761538 0.0174615
0.00706044 0.0158489
0.00769231 0.0162692
0.00732143 0.0148214
0.00690769 0.0138308
0.00714286 0.0131429
0.00714286 0.0121429
0.00736264 0.00694505
0.00735348 0.00808425
0.00719388 0.0113367
0.00703297 0.00962271
0.0072449 0.0105306
0.00763736 0.00881685
0.00836538 0.00416538
0.00794872 0.00238462
0.00811538 0.00338462
0.00815385 0.00586154
0.00861538 0.00494615
0.008 0
0.00825 0.000666667
0.00846154 0.00138462
0.009 0.019
0.00928571 0.0182857
0.00928571 0.0175357
0.00857143 0.0175714
0.00813187 0.0169203
0.00846154 0.0158462
0.00821429 0.0147143
0.00793846 0.0135538
0.00801685 0.0126579
0.00809524 0.0117619
0.00820513 0.00694872
0.00824176 0.00801099
0.00816327 0.0107347
0.00816327 0.0100204
0.00837225 0.009087
0.00907692 0.00403077
0.00897436 0.00269231
0.00907692 0.00643077
0.00907692 0.00563077
0.00943927 0.00497308
0.0092834 0.00169231
0.009 0
0.00923077 0.000692308
0.01 0.019
0.01 0.018
0.00910714 0.0151071
0.01 0.017
0.00923077 0.0159231
0.00928571 0.0167857
0.00910714 0.0143571
0.00904762 0.0130476
0.00904762 0.0122143
0.00904762 0.011381
0.0098396 0.0116905
0.00910256 0.00747436
0.00912088 0.00850549
0.01 0.007
0.00908163 0.0103673
0.00910714 0.00935714
0.01 0.004
0.01 0.003
0.0101053 0.002
0.01 0.006
0.0102632 0.005
0.01 0.001
0.01 0
0.011 0.019
0.0109474 0.018
0.0111053 0.017
0.01 0.015
0.01 0.016
0.01 0.014
0.01 0.013
0.01 0.011
0.0106316 0.012
0.01 0.008
0.01 0.009
0.0108158 0.007
0.01 0.01
0.011 0.003
0.011 0.004
0.011 0.001
0.011 0.002
0.0108421 0.006
0.011 0.005
0.011 0
0.012 0.019
0.012 0.017
0.012 0.018
0.0111579 0.016
0.0107895 0.015
0.011 0.014
0.0113158 0.013
0.011 0.011
0.0113684 0.012
0.011 0.009
0.0116316 0.007
0.011 0.008
0.0114737 0.01
0.0118421 0.003
0.012 0.004
0.012 0.002
0.012 0.001
0.0116842 0.006
0.0126053 0.0045
0.012 0.005
0.0123421 0.0065
0.012 0
0.013 0.019
0.0121579 0.016
0.013 0.017
0.013 0.018
0.0122105 0.015
0.012 0.014
0.0121579 0.013
0.012 0.011
0.0123684 0.012
0.013 0.007
0.012 0.009
0.012 0.008
0.0122368 0.01
0.013 0
0.0132105 0.004
0.0128947 0.002
0.013 0.003
0.0130526 0.001
0.013 0.006
0.0132632 0.005
0.014 0.019
0.0139474 0.018
0.013 0.016
0.0138947 0.017
0.013 0.015
0.013 0.014
0.013 0.013
0.0127895 0.011
0.0131842 0.012
0.0138158 0.007
0.0134211 0.008
0.013 0.009
0.013 0.01
0.014 0.001
0.014 0
0.014 0.004
0.014 0.003
0.014 0.002
0.014 0.006
0.014 0.005
0.014 0.009
0.015 0.019
0.015 0.018
0.0137895 0.015
0.014 0.016
0.0151053 0.017
0.0143947 0.0145
0.0137368 0.014
0.014 0.013
0.0135789 0.011
0.014 0.012
0.0146316 0.007
0.0142105 0.008
0.014 0.01
0.015 0
0.015 0.001
0.015 0.004
0.015 0.002
0.0148421 0.003
0.015 0.006
0.015 0.005
0.015 0.009
0.016 0.018
0.016 0.019
0.015 0.015
0.0151579 0.016
0.016 0.017
0.015 0.014
0.015 0.013
0.015 0.011
0.0153684 0.012
0.0156316 0.007
0.015 0.008
0.0154737 0.01
0.016 0
0.0160526 0.001
0.0158947 0.002
0.0157895 0.004
0.016 0.003
0.016 0.006
0.0162632 0.005
0.016 0.009
0.0169474 0.018
0.017 0.019
0.016 0.015
0.016 0.014
0.017 0.017
0.016 0.016
0.016 0.013
0.016 0.011
0.0166316 0.012
0.0163684 0.007
0.0164211 0.008
0.0165263 0.01
0.017 0
0.017 0.001
0.017 0.003
0.0171053 0.002
0.017 0.004
0.0172632 0.005
0.017 0.006
0.017 0.009
0.018 0.019
0.0179474 0.018
0.018 0.017
0.017 0.014
0.017 0.015
0.017 0.016
0.017 0.013
0.017 0.011
0.0176316 0.012
0.0173684 0.007
0.0174211 0.008
0.0175263 0.01
0.018 0
0.018 0.001
0.018 0.003
0.018 0.002
0.018 0.004
0.018 0.005
0.0180132 0.00575
0.0180263 0.0065
0.0177632 0.009
0.019 0
0.019 0.019
0.019 0.017
0.019 0.018
0.018 0.014
0.0181579 0.016
0.0177895 0.015
0.0183158 0.013
0.0191579 0.016
0.018 0.011
0.0183684 0.012
0.0180263 0.0075
0.0182763 0.00825
0.0184737 0.01
0.019 0.001
0.0188421 0.003
0.019 0.002
0.019 0.004
0.019 0.005
0.0186842 0.006
0.0186316 0.007
0.0185263 0.009
0.0193421 0.0065
0.02 0
0.02 0.018
0.02 0.019
0.02 0.017
0.019 0.014
0.0192105 0.015
0.0191579 0.013
0.0193684 0.012
0.02 0.015
0.02 0.016
0.019 0.011
0.019 0.008
0.0192632 0.0095
0.0198947 0.002
0.02 0.001
0.02 0.003
0.02 0.004
0.02 0.005
0.02 0.006
0.02 0.007
0.021 0
0.021 0.001
0.021 0.019
0.021 0.018
0.0211053 0.017
0.02 0.014
0.02 0.011
0.02 0.013
0.0201842 0.012
0.0207895 0.015
0.0211579 0.016
0.02 0.01
0.02 0.008
0.02 0.009
0.021 0.003
0.021 0.002
0.021 0.004
0.021 0.005
0.021 0.006
0.0208158 0.007
0.0216053 0.0045
0.022 0
0.0220526 0.001
0.022 0.018
0.022 0.019
0.022 0.017
0.021 0.014
0.021 0.011
0.0213158 0.013
0.021 0.012
0.022 0.015
0.022 0.016
0.021 0.009
0.0214737 0.01
0.021 0.008
0.022 0.003
0.0221053 0.002
0.0222105 0.004
0.0222632 0.005
0.022 0.006
0.0216316 0.007
0.023 0
0.023 0.001
0.023 0.019
0.022 0.011
0.0229474 0.018
0.023 0.017
0.022 0.014
0.0223158 0.013
0.022 0.012
0.0227895 0.015
0.0231579 0.016
0.022 0.009
0.0222368 0.01
0.0224211 0.008
0.023 0.002
0.023 0.003
0.023 0.004
0.0228421 0.006
0.023 0.005
0.023 0.007
0.024 0
0.0238947 0.002
0.024 0.001
0.024 0.019
0.023 0.011
0.0240526 0.018
0.024 0.016
0.0241053 0.017
0.0236053 0.0145
0.023 0.014
0.0233158 0.013
0.0233684 0.012
0.0242105 0.015
0.023 0.009
0.023 0.01
0.0235789 0.008
0.0238421 0.003
0.0237368 0.005
0.024 0.004
0.0236842 0.006
0.024 0.007
0.0245789 0.0035
0.025 0
0.0248947 0.002
0.0250526 0.001
0.025 0.019
0.024 0.01
0.0244211 0.011
0.025 0.018
0.025 0.017
0.025 0.016
0.0242632 0.014
0.0243684 0.012
0.0243158 0.013
0.025 0.015
0.025 0.014
0.024 0.009
0.0245789 0.008
0.0251579 0.003
0.0247368 0.005
0.0252105 0.004
0.025 0.006
0.025 0.007
0.026 0
0.026 0.002
0.026 0.001
0.026 0.019
0.026 0.018
0.025 0.01
0.0250263 0.0115
0.0257895 0.015
0.0258947 0.017
0.026 0.016
0.0249868 0.01325
0.0249737 0.0125
0.0263947 0.0145
0.0257368 0.014
0.0254737 0.009
0.026 0.008
0.026 0.004
0.026 0.003
0.026 0.005
0.026 0.006
0.026 0.007
0.027 0
0.027 0.001
0.027 0.002
0.027 0.003
0.027 0.019
0.027 0.018
0.028 0.019
0.026 0.01
0.026 0.011
0.0256316 0.012
0.0271579 0.016
0.027 0.015
0.0271053 0.017
0.026 0.013
0.0276053 0.0145
0.027 0.014
0.0264737 0.009
0.0269079 0.00725
0.027 0.008
0.027 0.005
0.027 0.004
0.0269079 0.00575
0.0268158 0.0065
0.028 0
0.0278947 0.002
0.028 0.001
0.0278421 0.003
0.028 0.018
0.029 0.019
0.027 0.011
0.0274737 0.01
0.027 0.012
0.028 0.016
0.0282105 0.015
0.0281053 0.017
0.0273158 0.013
0.0282632 0.014
0.0275263 0.009
0.0276316 0.007
0.028 0.008
0.028 0.004
0.0277368 0.005
0.0276842 0.006
0.0283684 0.0055
0.0284211 0.0025
0.0287895 0.004
0.029 0
0.029 0.001
0.029 0.002
0.0291579 0.003
0.029 0.018
0.03 0.019
0.028 0.011
0.0282368 0.01
0.0283684 0.012
0.029 0.016
0.029 0.015
0.029 0.017
0.0283158 0.013
0.0296053 0.0145
0.029 0.014
0.0285263 0.009
0.0286316 0.007
0.029 0.008
0.029 0.005
0.029 0.006
0.0289737 0.0125
0.029 0.01
0.03 0.003
0.03 0.004
0.03 0.005
0.03 0.001
0.03 0
0.03 0.002
0.0300526 0.018
0.031 0.019
0.029 0.011
0.0296316 0.012
0.0302105 0.015
0.03 0.016
0.0301053 0.017
0.0296842 0.013
0.0302632 0.014
0.0294737 0.009
0.0297895 0.008
0.03 0.007
0.03 0.006
0.03 0.01
0.0307895 0.004
0.031 0.003
0.0307368 0.005
0.031 0.006
0.0309474 0.001
0.031 0
0.031 0.002
0.0310526 0.018
0.0311053 0.017
0.032 0.019
0.033 0.019
0.0304211 0.011
0.0303684 0.012
0.031 0.015
0.031 0.016
0.031 0.013
0.0312632 0.014
0.0305263 0.009
0.0305789 0.008
0.031 0.007
0.031 0.01
0.032 0.006
0.0318947 0.002
0.0321579 0.003
0.0317895 0.004
0.032 0.005
0.032 0
0.0319474 0.001
0.032 0.017
0.032 0.016
0.032 0.018
0.033 0.018
0.034 0.019
0.0312105 0.011
0.0313684 0.012
0.032 0.015
0.032 0.013
0.032 0.014
0.0315263 0.009
0.032 0.008
0.032 0.007
0.032 0.01
0.033 0.006
0.033 0.005
0.033 0.002
0.0331579 0.003
0.0332105 0.004
0.033 0
0.0330526 0.001
0.033 0.016
0.033 0.017
0.035 0.019
0.0340526 0.018
0.032 0.011
0.0321842 0.012
0.033 0.015
0.033 0.014
0.0328421 0.013
0.033 0.009
0.033 0.008
0.0333684 0.007
0.0327632 0.01
0.034 0.005
0.034 0.006
0.034 0.002
0.034 0.003
0.034 0.004
0.034 0.001
0.034 0
0.036 0.019
0.0341053 0.017
0.0338421 0.016
0.035 0.017
0.036 0.018
0.0350526 0.018
0.033 0.011
0.033 0.012
0.0342105 0.015
0.034 0.014
0.0336842 0.013
0.0346316 0.007
0.0335263 0.01
0.034 0.009
0.034 0.008
0.035 0.008
0.0347368 0.005
0.035 0.006
0.035 0.004
0.0348947 0.002
0.035 0.003
0.0349474 0.001
0.035 0
0.037 0.019
0.037 0.018
0.035 0.016
0.036 0.017
0.0352105 0.015
0.034 0.011
0.034 0.012
0.0352632 0.014
0.035 0.013
0.035 0.011
0.036 0.007
0.035 0.01
0.035 0.009
0.036 0.008
0.036 0.005
0.0363158 0.006
0.036 0.004
0.036 0
0.0361579 0.003
0.036 0.002
0.036 0.001
0.037 0.007
0.038 0.019
0.038 0.018
0.038 0.017
0.0371053 0.017
0.036 0.016
0.036 0.015
0.035 0.012
0.036 0.014
0.0358421 0.013
0.036 0.011
0.037 0.008
0.036 0.01
0.0364737 0.009
0.0371579 0.006
0.037 0.005
0.037 0.003
0.037 0.004
0.037 0
0.037 0.002
0.037 0.001
0.038 0.008
0.038 0.007
0.039 0.019
0.0390526 0.018
0.039 0.017
0.038 0.016
0.0371579 0.016
0.037 0.015
0.036 0.012
0.037 0.014
0.0366842 0.013
0.037 0.011
0.0372368 0.009
0.037 0.01
0.038 0.006
0.038 0.005
0.038 0.009
0.0382105 0.004
0.038 0.003
0.038 0
0.038 0.002
0.0380526 0.001
0.0387895 0.008
0.039 0.006
0.039 0.007
0.04 0.019
0.04 0.018
0.0401053 0.017
0.039 0.016
0.038 0.014
0.038 0.015
0.0373684 0.012
0.038 0.013
0.0377895 0.011
0.038 0.01
0.039 0.005
0.039 0.009
0.039 0.004
0.039 0.003
0.039 0
0.039 0.002
0.039 0.001
0.0395789 0.008
0.0397368 0.005
0.0398421 0.006
0.04 0.007
0.041 0.019
0.0401579 0.016
0.041 0.018
0.041 0.017
0.0392105 0.015
0.039 0.014
0.0386316 0.012
0.039 0.013
0.039 0.01
0.0385789 0.011
0.0397632 0.009
0.04 0.004
0.0398421 0.003
0.04 0.01
0.04 0
0.0398947 0.002
0.04 0.001
0.0405263 0.009
0.041 0.008
0.041 0.005
0.041 0.007
0.0406842 0.006
0.042 0.019
0.0419474 0.018
0.04 0.015
0.041 0.016
0.041 0.015
0.0418947 0.017
0.04 0.014
0.0393684 0.012
0.0403158 0.013
0.04 0.011
0.0407895 0.004
0.0408421 0.003
0.042 0.005
0.041 0.01
0.041 0
0.041 0.002
0.041 0.001
0.042 0.004
0.042 0.008
0.042 0.009
0.042 0.007
0.042 0.006
0.043 0.019
0.043 0.018
0.041 0.014
0.042 0.016
0.0417895 0.015
0.0428421 0.016
0.0431053 0.017
0.0409868 0.01325
0.0403684 0.012
0.0409737 0.0125
0.041 0.011
0.0414211 0.0035
0.042 0.003
0.043 0.005
0.042 0.01
0.042 0
0.0421053 0.002
0.042 0.001
0.043 0.004
0.043 0.009
0.0427895 0.008
0.043 0.006
0.0428158 0.007
0.044 0.019
0.044 0.018
0.044 0.017
0.042 0.014
0.0427895 0.015
0.0433947 0.0155
0.044 0.016
0.042 0.013
0.0416316 0.012
0.042 0.011
0.043 0.002
0.043 0.003
0.0437368 0.005
0.043 0.01
0.043 0
0.043 0.001
0.0437895 0.004
0.0437632 0.009
0.0435789 0.008
0.044 0.006
0.0436316 0.007
0.045 0.019
0.045 0.018
0.045 0.017
0.045 0.016
0.043 0.013
0.0432632 0.014
0.0442105 0.015
0.043 0.012
0.0434211 0.011
0.0438947 0.002
0.044 0.003
0.0445 0.005
0.044 0.01
0.044 0
0.0439474 0.001
0.045 0.003
0.0452105 0.004
0.045 0.006
0.0445263 0.009
0.0445789 0.008
0.045 0.007
0.0458947 0.017
0.046 0.019
0.0459474 0.018
0.0464211 0.0165
0.0458421 0.016
0.045 0.015
0.044 0.013
0.0442632 0.014
0.0443684 0.012
0.045 0.014
0.0444211 0.011
0.047 0.019
0.0448947 0.002
0.0452632 0.005
0.045 0.01
0.045 0
0.0450526 0.001
0.046 0.003
0.046 0.002
0.046 0.006
0.046 0.004
0.046 0.009
0.0458158 0.007
0.0454211 0.008
0.047 0.017
0.047 0.018
0.0471579 0.016
0.0462105 0.015
0.0457368 0.014
0.0451842 0.012
0.045 0.013
0.0455789 0.011
0.048 0.019
0.046 0.005
0.0464737 0.01
0.0467632 0.009
0.046 0
0.046 0.001
0.0468421 0.003
0.0468947 0.002
0.0466316 0.007
0.0468421 0.006
0.047 0.004
0.0467368 0.005
0.0465789 0.008
0.047 0.015
0.048 0.017
0.048 0.018
0.048 0.015
0.048 0.016
0.047 0.014
0.0463158 0.013
0.046 0.012
0.0473158 0.013
0.047 0.011
0.0489474 0.018
0.049 0.019
0.0472368 0.01
0.0475263 0.009
0.047 0
0.047 0.001
0.0478947 0.002
0.0478421 0.003
0.0482105 0.004
0.0476316 0.007
0.0476842 0.006
0.048 0.005
0.048 0.008
0.048 0.014
0.0488947 0.017
0.0487895 0.015
0.049 0.016
0.0479868 0.01325
0.0473684 0.012
0.0479737 0.0125
0.048 0.011
0.0499474 0.018
0.05 0.019
0.048 0.01
0.0484737 0.009
0.048 0
0.048 0.001
0.0491053 0.002
0.049 0.003
0.049 0.004
0.0483684 0.007
0.0492632 0.005
0.049 0.006
0.049 0.008
0.049 0.01
0.049 0.014
0.05 0.017
0.0498421 0.016
0.0497895 0.015
0.0504211 0.0155
0.049 0.013
0.0486316 0.012
0.049 0.011
0.051 0.019
0.051 0.018
0.0511053 0.017
0.0492368 0.009
0.049 0.001
0.049 0
0.05 0.002
0.05 0.001
0.05 0.003
0.05 0.005
0.05 0.004
0.0493684 0.007
0.05 0.006
0.0499737 0.0075
0.05 0.009
0.05 0.01
0.0502632 0.014
0.05 0.013
0.051 0.016
0.051 0.015
0.05 0.012
0.0504211 0.011
0.052 0.019
0.052 0.016
0.052 0.018
0.052 0.017
0.05 0
0.0508947 0.002
0.0509474 0.001
0.051 0.003
0.0507895 0.004
0.0507368 0.005
0.0508421 0.006
0.0506316 0.007
0.0505789 0.008
0.0507632 0.009
0.051 0.01
0.0512632 0.014
0.051 0.013
0.052 0.014
0.052 0.015
0.0513684 0.012
0.0514211 0.011
0.053 0.019
0.053 0.016
0.0530526 0.018
0.0531053 0.017
0.0520263 0.0115
0.051 0
0.0518421 0.003
0.052 0.002
0.0520526 0.001
0.0517895 0.004
0.0516842 0.006
0.052 0.005
0.0516316 0.007
0.0515789 0.008
0.0515263 0.009
0.052 0.01
0.052 0.013
0.0532105 0.015
0.0527368 0.014
0.0526316 0.012
0.0525789 0.011
0.054 0.019
0.0541579 0.016
0.0541053 0.017
0.054 0.018
0.0524211 0.0035
0.052 0
0.0523684 0.007
0.053 0.01
0.053 0.003
0.053 0.002
0.053 0.001
0.053 0
0.053 0.005
0.053 0.004
0.053 0.006
0.0524211 0.008
0.053 0.009
0.053 0.013
0.054 0.015
0.054 0.014
0.0533684 0.012
0.054 0.011
0.055 0.019
0.055 0.015
0.055 0.016
0.055 0.017
0.055 0.018
0.0529737 0.0075
0.0537632 0.009
0.054 0.01
0.0538421 0.003
0.0538421 0.006
0.054 0
0.0538947 0.002
0.054 0.001
0.0537368 0.005
0.054 0.004
0.054 0.007
0.0535789 0.008
0.0543158 0.013
0.055 0.014
0.0557368 0.014
0.0543684 0.012
0.055 0.011
0.055 0.01
0.056 0.018
0.056 0.019
0.0557895 0.015
0.0558421 0.016
0.0558947 0.017
0.0545263 0.009
0.0550263 0.0125
0.0548421 0.003
0.055 0.007
0.0546842 0.006
0.055 0
0.0550526 0.001
0.055 0.002
0.055 0.005
0.0547895 0.004
0.056 0.01
0.0554737 0.009
0.055 0.008
0.0556842 0.013
0.0565 0.014
0.0556316 0.012
0.056 0.011
0.0569474 0.018
0.057 0.019
0.0567895 0.015
0.057 0.016
0.0571053 0.017
0.0562368 0.009
0.0554211 0.0035
0.0555789 0.0025
0.056 0.007
0.056 0.006
0.056 0.005
0.056 0
0.056 0.001
0.0561053 0.002
0.056 0.004
0.057 0.01
0.0564211 0.008
0.0566842 0.013
0.0572632 0.014
0.0574211 0.011
0.057 0.012
0.058 0.019
0.058 0.018
0.0582105 0.015
0.058 0.017
0.058 0.016
0.057 0.009
0.0561579 0.003
0.0568158 0.007
0.057 0.005
0.057 0.006
0.057 0
0.057 0.002
0.057 0.001
0.057 0.004
0.0577632 0.009
0.058 0.01
0.0575789 0.008
0.0582632 0.014
0.058 0.013
0.0582105 0.011
0.0583684 0.012
0.059 0.019
0.059 0.018
0.059 0.015
0.059 0.016
0.059 0.017
0.057 0.003
0.0583158 0.0075
0.0576316 0.007
0.0578421 0.006
0.0577368 0.005
0.058 0
0.0579474 0.001
0.0578947 0.002
0.058 0.003
0.058 0.004
0.0587632 0.01
0.0585263 0.009
0.059 0.008
0.0590132 0.01325
0.059 0.014
0.0590263 0.0125
0.059 0.011
0.06 0.019
0.0599474 0.018
0.0597895 0.015
0.06 0.016
0.06 0.017
0.059 0.007
0.0586842 0.006
0.059 0.005
0.059 0
0.059 0.001
0.059 0.004
0.0588947 0.002
0.0588421 0.003
0.0595263 0.01
0.06 0.009
0.06 0.008
0.06 0.007
0.0596842 0.013
0.06 0.014
0.06 0.012
0.06 0.011
0.061 0.019
0.061 0.018
0.061 0.015
0.061 0.016
0.061 0.017
0.06 0.004
0.06 0.006
0.06 0.005
0.06 0
0.06 0.002
0.06 0.001
0.06 0.003
0.061 0.007
0.0604737 0.01
0.061 0.009
0.061 0.008
0.061 0.006
0.061 0.014
0.0606842 0.013
0.061 0.011
0.061 0.012
0.062 0.019
0.062 0.018
0.062 0.015
0.062 0.016
0.0621053 0.017
0.0607895 0.004
0.061 0.005
0.061 0
0.0611579 0.003
0.061 0.001
0.061 0.002
0.0618158 0.007
0.062 0.009
0.0615263 0.01
0.062 0.008
0.062 0.006
0.062 0.011
0.062 0.014
0.0616842 0.013
0.062 0.012
0.063 0.019
0.063 0.018
0.063 0.015
0.0631579 0.016
0.0631053 0.017
0.062 0.004
0.062 0.003
0.062 0.005
0.062 0
0.062 0.001
0.062 0.002
0.0626316 0.007
0.0627632 0.009
0.063 0.01
0.063 0.008
0.0628421 0.006
0.063 0.011
0.0632632 0.014
0.063 0.013
0.0633684 0.012
0.064 0.014
0.064 0.019
0.064 0.018
0.064 0.016
0.064 0.015
0.064 0.017
0.0627895 0.004
0.0628421 0.003
0.063 0.005
0.063 0.002
0.063 0
0.063 0.001
0.0636316 0.007
0.0635263 0.009
0.064 0.01
0.064 0.008
0.0636842 0.006
0.064 0.011
0.064 0.013
0.0641842 0.012
0.065 0.015
0.0647368 0.014
0.065 0.018
0.065 0.019
0.0648947 0.017
0.0648421 0.016
0.0637895 0.004
0.0638421 0.003
0.0647632 0.01
0.064 0.005
0.064 0.002
0.064 0
0.0640526 0.001
0.0643684 0.007
0.065 0.009
0.0654211 0.008
0.065 0.006
0.065 0.011
0.065 0.012
0.065 0.013
0.0657895 0.015
0.066 0.014
0.0659474 0.018
0.066 0.019
0.0661053 0.017
0.066 0.016
0.0666053 0.0155
0.0645789 0.0025
0.0646053 0.0045
0.0644737 0.0035
0.0655263 0.01
0.0652632 0.005
0.0651053 0.002
0.065 0
0.0650526 0.001
0.0653684 0.007
0.066 0.009
0.0660263 0.0075
0.066 0.006
0.114 0.0171
0.114 0.019
0.066 0.011
0.066 0.012
0.0663158 0.013
0.067 0.014
0.067 0.019
0.0672105 0.015
0.0670526 0.018
0.067 0.017
0.0671579 0.016
0.0651579 0.003
0.0652105 0.004
0.0667632 0.009
0.0664737 0.01
0.066 0.002
0.066 0.004
0.066 0.005
0.066 0.001
0.066 0
0.067 0.005
0.0666316 0.007
0.067 0.008
0.067 0.006
0.112853 0.019
0.112853 0.0171
0.113374 0.0181377
0.111861 0.019
0.067 0.011
0.0673158 0.013
0.067 0.012
0.068 0.014
0.0683289 0.01325
0.068 0.019
0.068 0.016
0.068 0.015
0.068 0.018
0.068 0.017
0.066 0.003
0.0675263 0.009
0.0674737 0.01
0.0668947 0.002
0.0668421 0.003
0.067 0.004
0.067 0
0.067 0.001
0.0677368 0.005
0.0676316 0.007
0.068 0.008
0.0683158 0.006
0.111861 0.0171
0.111861 0.01805
0.110869 0.019
0.110869 0.0171
0.068 0.011
0.0686579 0.0125
0.068 0.012
0.069 0.014
0.0693158 0.013
0.069 0.019
0.069 0.018
0.0688421 0.016
0.069 0.015
0.069 0.017
0.0675789 0.0035
0.0684737 0.009
0.0685263 0.01
0.0678947 0.002
0.0681579 0.003
0.0682105 0.004
0.068 0
0.0680526 0.001
0.069 0.005
0.0683684 0.007
0.069 0.008
0.0689737 0.0065
0.0689868 0.00575
0.110869 0.01805
0.109877 0.019
0.109877 0.0171
0.069 0.011
0.0693684 0.012
0.0701579 0.013
0.07 0.015
0.0702632 0.014
0.0700526 0.018
0.07 0.019
0.07 0.016
0.0701053 0.017
0.0692368 0.009
0.0694737 0.01
0.069 0.002
0.069 0.003
0.069 0.004
0.069 0
0.069 0.001
0.0697368 0.005
0.0697895 0.008
0.0696316 0.007
0.07 0.006
0.109381 0.01805
0.108886 0.019
0.108885 0.0171
0.0704211 0.011
0.0703684 0.012
0.071 0.013
0.071 0.015
0.071 0.014
0.071 0.018
0.071 0.019
0.071 0.017
0.071 0.016
0.07 0.009
0.0702368 0.01
0.07 0.004
0.0698947 0.002
0.07 0.003
0.07 0.001
0.07 0
0.071 0.01
0.0707368 0.005
0.0705789 0.008
0.0706316 0.007
0.071 0.006
0.108389 0.01805
0.107894 0.019
0.107893 0.0171
0.0712105 0.011
0.0716316 0.012
0.0718421 0.013
0.0717895 0.015
0.072 0.014
0.072 0.018
0.072 0.019
0.072 0.017
0.072 0.016
0.071 0.009
0.071 0.003
0.0713947 0.0045
0.0707895 0.004
0.071 0.002
0.0709474 0.001
0.071 0
0.0717632 0.01
0.072 0.005
0.072 0.008
0.0713684 0.007
0.072 0.006
0.107398 0.01805
0.106902 0.019
0.106901 0.0171
0.072 0.011
0.0726316 0.012
0.0726842 0.013
0.0727895 0.015
0.073 0.014
0.0729474 0.018
0.073 0.019
0.073 0.017
0.0731579 0.016
0.072 0.009
0.072 0.003
0.0722105 0.004
0.0721053 0.002
0.072 0.001
0.072 0
0.0725263 0.01
0.0727632 0.0085
0.073 0.005
0.0728421 0.006
0.0729737 0.0075
0.0723684 0.007
0.10591 0.019
0.106406 0.01805
0.105909 0.0171
0.104918 0.019
0.073 0.011
0.0733684 0.012
0.074 0.013
0.0741842 0.012
0.0742632 0.014
0.074 0.015
0.074 0.018
0.074 0.019
0.074 0.017
0.0741579 0.016
0.0734737 0.01
0.073 0.003
0.073 0.004
0.073 0.002
0.073 0.001
0.073 0
0.0735789 0.008
0.0735263 0.009
0.074 0.005
0.0736842 0.006
0.0736316 0.007
0.0743421 0.0065
0.104918 0.01805
0.104917 0.0171
0.103926 0.019
0.075 0.014
0.0744211 0.011
0.075 0.013
0.075 0.012
0.075 0.015
0.075 0.016
0.075 0.018
0.075 0.019
0.075 0.017
0.0742632 0.0095
0.0738421 0.003
0.074 0.004
0.074 0.001
0.074 0.002
0.074 0
0.075 0.01
0.075 0.005
0.0745789 0.008
0.075 0.006
0.075 0.007
0.103926 0.01805
0.103925 0.0171
0.102935 0.019
0.0757368 0.014
0.0755789 0.011
0.076 0.012
0.076 0.013
0.0757895 0.015
0.0763947 0.0145
0.076 0.016
0.076 0.019
0.0759474 0.018
0.0761053 0.017
0.075 0.009
0.076 0.005
0.075 0.003
0.075 0.004
0.0749474 0.001
0.075 0.002
0.075 0
0.076 0.01
0.076 0.006
0.0754211 0.008
0.0758158 0.007
0.102934 0.01805
0.102933 0.0171
0.101943 0.019
0.101941 0.0171
0.077 0.019
0.077 0.014
0.0764211 0.011
0.0770263 0.0115
0.077 0.013
0.077 0.016
0.077 0.015
0.077 0.017
0.077 0.018
0.0766316 0.007
0.076 0.009
0.076 0.004
0.0767368 0.005
0.076 0.002
0.076 0.003
0.076 0
0.076 0.001
0.077 0.01
0.0773158 0.006
0.0765789 0.008
0.101942 0.01805
0.100951 0.019
0.100949 0.0171
0.078 0.019
0.0777368 0.014
0.0776316 0.012
0.0775789 0.011
0.078 0.013
0.0780526 0.018
0.0778421 0.016
0.0782105 0.015
0.0778947 0.017
0.0765789 0.0035
0.0773684 0.007
0.0774737 0.009
0.078 0.005
0.0780921 0.00575
0.0772105 0.004
0.0771579 0.003
0.0768947 0.002
0.077 0
0.0770526 0.001
0.078 0.01
0.0784211 0.011
0.0781842 0.0065
0.078 0.008
0.100454 0.01805
0.0999592 0.019
0.0999573 0.0171
0.079 0.019
0.0790526 0.018
0.0785 0.014
0.0783684 0.012
0.079 0.013
0.0792105 0.015
0.0791053 0.017
0.079 0.016
0.0780921 0.00725
0.0782368 0.009
0.078 0.004
0.0787368 0.005
0.079 0.006
0.078 0.003
0.078 0.002
0.078 0.001
0.078 0
0.0792105 0.011
0.079 0.01
0.079 0.007
0.079 0.008
0.0994623 0.01805
0.0989673 0.019
0.0989653 0.0171
0.08 0.018
0.08 0.019
0.08 0.017
0.0792632 0.014
0.0793684 0.012
0.0798421 0.013
0.08 0.011
0.08 0.015
0.08 0.016
0.079 0.009
0.0787895 0.004
0.0797368 0.005
0.08 0.007
0.0803158 0.006
0.079 0.002
0.079 0.003
0.0789474 0.001
0.079 0
0.08 0.01
0.08 0.008
0.0984704 0.01805
0.0979755 0.019
0.0979734 0.0171
0.081 0.019
0.0809474 0.018
0.081 0.017
0.08 0.014
0.0806842 0.013
0.0813421 0.0125
0.0807895 0.011
0.0806316 0.012
0.081 0.016
0.0807895 0.015
0.0804737 0.009
0.0797895 0.004
0.0805 0.005
0.081 0.007
0.0811579 0.006
0.08 0
0.0798947 0.002
0.0801579 0.003
0.08 0.001
0.081 0.01
0.0814211 0.008
0.0969837 0.019
0.0969825 0.01805
0.0969814 0.0171
0.082 0.017
0.082 0.016
0.082 0.019
0.0819474 0.018
0.0827997 0.0172308
0.081 0.014
0.082 0.013
0.082 0.012
0.0815789 0.011
0.0817895 0.015
0.0827997 0.0157308
0.0812368 0.009
0.0812632 0.005
0.081 0.003
0.081 0.004
0.082 0.007
0.082 0.006
0.081 0
0.0810526 0.001
0.0811053 0.002
0.082 0.01
0.0822428 0.00806832
0.082 0.009
0.0959918 0.019
0.0959906 0.01805
0.0959895 0.0171
0.0831995 0.0163463
0.083 0.019
0.0828998 0.0181154
0.0835484 0.0173028
0.0828996 0.0102883
0.082 0.014
0.0829247 0.0129543
0.0830546 0.0120003
0.0827997 0.0147308
0.0835994 0.0154617
0.082 0.005
0.082 0.004
0.082 0.003
0.0830645 0.00813664
0.0830335 0.00715794
0.0828612 0.00630136
0.0829912 0.00519026
0.082 0
0.082 0.001
0.082 0.002
0.0830955 0.00911534
0.095 0.01805
0.095 0.019
0.095 0.0171
0.0840072 0.0162738
0.084 0.019
0.0838973 0.0182593
0.084415 0.0170859
0.0835818 0.0110004
0.0839947 0.0101489
0.0846578 0.0152367
0.0841091 0.0120006
0.0831922 0.0138625
0.0838494 0.0129086
0.0839948 0.0145869
0.0827592 0.00428296
0.0827057 0.00327551
0.0827057 0.00227551
0.083737 0.00866349
0.0839096 0.00765692
0.0837225 0.00660272
0.083854 0.00565816
0.0836862 0.00461204
0.0829487 0.000870373
0.083 0
0.08318 0.0017107
0.08419 0.00923058
0.0940192 0.0180432
0.094 0.019
0.0940384 0.0170864
0.093 0.019
0.0851231 0.0163238
0.085 0.019
0.0848228 0.017898
0.0853538 0.0173264
0.086 0.019
0.084965 0.0102213
0.084676 0.0108577
0.0851637 0.0120009
0.0855156 0.0154554
0.08495 0.0145901
0.0847741 0.0128629
0.0843844 0.0137249
0.0835184 0.00356591
0.0834114 0.00255102
0.0844869 0.00490217
0.0843785 0.00821164
0.0843442 0.00706692
0.0848474 0.00876636
0.0847788 0.00647691
0.0849712 0.00557029
0.0845378 0.00348543
0.084 0
0.0838973 0.000740746
0.0838818 0.00173469
0.0852524 0.00934244
0.0930548 0.0180068
0.0931078 0.0170461
0.092 0.019
0.0920742 0.0179978
0.091 0.019
0.0858849 0.0167548
0.0858254 0.0180184
0.0865926 0.017922
0.087 0.019
0.088 0.019
0.0859353 0.0102938
0.0855533 0.0111388
0.0863349 0.015564
0.0860039 0.0123033
0.0856947 0.0129904
0.0856961 0.0146891
0.0853857 0.0138577
0.084267 0.00246411
0.0854226 0.00451803
0.0850804 0.00747074
0.0857708 0.00869059
0.0856703 0.0066299
0.0859218 0.00575275
0.08614 0.00494332
0.085448 0.00380966
0.0850063 0.00196322
0.0850368 0.00275089
0.085 0
0.0848228 0.00110204
0.0863148 0.0094543
0.0867872 0.010205
0.09215 0.0169727
0.0910324 0.0179336
0.09 0.019
0.089 0.019
0.0864908 0.0163749
0.0866468 0.0171858
0.0873597 0.0178257
0.0880912 0.0182593
0.0867872 0.0108785
0.0865033 0.0115101
0.0868441 0.0122456
0.0871541 0.0156726
0.0864422 0.014788
0.0866153 0.013118
0.086387 0.0139904
0.0858067 0.00303768
0.0863583 0.00413389
0.0862431 0.00748473
0.0866942 0.00861483
0.0865617 0.00661942
0.0868724 0.00593521
0.0868829 0.00466024
0.0857456 0.00146232
0.0865765 0.00332446
0.0861611 0.00239339
0.086 0
0.0876386 0.0101164
0.0875628 0.00905766
0.0910657 0.0168374
0.0900325 0.0177858
0.0893646 0.0181858
0.087373 0.0163706
0.0875918 0.0170686
0.0881801 0.0175377
0.0876386 0.0114629
0.0876545 0.0121831
0.0879734 0.0157813
0.0876705 0.0129034
0.0876711 0.0149509
0.0873689 0.0141206
0.0879271 0.0136586
0.0872136 0.00376538
0.0863435 0.00084409
0.0870737 0.00777535
0.0878748 0.0082935
0.0874531 0.00693588
0.0874075 0.0051866
0.087823 0.00611767
0.0877029 0.00453306
0.0876192 0.0030736
0.0866769 0.00166337
0.0870558 0.00257272
0.087 0
0.0883049 0.00978032
0.0884693 0.0107031
0.0884773 0.00910811
0.0900637 0.016625
0.0892033 0.0170686
0.0884735 0.0166978
0.0883883 0.0116263
0.0884853 0.0124847
0.0886367 0.0159656
0.0886367 0.015079
0.0884853 0.0131967
0.0883344 0.0142486
0.0880903 0.00377872
0.0875978 0.000740746
0.0881868 0.00752934
0.0886496 0.00843589
0.0885615 0.0067005
0.0881922 0.00530075
0.0887461 0.00584871
0.0885615 0.00448383
0.0886952 0.00331436
0.088435 0.0024587
0.0880191 0.00174379
0.088 0
0.0893 0.00994333
0.0891301 0.0108989
0.0896818 0.0092625
0.0893 0.01615
0.0891381 0.0117897
0.0893 0.0126033
0.0893 0.0152633
0.0893 0.0143767
0.0893 0.01349
0.0883506 0.000861176
0.0893 0.00373667
0.0896273 0.00834643
0.0893 0.00728333
0.0893 0.00639667
0.0894636 0.00559821
0.0893 0.00462333
0.0893 0.00285
0.0892033 0.00193144
0.0891033 0.000981606
0.089 0
0.0903008 0.00844231
0.0905466 0.00917486
0.0897909 0.0110946
0.0900637 0.0103821
0.0900637 0.015675
0.0898455 0.0120107
0.0900637 0.0130286
0.0900091 0.0147589
0.0900637 0.0139107
0.0900637 0.003325
0.0900637 0.00420714
0.0900637 0.00685357
0.0900637 0.00773571
0.0903008 0.00619735
0.0900637 0.00508929
0.0900637 0.002375
0.0900325 0.00121404
0.09 0
0.0910657 0.00787383
0.0913359 0.00907414
0.0908327 0.0101824
0.0907163 0.0112302
0.0910657 0.0154626
0.0908015 0.0122619
0.0910657 0.0132944
0.0910657 0.0143785
0.0910657 0.00353736
0.0911643 0.00460917
0.0910657 0.00678971
0.0910657 0.00570559
0.0907876 0.0011099
0.0910657 0.00216264
0.091 0
0.09215 0.00791074
0.09215 0.00685124
0.09215 0.00897025
0.0916572 0.00996822
0.0917557 0.01104
0.09215 0.0153273
0.09215 0.0121488
0.0919529 0.0131837
0.0922333 0.0143202
0.09215 0.00367272
0.09215 0.00473223
0.09215 0.00579173
0.0915685 0.00100221
0.09215 0.00202728
0.092 0
0.0927211 0.00842247
0.0931078 0.00758204
0.0928783 0.00652125
0.0931078 0.0095
0.0925616 0.01035
0.0924806 0.0113297
0.0931078 0.0152539
0.0931078 0.0123769
0.0931078 0.0133359
0.0931078 0.0142949
0.0931078 0.00374613
0.0931078 0.00470511
0.0931078 0.00566409
0.0925798 0.00100221
0.0931078 0.00195387
0.093 0
0.0938833 0.00569763
0.0936507 0.0085645
0.0940384 0.00759546
0.0940384 0.00664319
0.0940384 0.0095
0.0934956 0.0104757
0.093418 0.0114314
0.0940384 0.0152136
0.0940384 0.0123568
0.0940384 0.0133091
0.0941185 0.0142625
0.0940384 0.00378638
0.0939609 0.004742
0.0935465 0.000993201
0.0940384 0.00191362
0.094 0
0.0948397 0.00570227
0.0947997 0.00928693
0.0945993 0.00855568
0.095 0.00794545
0.095 0.00690909
0.0944391 0.0104579
0.095 0.0100182
0.0943589 0.0114091
0.095 0.0152
0.095 0.0131273
0.0952719 0.0120909
0.0950906 0.0141636
0.095 0.0038
0.095 0.00483636
0.095 0.0019
0.0945192 0.000956811
0.095 0
0.0958158 0.00587273
0.0955439 0.00898182
0.0959971 0.00794545
0.0962698 0.00690909
0.0957712 0.0100182
0.0953626 0.0110545
0.0959971 0.0152
0.0959971 0.0131273
0.0959971 0.0120909
0.0959971 0.0141636
0.0965424 0.0100182
0.0959971 0.0038
0.0959971 0.00483636
0.0959918 0
0.0959895 0.0019
0.0954947 0.00095
0.0969968 0.00587273
0.0972694 0.00690909
0.0969968 0.00898182
0.0973603 0.00794545
0.0966333 0.0110545
0.0969968 0.0120909
0.0969059 0.0141636
0.0969968 0.0152
0.096815 0.0131273
0.0975875 0.0126091
0.0975421 0.0100182
0.0969814 0.0019
0.0969968 0.0038
0.0969968 0.00483636
0.0969837 0
0.0969825 0.00095
0.0979965 0.00690909
0.0979965 0.00587273
0.0979965 0.00898182
0.0986326 0.00794545
0.0976329 0.0110545
0.0982691 0.0120909
0.0979056 0.0141636
0.0979965 0.0152
0.0981782 0.0131273
0.0979965 0.00483636
0.0984508 0.0100182
0.0989961 0.00690909
0.0979734 0.0019
0.0979965 0.0038
0.0979755 0
0.0984704 0.00095
0.0989052 0.00483636
0.0989961 0.00587273
0.0989961 0.0120909
0.0989961 0.00898182
0.0993596 0.00794545
0.0989961 0.0110545
0.0989961 0.0131273
0.0989961 0.0152
0.0989961 0.0141636
0.0992233 0.0100182
0.0995414 0.0136455
0.0999958 0.00690909
0.0999958 0.00587273
0.0989653 0.0019
0.0989961 0.0038
0.0989673 0
0.0994623 0.00095
0.0999958 0.00483636
0.0997231 0.0120909
0.0999958 0.0100182
0.0999958 0.00898182
0.100632 0.00794545
0.100359 0.0110545
0.100178 0.0131273
0.100087 0.0141636
0.0999958 0.0152
0.100723 0.00690909
0.100814 0.00587273
0.101359 0.00742727
0.0999573 0.0019
0.0999958 0.0038
0.0999592 0
0.100454 0.00095
0.100905 0.00483636
0.100995 0.0120909
0.101177 0.0131273
0.100995 0.0100182
0.100995 0.00898182
0.101995 0.00794545
0.101359 0.0110545
0.100995 0.0141636
0.100995 0.0152
0.101404 0.00639091
0.101404 0.00535455
0.101995 0.00690909
0.100949 0.0019
0.100995 0.0038
0.100951 0
0.101446 0.00095
0.101995 0.00483636
0.102995 0.00690909
0.101995 0.0120909
0.101995 0.0131273
0.101995 0.0141636
0.102995 0.00794545
0.101995 0.0100182
0.10245 0.00898182
0.102631 0.0110545
0.101995 0.0152
0.102177 0.00587273
0.101941 0.0019
0.101995 0.0038
0.101943 0
0.102934 0.00095
0.103994 0.00690909
0.102995 0.00587273
0.102995 0.00483636
0.103994 0.00794545
0.102722 0.0120909
0.102904 0.0141636
0.102813 0.0131273
0.103631 0.0110545
0.103449 0.00898182
0.102995 0.0100182
0.102995 0.0152
0.102933 0.0019
0.102995 0.0038
0.102935 0
0.103925 0.0019
0.103926 0.00095
0.103994 0.00587273
0.104721 0.00690909
0.103994 0.00483636
0.10454 0.00898182
0.104994 0.00794545
0.103722 0.0120909
0.103904 0.0141636
0.103994 0.0131273
0.104358 0.0110545
0.104449 0.0100182
0.103994 0.0152
0.103994 0.0038
0.103926 0
0.104917 0.0019
0.104918 0.00095
0.104994 0.00483636
0.104994 0.0038
0.105403 0.00639091
0.105994 0.00690909
0.104812 0.00587273
0.106357 0.00794545
0.105539 0.00898182
0.104994 0.0120909
0.104994 0.0141636
0.104994 0.0131273
0.105108 0.0113136
0.105221 0.0105364
0.104994 0.0152
0.106993 0.00690909
0.104918 0
0.105909 0.0019
0.10591 0.00095
0.105994 0.0038
0.105903 0.00483636
0.106176 0.00587273
0.106948 0.00846364
0.10763 0.00794545
0.106448 0.00898182
0.105994 0.0100182
0.105994 0.0120909
0.105994 0.0141636
0.105994 0.0131273
0.105994 0.0110545
0.105994 0.0152
0.106675 0.0105364
0.106993 0.00587273
0.10772 0.00690909
0.10591 0
0.106901 0.0019
0.106902 0.00095
0.106993 0.0038
0.106993 0.00483636
0.107539 0.00898182
0.10838 0.00859308
0.108659 0.00771862
0.107448 0.0100182
0.106721 0.0120909
0.107175 0.0131273
0.106903 0.0141636
0.107357 0.0110545
0.106993 0.0152
0.107811 0.00587273
0.108575 0.00668692
0.106902 0
0.107893 0.0019
0.107893 0.00095
0.107993 0.0038
0.107902 0.00483636
0.10943 0.00646475
0.10838 0.00944808
0.109222 0.00820433
0.109222 0.00905934
0.110064 0.00781559
0.108523 0.0103419
0.107993 0.0120909
0.107993 0.0131273
0.107993 0.0141636
0.108258 0.0112164
0.107993 0.0152
0.108762 0.00564214
0.107894 0
0.108885 0.0019
0.108885 0.00095
0.108993 0.0038
0.108865 0.00466343
0.109712 0.00541156
0.110284 0.00624259
0.110741 0.00700586
0.109222 0.00991434
0.110064 0.00867059
0.110064 0.00952559
0.110906 0.00796123
0.109222 0.0110543
0.108744 0.0124797
0.108744 0.0144226
0.108744 0.0133863
0.109427 0.012026
0.108993 0.0152
0.108886 0
0.109877 0.0019
0.109877 0.00095
0.109992 0.0038
0.109827 0.00449049
0.110662 0.00518098
0.111747 0.00703811
0.111139 0.00602042
0.110064 0.0103806
0.111186 0.00886477
0.110906 0.00988498
0.111747 0.00810686
0.110109 0.0115724
0.109495 0.0128684
0.109708 0.0144599
0.109495 0.0136452
0.110178 0.0124148
0.109992 0.0152
0.109877 0
0.112331 0.00656195
0.112569 0.0075007
0.110869 0.0019
0.110869 0.00095
0.110992 0.0038
0.111595 0.00504195
0.111996 0.00587147
0.110673 0.0109894
0.111747 0.0102444
0.112248 0.00936986
0.112546 0.00851238
0.110997 0.0120905
0.11066 0.0145095
0.110246 0.0132571
0.110992 0.0152
0.110869 0
0.113332 0.00725244
0.113198 0.00628391
0.113285 0.00824084
0.111861 0
0.111861 0.0019
0.112357 0.00095
0.111992 0.0038
0.112496 0.00483342
0.113248 0.00535013
0.111747 0.0113131
0.112498 0.0105357
0.113249 0.00975835
0.111854 0.0122394
0.111496 0.0131285
0.111595 0.013958
0.111992 0.0152
0.114 0.00690488
0.114 0.00794293
0.114 0.00586684
0.114 0.00898098
0.112853 0
0.112853 0.0019
0.113374 0.000862323
0.112991 0.0038
0.114 0.00482886
0.112498 0.0113143
0.113249 0.0106666
0.114 0.010019
0.112664 0.012438
0.112397 0.0133371
0.112661 0.0145111
0.112991 0.0152
0.114 0
0.114 0.0019
0.114 0.0152
0.114 0.0038
0.113332 0.0117476
0.114 0.0110571
0.113248 0.0128713
0.113331 0.0138221
0.114 0.0141711
0.114 0.0120951
0.114 0.0131332
