0.095 0.00690488
0.095 0.00586684
0.095 0.00794293
0.095 0.00898098
0.095 0.010019
0.0941655 0.00725244
0.095 0.0038
0.095 0.00482886
0.094248 0.00612866
0.0943306 0.00517789
0.095 0.0152
0.095 0.0110571
0.095 0.0120951
0.095 0.0131332
0.095 0.0141711
0.0942491 0.00833335
0.0942491 0.00924165
0.0942491 0.0106666
0.0936641 0.00656195
0.0934983 0.00768573
0.0939914 0.0038
0.093397 0.00566293
0.093496 0.00483342
0.095 0
0.095 0.0019
0.0939914 0.0152
0.0943321 0.0117476
0.094248 0.0128713
0.0943306 0.0138221
0.0936612 0.0145111
0.0935694 0.0114993
0.0934983 0.00846427
0.093248 0.00963014
0.0929977 0.010796
0.0924964 0.00587147
0.0927474 0.00703811
0.0925597 0.00781588
0.0929917 0.0038
0.0920784 0.00518098
0.0927441 0.00457622
0.0943736 0.000862352
0.093853 0
0.0938529 0.0019
0.095 0.019
0.095 0.0171
0.093853 0.019
0.0929917 0.0152
0.0933309 0.012438
0.093397 0.0133371
0.0927441 0.0144238
0.0927474 0.0119619
0.0921217 0.0107829
0.092372 0.00859365
0.0918088 0.00917005
0.0919653 0.0099765
0.0919965 0.00639049
0.0918088 0.00752404
0.0919921 0.0038
0.0912457 0.00574287
0.0916603 0.00449049
0.093357 0.00095
0.0928612 0
0.0928609 0.0019
0.0938529 0.01805
0.0938529 0.0171
0.0928612 0.019
0.0928609 0.0171
0.0919921 0.0152
0.0921387 0.0129796
0.0916603 0.0145095
0.0923283 0.013819
0.0918088 0.0117351
0.0915273 0.0124961
0.0912457 0.0107699
0.0912457 0.00872304
0.0912457 0.00974645
0.0908702 0.00800996
0.0909954 0.00656336
0.0903697 0.00602367
0.0909924 0.0038
0.0904948 0.00509524
0.0923651 0.00095
0.0918693 0
0.0918689 0.0019
0.0908775 0
0.092861 0.01805
0.0918693 0.019
0.0918689 0.0171
0.0909924 0.0152
0.0907081 0.0144599
0.0912457 0.0132571
0.0904948 0.0125229
0.0904948 0.0101738
0.0908702 0.0115082
0.0901194 0.00885243
0.0900568 0.00779433
0.0899942 0.00673622
0.089744 0.00548399
0.0899928 0.0038
0.089744 0.00457738
0.0908772 0.00095
0.090877 0.0019
0.0898857 0
0.0913732 0.01805
0.0908775 0.019
0.090877 0.0171
0.0899928 0.0152
0.0898506 0.0137936
0.089744 0.00957783
0.0895622 0.0124797
0.0893685 0.0103162
0.0899317 0.0112814
0.089525 0.00838807
0.0889931 0.00898182
0.089259 0.00764858
0.0889931 0.00587273
0.0889931 0.00690909
0.0889931 0.00483636
0.0889931 0.0038
0.0898853 0.00095
0.089885 0.0019
0.0888938 0
0.088893 0.0019
0.0903813 0.01805
0.0898857 0.019
0.089885 0.0171
0.0889931 0.0152
0.0889022 0.0141636
0.0889931 0.0131273
0.0885387 0.0100182
0.0887205 0.0120909
0.0889931 0.0110545
0.0882206 0.00898182
0.0883569 0.00794545
0.0879934 0.00690909
0.0881752 0.00587273
0.0879934 0.00483636
0.0879934 0.0038
0.0888934 0.00095
0.087902 0
0.0879011 0.0019
0.0888938 0.019
0.0893894 0.01805
0.088893 0.0171
0.087902 0.019
0.0879025 0.0141636
0.0879934 0.0152
0.0877208 0.0120909
0.0878117 0.0131273
0.0877662 0.0100182
0.0876299 0.0110545
0.0874482 0.00898182
0.0869938 0.00587273
0.0869938 0.00794545
0.0872664 0.00690909
0.0870846 0.00483636
0.0869938 0.0038
0.0874056 0.00095
0.0869102 0
0.0869091 0.0019
0.0879015 0.01805
0.0879011 0.0171
0.0869102 0.019
0.0859941 0.0152
0.0869938 0.0141636
0.0869938 0.0152
0.0869938 0.0120909
0.086812 0.0131273
0.0869938 0.0100182
0.0866302 0.0110545
0.0861759 0.00794545
0.0864485 0.00898182
0.0861759 0.00587273
0.0862667 0.00690909
0.0859941 0.0038
0.086085 0.00483636
0.0864137 0.00095
0.0859183 0
0.0859171 0.0019
0.0869096 0.01805
0.0869091 0.0171
0.0859183 0.019
0.0859171 0.0171
0.0849944 0.0152
0.0859941 0.0131273
0.0859941 0.0141636
0.0859941 0.0120909
0.0849944 0.0141636
0.0859941 0.0100182
0.0858123 0.0110545
0.0849944 0.00898182
0.0853579 0.00794545
0.0849944 0.00690909
0.0851762 0.00587273
0.0849944 0.0038
0.0849944 0.00483636
0.0849265 0
0.0854218 0.00095
0.0849252 0.0019
0.0859177 0.01805
0.0849265 0.019
0.0849252 0.0171
0.0839948 0.0152
0.0849944 0.0120909
0.0844492 0.0136455
0.0849944 0.0131273
0.0839039 0.0141636
0.0849944 0.0100182
0.084222 0.00898182
0.0849944 0.0110545
0.0839948 0.00794545
0.0842674 0.00690909
0.0839948 0.00587273
0.0839948 0.0038
0.0840856 0.00483636
0.0839347 0
0.0844299 0.00095
0.0839332 0.0019
0.0829428 0
0.0844299 0.01805
0.0839347 0.019
0.0839332 0.0171
0.0829428 0.019
0.0829951 0.0152
0.0839948 0.0120909
0.083813 0.0131273
0.0829951 0.0141636
0.0839948 0.0100182
0.0834495 0.00898182
0.0836313 0.0110545
0.0834495 0.00535455
0.0829951 0.00794545
0.0832677 0.00690909
0.0828134 0.00587273
0.0829951 0.0038
0.0829042 0.00483636
0.082942 0.00095
0.0829412 0.0019
0.081951 0
0.082942 0.01805
0.0829412 0.0171
0.081951 0.019
0.0819954 0.0152
0.0819954 0.0141636
0.0818137 0.0131273
0.0829951 0.0120909
0.0829951 0.0131273
0.0829951 0.0100182
0.0825407 0.00898182
0.082359 0.0110545
0.0819954 0.00794545
0.0819954 0.00690909
0.0819954 0.00587273
0.0819954 0.00483636
0.0819954 0.0038
0.0819501 0.00095
0.0819493 0.0019
0.0809573 0.0019
0.0809592 0
0.0819501 0.01805
0.0819493 0.0171
0.0809592 0.019
0.0809958 0.0152
0.0809049 0.0141636
0.0809958 0.0131273
0.0819954 0.0120909
0.0816319 0.0110545
0.0809049 0.00846364
0.0814502 0.00898182
0.0819954 0.0100182
0.0810867 0.00768636
0.0812684 0.00690909
0.0809958 0.00587273
0.0803596 0.00794545
0.0809958 0.00483636
0.0809958 0.0038
0.0809582 0.00095
0.0799653 0.0019
0.0799673 0
0.0809582 0.01805
0.0809573 0.0171
0.0799673 0.019
0.0799961 0.0152
0.0799052 0.0141636
0.0799961 0.0131273
0.0807231 0.0120909
0.0810867 0.0105364
0.0809049 0.0113136
0.0799961 0.00898182
0.0805414 0.0100182
0.0799961 0.00690909
0.0801779 0.00587273
0.07936 0.00794545
0.0789965 0.00690909
0.0799961 0.00483636
0.0799961 0.0038
0.0794704 0.00095
0.0789734 0.0019
0.0789755 0
0.0799663 0.01805
0.0799653 0.0171
0.0789755 0.019
0.0789734 0.0171
0.0789965 0.0152
0.0789056 0.0141636
0.0788147 0.0131273
0.0797235 0.0120909
0.0799961 0.0110545
0.0792236 0.00898182
0.0795417 0.0100182
0.0787238 0.0120909
0.0784512 0.00898182
0.0791782 0.00587273
0.0783603 0.00794545
0.0782694 0.00690909
0.0789965 0.00483636
0.0789965 0.0038
0.0779814 0.0019
0.0784785 0.00095
0.0779837 0
0.0789744 0.01805
0.0779837 0.019
0.0779814 0.0171
0.0779968 0.0152
0.0779059 0.0141636
0.077815 0.0131273
0.0786329 0.0110545
0.0785421 0.0100182
0.0777242 0.0120909
0.0774515 0.00898182
0.0775424 0.0100182
0.0773606 0.00794545
0.0779968 0.00587273
0.0774973 0.00690909
0.0780877 0.00483636
0.0779968 0.0038
0.0769895 0.0019
0.0774866 0.00095
0.0769918 0
0.0774866 0.01805
0.0769918 0.019
0.0769895 0.0171
0.0769971 0.0152
0.0769971 0.0141636
0.0765439 0.00898182
0.0769971 0.0131273
0.0776333 0.0110545
0.0769525 0.0105364
0.0769971 0.0120909
0.0764532 0.0100182
0.0766345 0.00794545
0.0767252 0.00690909
0.0771789 0.00587273
0.0769065 0.00483636
0.0769971 0.0038
0.076 0.0019
0.076 0
0.076 0.00095
0.0758365 0.00777046
0.076 0.0152
0.0764947 0.01805
0.076 0.019
0.076 0.0171
0.0760906 0.0141636
0.0761813 0.0131273
0.0754391 0.00854205
0.0757458 0.00975909
0.0762719 0.0120909
0.0763626 0.0110545
0.0755993 0.0104443
0.0750384 0.0142614
0.076 0.00690909
0.076 0.00483636
0.076 0.00587273
0.076 0.0038
0.0750384 0.00191362
0.075 0
0.0750192 0.000956811
0.0750384 0.00759546
0.0750384 0.0152136
0.075 0.019
0.0755192 0.0180432
0.0750384 0.0170864
0.0750384 0.0123568
0.0750384 0.0133091
0.0746507 0.0085645
0.0750384 0.0095
0.0750384 0.0114045
0.0744956 0.0104757
0.0741854 0.0142982
0.0748058 0.00665325
0.0749609 0.004742
0.0750384 0.00569092
0.0750384 0.00378638
0.0741078 0.00195387
0.074 0
0.0735798 0.00100221
0.0741078 0.00758204
0.074 0.019
0.0741078 0.0152539
0.0741078 0.0170461
0.0740548 0.0180068
0.0741078 0.0133359
0.0736423 0.0127589
0.0743405 0.012387
0.0737211 0.00842247
0.0741078 0.0095
0.0733559 0.00920706
0.0741078 0.011418
0.0736423 0.0107433
0.07315 0.0142678
0.0741078 0.00662306
0.0741078 0.00470511
0.0739548 0.00559621
0.0741078 0.00374613
0.07315 0.00202728
0.073 0
0.0725685 0.00100221
0.07315 0.00685124
0.07315 0.00791074
0.073 0.019
0.07315 0.0153273
0.07315 0.0169727
0.0725685 0.0179978
0.0729529 0.0131837
0.07315 0.0121488
0.0725586 0.00889641
0.07315 0.0100298
0.0727557 0.01104
0.0720657 0.0132944
0.0720657 0.0143785
0.07315 0.00579173
0.07315 0.00473223
0.07315 0.00367272
0.0720657 0.00216264
0.0717876 0.00110997
0.072 0
0.0716896 0.00634828
0.0723614 0.00675279
0.0720657 0.00787383
0.0716311 0.00880157
0.072 0.019
0.0720657 0.0154626
0.0720657 0.0168374
0.0710637 0.0147929
0.0715255 0.0179336
0.0720657 0.0122103
0.0720657 0.0100421
0.0718805 0.011156
0.0710637 0.0130286
0.0710637 0.0139107
0.0720657 0.00570559
0.0721643 0.00460917
0.0720657 0.00353736
0.0710637 0.002375
0.0710637 0.003325
0.0710637 0.00597143
0.0710325 0.00121418
0.071 0
0.069881 0.00193144
0.0710637 0.00685357
0.0710637 0.00773571
0.070949 0.00847791
0.0710637 0.0095
0.071 0.019
0.0703 0.0143767
0.0708483 0.0174905
0.0710637 0.015675
0.0710637 0.016625
0.0703 0.0152633
0.0703646 0.0181858
0.0710637 0.0121464
0.0710637 0.0103821
0.0710637 0.0112643
0.0703 0.0126033
0.0703 0.01349
0.0710637 0.00508929
0.0710637 0.00420714
0.0703 0.00285
0.0703545 0.00376607
0.0704636 0.00559821
0.0703 0.00639667
0.07 0
0.0701033 0.000981606
0.0691801 0.00146232
0.069423 0.00250762
0.0703 0.00728333
0.0703 0.00817
0.0703 0.00905667
0.0703 0.00994333
0.07 0.019
0.0695615 0.0145162
0.0702033 0.0170686
0.0703 0.01615
0.0696914 0.0156668
0.0694478 0.0180184
0.0694352 0.0172447
0.0703 0.0117167
0.0703 0.01083
0.0697461 0.0131513
0.0695615 0.0122995
0.0691922 0.0136992
0.0703 0.00462333
0.0697153 0.00321285
0.0695249 0.00398211
0.0695405 0.0057043
0.0694853 0.00651534
0.069 0
0.0685978 0.000740746
0.0681223 0.00127745
0.0685658 0.00206547
0.0688224 0.00296013
0.0695537 0.00851393
0.0694693 0.00763464
0.0695579 0.0103704
0.0694314 0.0094995
0.0688074 0.00885785
0.0688059 0.0145709
0.069 0.019
0.0690828 0.0151836
0.069423 0.0164924
0.0685978 0.0182593
0.0685658 0.0169345
0.0681223 0.0177225
0.0691868 0.0110273
0.068823 0.0128823
0.0684531 0.0120641
0.0683923 0.0138748
0.0693344 0.00475136
0.068837 0.00388775
0.0686173 0.00581039
0.0686705 0.00663401
0.068 0
0.0673823 0.000635492
0.0676468 0.00181416
0.0679295 0.0027074
0.0681492 0.00379339
0.0684525 0.00756827
0.0678441 0.00675439
0.0685628 0.0102379
0.0683099 0.00938269
0.0677872 0.00857047
0.0675082 0.0149001
0.0681173 0.0154644
0.068 0.019
0.0680332 0.0163142
0.0673823 0.0183645
0.0676468 0.0171858
0.0680737 0.0112246
0.0679787 0.0131787
0.0675187 0.0123806
0.067439 0.0137572
0.0668992 0.0143357
0.0683689 0.00487938
0.0673401 0.00417944
0.0676803 0.00591806
0.067 0
0.0663935 0.000635492
0.0667784 0.00125687
0.0668849 0.0022452
0.0672932 0.00334932
0.0675033 0.00748986
0.0670039 0.00687677
0.0676942 0.0103852
0.0673148 0.0095457
0.0669353 0.00870623
0.0666486 0.0153187
0.0670857 0.0159668
0.067 0.019
0.0663935 0.0183645
0.0668504 0.0168275
0.0667784 0.0177431
0.0662115 0.0146706
0.067077 0.011377
0.0666703 0.0120432
0.0668359 0.0132472
0.0662902 0.0137713
0.067387 0.00500956
0.066657 0.00399124
0.0666947 0.00582919
0.066 0
0.0658228 0.00110204
0.066052 0.00201735
0.0663208 0.00311361
0.0653002 0.0018573
0.0665533 0.00786117
0.0661637 0.00699914
0.0660553 0.00876418
0.0667708 0.0107028
0.0663716 0.00963519
0.0660541 0.0164691
0.0658462 0.0156704
0.066 0.019
0.0658228 0.017898
0.0659384 0.0171835
0.0653441 0.0150919
0.0654305 0.014073
0.0662748 0.0113677
0.0657788 0.0120327
0.0656498 0.0130135
0.065 0.019
0.0663857 0.00514233
0.06595 0.00440986
0.0656578 0.00376334
0.0657741 0.00613712
0.065 0
0.0648973 0.000740746
0.0650072 0.00272622
0.0645484 0.00169724
0.065228 0.00724936
0.0655461 0.00814234
0.0651752 0.00882212
0.0654283 0.00972468
0.0656149 0.0105126
0.0652577 0.0161107
0.0648973 0.0182593
0.0650776 0.0174235
0.0648089 0.0136195
0.0644358 0.0157409
0.0645502 0.014382
0.065067 0.0116841
0.0643819 0.0126455
0.064 0.019
0.0653844 0.00527509
0.0649948 0.00441307
0.0645994 0.00353831
0.0649226 0.00635284
0.0637997 0.00326916
0.064 0
0.0641486 0.000812662
0.0637997 0.00176916
0.0641995 0.00265374
0.0642924 0.00749957
0.0645388 0.00842352
0.0643149 0.00947517
0.0645028 0.0104092
0.0635873 0.0164745
0.0643324 0.016949
0.0639224 0.0181296
0.0635478 0.0157245
0.0637729 0.0138097
0.0636698 0.014691
0.0639548 0.0116715
0.0633864 0.0129049
0.0635409 0.0107046
0.063 0.019
0.0629474 0.018
0.0641922 0.00513755
0.0639974 0.00420653
0.0640712 0.00656856
0.0636929 0.00571091
0.063 0.003
0.063 0.004
0.063 0
0.0633998 0.000884579
0.063 0.002
0.0633279 0.00699978
0.0634673 0.00796485
0.0635066 0.00871167
0.0634989 0.00990773
0.0628421 0.016
0.0628947 0.017
0.0627895 0.015
0.0627368 0.014
0.0625263 0.01
0.063 0.012
0.0626842 0.013
0.0625789 0.011
0.062 0.019
0.062 0.018
0.063 0.005
0.0631935 0.00628428
0.062 0
0.0622632 0.005
0.0621579 0.003
0.0622105 0.004
0.0621053 0.002
0.0620526 0.001
0.0623684 0.007
0.0624211 0.008
0.0624737 0.009
0.062 0.016
0.0618947 0.017
0.0617895 0.015
0.062 0.014
0.0617632 0.01
0.062 0.012
0.0616842 0.013
0.0615789 0.011
0.061 0.019
0.061 0.018
0.0623158 0.006
0.0610526 0.001
0.061 0
0.0612632 0.005
0.0611579 0.003
0.061 0.004
0.061 0.002
0.0613684 0.007
0.061 0.008
0.0614737 0.009
0.0608947 0.017
0.061 0.016
0.0607895 0.015
0.061 0.014
0.061 0.01
0.061 0.012
0.0606842 0.013
0.0605789 0.011
0.06 0.019
0.0598947 0.017
0.0599474 0.018
0.061 0.006
0.0600526 0.001
0.06 0
0.0602632 0.005
0.0601579 0.003
0.06 0.004
0.06 0.002
0.0603684 0.007
0.06 0.008
0.0604737 0.009
0.0596842 0.013
0.0597895 0.015
0.0598421 0.016
0.0597368 0.014
0.0595789 0.011
0.06 0.01
0.0596316 0.012
0.059 0.019
0.059 0.017
0.0589474 0.018
0.06 0.006
0.059 0.001
0.059 0
0.059 0.005
0.059 0.004
0.059 0.003
0.059 0.002
0.0592105 0.008
0.059 0.007
0.0594737 0.009
0.0588421 0.013
0.059 0.015
0.0588421 0.016
0.0587368 0.014
0.0587895 0.011
0.0585263 0.01
0.0586316 0.012
0.058 0.019
0.058 0.017
0.058 0.018
0.059 0.006
0.058 0.001
0.058 0
0.058 0.005
0.0577895 0.004
0.058 0.003
0.0578947 0.002
0.0584211 0.008
0.058 0.007
0.058 0.009
0.058 0.013
0.058 0.015
0.058 0.016
0.058 0.014
0.058 0.011
0.0574737 0.01
0.0573684 0.012
0.057 0.019
0.0569474 0.018
0.057 0.017
0.0576842 0.006
0.057 0
0.057 0.002
0.057 0.001
0.057 0.004
0.057 0.005
0.057 0.003
0.0575789 0.008
0.057 0.007
0.057 0.009
0.057 0.013
0.057 0.015
0.0568421 0.016
0.0567368 0.014
0.057 0.011
0.0565263 0.01
0.0566316 0.012
0.056 0.019
0.056 0.018
0.0558947 0.017
0.056 0
0.0563158 0.006
0.056 0.001
0.056 0.005
0.0561053 0.002
0.0562105 0.004
0.056 0.003
0.0564211 0.008
0.0561842 0.007
0.0562368 0.009
0.0556842 0.013
0.0558421 0.016
0.0557895 0.015
0.0557368 0.014
0.0555789 0.011
0.0555263 0.01
0.0556316 0.012
0.055 0.019
0.0549474 0.018
0.0548947 0.017
0.054 0
0.055 0
0.0550526 0.001
0.0553158 0.006
0.055 0.002
0.0552632 0.005
0.0551579 0.003
0.055 0.004
0.0554211 0.008
0.0553684 0.007
0.0554737 0.009
0.0548421 0.013
0.0547895 0.015
0.0548421 0.016
0.0547368 0.014
0.0547895 0.011
0.0545263 0.01
0.0546316 0.012
0.054 0.019
0.0539474 0.018
0.054 0.017
0.053 0
0.0541053 0.002
0.054 0.001
0.0543158 0.006
0.054 0.003
0.054 0.005
0.0542105 0.004
0.0544211 0.008
0.054 0.007
0.054 0.009
0.054 0.013
0.0537368 0.014
0.0538421 0.016
0.054 0.015
0.054 0.011
0.0535263 0.01
0.0536316 0.012
0.053 0.019
0.053 0.018
0.053 0.016
0.053 0.017
0.052 0
0.053 0.001
0.0520526 0.001
0.0531053 0.002
0.0533158 0.006
0.053 0.003
0.053 0.005
0.0532105 0.004
0.0534211 0.008
0.053 0.007
0.053 0.009
0.053 0.013
0.053 0.014
0.053 0.015
0.053 0.011
0.0527632 0.01
0.0528158 0.012
0.051 0
0.052 0.019
0.052 0.018
0.052 0.017
0.052 0.015
0.052 0.016
0.052 0.007
0.051 0.001
0.052 0.002
0.0511053 0.002
0.0521579 0.003
0.052 0.006
0.052 0.004
0.0522632 0.005
0.052 0.009
0.052 0.008
0.052 0.013
0.052 0.014
0.052 0.01
0.052 0.012
0.052 0.011
0.05 0
0.051 0.019
0.0509474 0.018
0.051 0.017
0.0508421 0.016
0.051 0.015
0.051 0.007
0.05 0.001
0.05 0.002
0.051 0.003
0.0512105 0.004
0.051 0.006
0.051 0.005
0.051 0.009
0.051 0.008
0.0507368 0.014
0.051 0.01
0.051 0.012
0.051 0.013
0.051 0.011
0.049 0
0.049 0.001
0.05 0.019
0.05 0.018
0.05 0.016
0.0498947 0.017
0.0497895 0.015
0.0501842 0.007
0.0491053 0.002
0.05 0.003
0.05 0.004
0.05 0.005
0.05 0.006
0.0502368 0.009
0.05 0.008
0.05 0.014
0.05 0.01
0.05 0.012
0.0496842 0.013
0.0495789 0.011
0.048 0
0.048 0.001
0.048 0.002
0.049 0.019
0.0489474 0.018
0.0488421 0.016
0.049 0.017
0.049 0.015
0.0493684 0.007
0.049 0.003
0.0492105 0.004
0.048 0.003
0.049 0.006
0.049 0.005
0.0494737 0.009
0.049 0.008
0.0487368 0.014
0.049 0.01
0.0488421 0.013
0.049 0.012
0.0487895 0.011
0.047 0.003
0.047 0
0.047 0.001
0.0468947 0.002
0.048 0.019
0.048 0.018
0.048 0.016
0.0478947 0.017
0.0477895 0.015
0.048 0.007
0.048 0.004
0.048 0.005
0.048 0.006
0.048 0.009
0.048 0.008
0.048 0.013
0.048 0.014
0.048 0.01
0.048 0.012
0.048 0.011
0.0467895 0.004
0.046 0.003
0.046 0.002
0.046 0
0.046 0.001
0.047 0.019
0.047 0.018
0.047 0.016
0.047 0.017
0.047 0.014
0.047 0.015
0.047 0.007
0.047 0.005
0.047 0.006
0.047 0.009
0.047 0.008
0.047 0.012
0.047 0.013
0.047 0.01
0.047 0.011
0.045 0
0.046 0.005
0.046 0.004
0.0451579 0.003
0.045 0.002
0.045 0.001
0.046 0.019
0.046 0.018
0.0458947 0.017
0.046 0.016
0.0457895 0.015
0.046 0.014
0.0461842 0.007
0.046 0.006
0.0462368 0.009
0.046 0.008
0.046 0.012
0.0456842 0.013
0.046 0.01
0.0455789 0.011
0.044 0
0.0440526 0.001
0.0452632 0.005
0.045 0.004
0.0441579 0.003
0.0441053 0.002
0.045 0.019
0.0448947 0.017
0.045 0.018
0.045 0.016
0.0447895 0.015
0.045 0.014
0.045 0.006
0.0453684 0.007
0.045 0.008
0.0454737 0.009
0.0446842 0.013
0.045 0.012
0.0445789 0.011
0.045 0.01
0.043 0
0.0430526 0.001
0.0431053 0.002
0.0442632 0.005
0.0442105 0.004
0.0441579 0.006
0.0432105 0.004
0.0431579 0.003
0.044 0.019
0.044 0.017
0.0439474 0.018
0.0438421 0.016
0.044 0.015
0.0437368 0.014
0.0442105 0.008
0.0443684 0.007
0.0444737 0.009
0.0436842 0.013
0.0437895 0.011
0.0436316 0.012
0.0435263 0.01
0.042 0
0.042 0.001
0.0421053 0.002
0.0432632 0.005
0.0433158 0.006
0.042 0.003
0.0422105 0.004
0.043 0.019
0.0429474 0.018
0.0428421 0.016
0.0428947 0.017
0.0427895 0.015
0.0427368 0.014
0.0434211 0.008
0.043 0.007
0.043 0.009
0.0426842 0.013
0.043 0.011
0.0426316 0.012
0.0425263 0.01
0.0410526 0.001
0.041 0
0.0411579 0.003
0.041 0.002
0.0421842 0.007
0.042 0.005
0.0423158 0.006
0.0412632 0.005
0.041 0.004
0.042 0.019
0.0419474 0.018
0.0418421 0.016
0.0418947 0.017
0.0417368 0.014
0.0417895 0.015
0.0422368 0.009
0.0424211 0.008
0.0417632 0.01
0.0418158 0.012
0.0416842 0.013
0.0415789 0.011
0.04 0
0.0400526 0.001
0.0401579 0.003
0.04 0.002
0.0413684 0.007
0.041 0.006
0.0402632 0.005
0.04 0.004
0.041 0.019
0.041 0.018
0.041 0.016
0.0408947 0.017
0.041 0.014
0.0407895 0.015
0.041 0.008
0.0414737 0.009
0.041 0.01
0.0406842 0.013
0.041 0.012
0.0405789 0.011
0.0395789 0.011
0.0392105 0.004
0.0391053 0.002
0.039 0
0.0390526 0.001
0.0391579 0.003
0.0401579 0.006
0.0403684 0.007
0.0393158 0.006
0.0392632 0.005
0.0396842 0.013
0.04 0.018
0.04 0.019
0.0398947 0.017
0.0397895 0.015
0.04 0.016
0.0397368 0.014
0.0402105 0.008
0.0404737 0.009
0.0395263 0.01
0.0396316 0.012
0.0387895 0.011
0.039 0.019
0.0382105 0.004
0.0381053 0.002
0.038 0
0.038 0.001
0.038 0.003
0.037 0
0.0394211 0.008
0.0393684 0.007
0.0383158 0.006
0.038 0.005
0.0388421 0.013
0.039 0.017
0.039 0.018
0.039 0.015
0.039 0.016
0.0387368 0.014
0.0394737 0.009
0.0385263 0.01
0.0386316 0.012
0.038 0.011
0.038 0.019
0.0372105 0.004
0.0371053 0.002
0.037 0.001
0.037 0.003
0.036 0
0.0384211 0.008
0.038 0.007
0.0373158 0.006
0.037 0.005
0.038 0.013
0.038 0.017
0.0379474 0.018
0.0378421 0.016
0.038 0.015
0.0377368 0.014
0.0375263 0.01
0.038 0.009
0.0376316 0.012
0.037 0.011
0.037 0.018
0.037 0.019
0.0362105 0.004
0.0361053 0.002
0.0359474 0.001
0.0358421 0.003
0.035 0.001
0.035 0
0.0374211 0.008
0.037 0.007
0.0357368 0.005
0.036 0.006
0.037 0.013
0.037 0.016
0.037 0.017
0.037 0.015
0.037 0.014
0.036 0.015
0.0367632 0.01
0.037 0.009
0.0368158 0.012
0.0362105 0.011
0.036 0.017
0.036 0.018
0.036 0.019
0.035 0.005
0.035 0.003
0.035 0.004
0.035 0.002
0.0340526 0.001
0.034 0
0.036 0.008
0.0356316 0.007
0.035 0.006
0.0361579 0.013
0.036 0.016
0.036 0.014
0.0352105 0.015
0.036 0.01
0.0355263 0.009
0.036 0.012
0.0354211 0.011
0.035 0.019
0.0351053 0.017
0.035 0.018
0.0341579 0.006
0.0342632 0.005
0.034 0.004
0.0341579 0.003
0.034 0.002
0.033 0
0.033 0.001
0.033 0.002
0.035 0.008
0.0343684 0.007
0.0353158 0.013
0.035 0.016
0.0343947 0.0155
0.0343947 0.0145
0.035 0.014
0.035 0.01
0.0344737 0.009
0.0345789 0.011
0.035 0.012
0.034 0.019
0.0338947 0.017
0.0339474 0.018
0.032 0
0.0333158 0.006
0.0332105 0.004
0.033 0.005
0.033 0.003
0.032 0.001
0.0321053 0.002
0.0342105 0.008
0.0334211 0.008
0.033 0.007
0.034 0.013
0.0337895 0.015
0.0338421 0.016
0.0337368 0.014
0.0337895 0.011
0.0335263 0.01
0.033 0.009
0.0336316 0.012
0.033 0.019
0.033 0.017
0.0329474 0.018
0.03 0
0.0310526 0.001
0.031 0
0.0323158 0.006
0.032 0.005
0.0322105 0.004
0.032 0.003
0.031 0.002
0.0311579 0.003
0.0324211 0.008
0.032 0.007
0.033 0.013
0.033 0.015
0.0328421 0.016
0.0327368 0.014
0.033 0.011
0.0325263 0.01
0.032 0.009
0.0326316 0.012
0.032 0.019
0.032 0.018
0.032 0.016
0.032 0.017
0.029 0
0.03 0.002
0.03 0.001
0.031 0.007
0.031 0.006
0.0312632 0.005
0.031 0.004
0.03 0.003
0.03 0.004
0.031 0.008
0.032 0.014
0.032 0.013
0.032 0.015
0.031 0.009
0.032 0.011
0.0317632 0.01
0.0318158 0.012
0.031 0.019
0.0309474 0.018
0.0308947 0.017
0.031 0.016
0.0307895 0.015
0.028 0
0.029 0.001
0.0280526 0.001
0.0291053 0.002
0.0301579 0.006
0.03 0.007
0.03 0.005
0.029 0.003
0.0292105 0.004
0.03 0.009
0.03 0.008
0.031 0.013
0.031 0.014
0.031 0.01
0.031 0.011
0.031 0.012
0.03 0.019
0.0299474 0.018
0.03 0.017
0.0298421 0.016
0.03 0.015
0.0297368 0.014
0.027 0
0.027 0.001
0.028 0.002
0.0271053 0.002
0.0281579 0.003
0.0291842 0.007
0.0293158 0.006
0.029 0.005
0.0282632 0.005
0.028 0.004
0.03 0.01
0.0292368 0.009
0.029 0.008
0.03 0.012
0.03 0.013
0.03 0.011
0.029 0.019
0.029 0.018
0.0288947 0.017
0.029 0.016
0.029 0.014
0.0287895 0.015
0.026 0
0.026 0.001
0.0261053 0.002
0.027 0.003
0.0272105 0.004
0.0283684 0.007
0.028 0.006
0.027 0.006
0.027 0.005
0.029 0.01
0.0284737 0.009
0.028 0.008
0.027 0.008
0.029 0.012
0.0286842 0.013
0.0285789 0.011
0.028 0.019
0.028 0.017
0.028 0.018
0.028 0.015
0.028 0.016
0.028 0.014
0.025 0
0.0249474 0.001
0.0251053 0.002
0.026 0.003
0.0262105 0.004
0.027 0.007
0.0261579 0.006
0.026 0.005
0.028 0.01
0.027 0.009
0.0262105 0.008
0.028 0.012
0.0278421 0.013
0.0277895 0.011
0.027 0.019
0.027 0.017
0.027 0.018
0.027 0.015
0.027 0.016
0.027 0.014
0.027 0.013
0.024 0.001
0.024 0.002
0.024 0
0.0248421 0.003
0.024 0.003
0.0252105 0.004
0.026 0.007
0.0247368 0.005
0.0253158 0.006
0.027 0.011
0.027 0.01
0.026 0.009
0.0254211 0.008
0.027 0.012
0.026 0.019
0.0259474 0.018
0.026 0.017
0.026 0.015
0.0258421 0.016
0.0257368 0.014
0.026 0.013
0.0231579 0.003
0.023 0.002
0.0230526 0.001
0.023 0
0.024 0.004
0.024 0.005
0.0246316 0.007
0.024 0.006
0.026 0.011
0.0255263 0.01
0.0245263 0.009
0.024 0.008
0.0256316 0.012
0.025 0.019
0.025 0.018
0.025 0.016
0.025 0.017
0.025 0.015
0.025 0.014
0.025 0.013
0.023 0.004
0.0222105 0.004
0.0221053 0.002
0.022 0.003
0.022 0
0.022 0.001
0.0232632 0.005
0.0233684 0.007
0.0231579 0.006
0.025 0.011
0.0244737 0.01
0.0234737 0.009
0.023 0.008
0.0243684 0.012
0.024 0.019
0.0240526 0.018
0.024 0.017
0.0241579 0.016
0.024 0.015
0.0242632 0.014
0.024 0.013
0.022 0.005
0.0212105 0.004
0.0211053 0.002
0.0211579 0.003
0.021 0
0.0210526 0.001
0.0223158 0.006
0.0223684 0.007
0.024 0.011
0.023 0.01
0.0222105 0.008
0.0224737 0.009
0.023 0.013
0.023 0.012
0.023 0.019
0.023 0.017
0.023 0.018
0.023 0.015
0.023 0.016
0.023 0.014
0.0213158 0.006
0.0212632 0.005
0.0202105 0.004
0.0201053 0.002
0.02 0.003
0.02 0
0.02 0.001
0.0214211 0.008
0.0213684 0.007
0.023 0.011
0.0223158 0.0115
0.0222895 0.0105
0.0214737 0.009
0.0215263 0.01
0.022 0.013
0.0216316 0.012
0.022 0.019
0.022 0.017
0.0219474 0.018
0.022 0.015
0.0218421 0.016
0.0217368 0.014
0.0203158 0.006
0.02 0.005
0.0192105 0.004
0.019 0.003
0.0191053 0.002
0.019 0
0.019 0.001
0.018 0
0.0204211 0.008
0.02 0.007
0.0215789 0.011
0.0207895 0.011
0.02 0.009
0.0205263 0.01
0.021 0.013
0.0206316 0.012
0.021 0.019
0.021 0.017
0.0209474 0.018
0.021 0.015
0.0208421 0.016
0.0207368 0.014
0.0182105 0.004
0.0193158 0.006
0.019 0.005
0.0182632 0.005
0.0181579 0.003
0.0181053 0.002
0.0180526 0.001
0.017 0
0.017 0.001
0.0194211 0.008
0.019 0.007
0.02 0.011
0.019 0.009
0.0195263 0.01
0.0182368 0.009
0.02 0.013
0.0196316 0.012
0.02 0.019
0.02 0.017
0.0199474 0.018
0.02 0.015
0.0198421 0.016
0.0197368 0.014
0.0176053 0.0045
0.0175789 0.0035
0.0183158 0.006
0.0176316 0.0055
0.016 0
0.017 0.003
0.017 0.002
0.0160526 0.001
0.0184211 0.008
0.018 0.007
0.0171842 0.007
0.019 0.011
0.0185263 0.01
0.0177632 0.01
0.0174737 0.009
0.019 0.013
0.0186316 0.012
0.0178158 0.012
0.019 0.019
0.0189474 0.018
0.019 0.017
0.0188421 0.016
0.019 0.015
0.0187368 0.014
0.017 0.005
0.017 0.004
0.017 0.006
0.014 0
0.015 0
0.0150526 0.001
0.0161579 0.003
0.016 0.002
0.017 0.008
0.0163684 0.007
0.013 0
0.012 0
0.0175789 0.011
0.017 0.01
0.0164737 0.009
0.018 0.014
0.0176842 0.013
0.017 0.012
0.018 0.018
0.018 0.019
0.017 0.019
0.018 0.016
0.0178947 0.017
0.0177895 0.015
0.016 0.004
0.0162632 0.005
0.016 0.006
0.014 0.001
0.015 0.002
0.014 0.002
0.0151579 0.003
0.016 0.008
0.0153684 0.007
0.0129474 0.001
0.012 0.001
0.01 0
0.011 0
0.011 0.001
0.0165789 0.011
0.016 0.01
0.0154737 0.009
0.017 0.014
0.0166842 0.013
0.016 0.012
0.016 0.019
0.017 0.018
0.017 0.016
0.0168947 0.017
0.0167895 0.015
0.015 0.004
0.0152632 0.005
0.015 0.006
0.014 0.004
0.013 0.002
0.014 0.003
0.015 0.008
0.0143684 0.007
0.012 0.002
0.009 0
0.00928571 0.000714286
0.0100526 0.001
0.011 0.002
0.008 0
0.007 0
0.0155789 0.011
0.015 0.01
0.0144737 0.009
0.016 0.014
0.0156842 0.013
0.015 0.012
0.015 0.019
0.016 0.018
0.016 0.016
0.0158947 0.017
0.0157895 0.015
0.014 0.005
0.014 0.006
0.013 0.004
0.012 0.003
0.0128421 0.003
0.014 0.008
0.0133684 0.007
0.011 0.003
0.00830769 0.000692308
0.00857143 0.00142857
0.00928571 0.00171429
0.01 0.002
0.0101579 0.003
0.00733333 0.00075
0.0063 0.0007
0.006 0
0.0145789 0.011
0.0134737 0.009
0.014 0.01
0.0147368 0.014
0.0146842 0.013
0.014 0.012
0.014 0.019
0.0149474 0.018
0.0148947 0.017
0.0147895 0.015
0.0148421 0.016
0.0127368 0.005
0.013 0.006
0.012 0.005
0.012 0.004
0.013 0.008
0.0126316 0.007
0.01 0.004
0.011 0.004
0.00761538 0.00153846
0.00833333 0.00233333
0.00916667 0.00266667
0.00904762 0.00361905
0.00654545 0.00145455
0.0056 0.0014
0.00525 0.00075
0.005 0
0.002 0
0.0125263 0.009
0.0135789 0.011
0.013 0.01
0.014 0.014
0.0136842 0.013
0.013 0.012
0.013 0.019
0.014 0.018
0.0137895 0.015
0.0138947 0.017
0.014 0.016
0.001 0
0 0
0.012 0.006
0.011 0.005
0.012 0.008
0.0118158 0.007
0.00941729 0.00471429
0.0102632 0.005
0.00133333 0.000666667
0.00692308 0.00207692
0.00714286 0.00285714
0.00809524 0.0032381
0.00857143 0.00442857
0.006 0.00225
0.00509091 0.00218182
0.0045 0.00125
0.004 0
0.003 0
0.00225 0.00075
0.0117632 0.009
0.012 0.01
0.0124211 0.011
0.012 0.012
0.013 0.015
0.013 0.014
0.0123158 0.013
0.013 0.017
0.012 0.019
0.013 0.018
0.013 0.016
0 0.001
0.011 0.009
0.011 0.006
0.011 0.008
0.011 0.007
0.00842857 0.00517143
0.01 0.006
0.00914286 0.00565714
0.00075 0.0015
0.0018 0.0016
0.00623077 0.00307692
0.0077619 0.00410476
0.00685714 0.00374286
0.00742857 0.00497143
0.00553846 0.00346154
0.00509091 0.00290909
0.004 0.00233333
0.00333333 0.00133333
0.0025 0.002
0.011 0.01
0.011 0.011
0.011 0.019
0.011 0.013
0.011 0.012
0.0122105 0.015
0.0117368 0.014
0.0121053 0.017
0.0119474 0.018
0.011 0.018
0.0118421 0.016
0 0.002
0.01 0.009
0.01 0.008
0.01 0.007
0.00828571 0.00591429
0.00904762 0.00678571
0.00918367 0.00853061
0.00714286 0.00635714
0.00075 0.00225
0.00166667 0.00266667
0.00571429 0.00428571
0.00657143 0.00462857
0.00680952 0.00555714
0.00466667 0.00375
0.00381818 0.00363636
0.003 0.0025
0.00225 0.003125
0.01 0.01
0.01 0.011
0.01 0.012
0.01 0.019
0.01 0.018
0.011 0.014
0.01 0.013
0.0107895 0.015
0.011 0.016
0.0108947 0.017
0 0.003
0.00908163 0.0094898
0.00904762 0.00761905
0.00791837 0.00675306
0.00816327 0.00826531
0.00816327 0.00897959
0.00619048 0.00614286
0.00673469 0.00712245
0.000833333 0.00333333
0.0015 0.00375
0.00484615 0.00461538
0.00540816 0.00523469
0.00415385 0.00484615
0.00363636 0.00436364
0.00266667 0.00388889
0.00912088 0.0104945
0.00910256 0.0115256
0.00907692 0.0125692
0.009 0.019
0.00923077 0.0183077
0.01 0.017
0.00923077 0.0173077
0.01 0.014
0.00907692 0.0133692
0.01 0.015
0.01 0.016
0 0.004
0.00809262 0.0098854
0.00755102 0.00759184
0.00732143 0.00892857
0.0061352 0.00766837
0.00510204 0.00618367
0.00579932 0.00679592
0.000714286 0.00428571
0.0015 0.0045
0.00428571 0.00571429
0.00333333 0.00525
0.00254545 0.00509091
0.00802198 0.0107912
0.00824176 0.0117033
0.00820513 0.0127179
0.008 0.019
0.00830769 0.0183077
0.00846154 0.0176154
0.00884615 0.0166346
0.00846154 0.0140154
0.00884615 0.0147481
0.00923077 0.0154808
0 0.005
0.0071772 0.0100577
0.00642857 0.00857143
0.00663004 0.00944322
0.00540816 0.00744898
0.00553571 0.00821429
0.0044898 0.00679592
0.00133333 0.00544444
0.00218182 0.00581818
0.00357143 0.00642857
0.00276923 0.00623077
0.00703297 0.0111868
0.00736264 0.0120549
0.00730769 0.0130769
0.00723077 0.0141077
0.007 0.019
0.00727273 0.0182727
0.00761538 0.0176154
0.00794872 0.0166154
0.00846154 0.0159615
0.00807692 0.0152692
0 0.006
0.00638736 0.0107308
0.00541552 0.00915522
0.00574176 0.0102747
0.00464286 0.00785714
0.00467949 0.00879487
0.00375 0.0075
0.00127273 0.00654545
0.002 0.00675
0.00285714 0.00714286
0.00711538 0.0151538
0.00648352 0.011978
0.00641026 0.0131026
0.00630769 0.0144769
0.006 0.019
0.0063 0.0183
0.00692308 0.0169231
0.00654545 0.0175455
0.00701923 0.0160385
0 0.007
0.00539835 0.0111264
0.00453926 0.00989263
0.00496881 0.0105095
0.000727273 0.00727273
0.00352564 0.00925641
0.00364011 0.00848681
0.00289377 0.00808059
0.00138462 0.00761538
0.00214286 0.00785714
0.00615385 0.0155385
0.0056044 0.0124725
0.00551282 0.0137949
0.00538462 0.0148462
0.005 0.019
0.00544444 0.0176667
0.006 0.0163333
0 0.008
0.00505494 0.011978
0.00435897 0.011304
0.00296703 0.00995604
0.003663 0.01063
0.000666667 0.00825
0.00263736 0.00911648
0.00142857 0.00857143
0.00222527 0.00996703
0.00525 0.0156667
0.004 0.019
0.00472527 0.0131099
0.00461538 0.0141538
0.0045 0.015
0.0045 0.01775
0.00466667 0.017
0 0.009
0.00406593 0.0123736
0.00304029 0.0118315
0.00241758 0.0110901
0.000692308 0.00923077
0.0014652 0.00950916
0.00150183 0.0104469
0.00456944 0.016
0.003 0.019
0.00333333 0.0183333
0.002 0.019
0.00384615 0.0134615
0.00375 0.0143333
0.00363636 0.0151818
0.00388889 0.0163333
0.00357143 0.0175714
0 0.01
0.00307692 0.0127692
0.00230769 0.0120769
0.00153846 0.0113846
0.000769231 0.0106923
0 0.019
0.001 0.019
0.00225 0.01825
0.0015 0.018
0.003 0.0136667
0.00290909 0.0145455
0.0025 0.017
0.00311111 0.0156667
0.003 0.0165
0 0.011
0.00225 0.013
0.0015 0.0123333
0.00075 0.0116667
0 0.018
0.000666667 0.0176667
0.0016 0.0172
0.00218182 0.0139091
0.00233333 0.015
0.00214286 0.0161429
0 0.012
0.00145455 0.0132727
0.0007 0.0127
0 0.017
0.00075 0.01675
0.00133333 0.0163333
0.00155556 0.0143333
0.0015 0.01525
0 0.013
0.000777778 0.0136667
0 0.016
0.000666667 0.0156667
0.000714286 0.0147143
0 0.014
0 0.015
