0 0.009
0 0.01
0 0.015
0 0.013
0 0.014
0 0
0 0.002
0 0.003
0 0.008
0 0.007
0 0.017
0 0.016
0 0.019
0.000666667 0.00825
0.000692308 0.00976923
0 0.012
0.000692308 0.0106923
0 0.011
0.000666667 0.0156667
0.0007 0.0127
0.00075 0.014625
0.000777778 0.0136667
0 0.001
0.001 0
0 0.006
0 0.004
0 0.005
0.00075 0.0015
0.000833333 0.00333333
0.0008 0.0024
0.000727273 0.00727273
0.000727273 0.00636364
0.00138462 0.00761538
0 0.018
0.001 0.0175
0.00075 0.01675
0.001 0.019
0.00133333 0.0163333
0.00155769 0.00853846
0.00173077 0.00946154
0.00145455 0.0124545
0.00138462 0.0105385
0.00133333 0.0115
0.0015 0.01525
0.00190909 0.0131818
0.00155556 0.0143333
0.00133333 0.000666667
0.002 0
0.00075 0.00525
0.0015 0.00375
0.000714286 0.00428571
0.00145455 0.00572727
0.0015 0.0015
0.002 0.002
0.00166667 0.00266667
0.002 0.00675
0.00219414 0.00786081
0.00133333 0.0183333
0.00175 0.01725
0.002 0.019
0.00214286 0.0161429
0.00247692 0.00927692
0.00227692 0.0102923
0.00207692 0.0120769
0.00207692 0.0113077
0.00233333 0.015
0.00266667 0.013
0.00254545 0.0139091
0.003 0.019
0.00225 0.00075
0.003 0
0.00225 0.00375
0.00155556 0.00466667
0.00218182 0.00509091
0.00218182 0.00581818
0.00266667 0.00133333
0.00311111 0.00333333
0.003 0.0025
0.00307692 0.00623077
0.00287692 0.00724615
0.00300366 0.00810623
0.00363668 0.0087761
0.0025 0.017
0.003 0.0165
0.0024 0.0178
0.00333333 0.0183333
0.00311111 0.0156667
0.0029304 0.00998168
0.00289377 0.0109194
0.00285714 0.0118571
0.00318182 0.0146364
0.00346154 0.0128462
0.00333333 0.01375
0.004 0.019
0.00333333 0.000666667
0.004 0
0.0028 0.0042
0.00290909 0.00509091
0.00363636 0.00381818
0.00375 0.001875
0.00388889 0.00266667
0.00384615 0.00553846
0.00406593 0.00662637
0.00426969 0.00944597
0.0040293 0.0075641
0.00440591 0.00836951
0.00388889 0.0163333
0.00428571 0.0182857
0.00357143 0.0175714
0.00436364 0.0153636
0.00387755 0.0115918
0.00391418 0.0106541
0.0049027 0.0101158
0.00408163 0.0124388
0.00415385 0.0141538
0.00428571 0.0132857
0.00484615 0.0148462
0.005 0.019
0.0045 0.0015
0.005 0
0.00428571 0.000714286
0.00374126 0.00467832
0.00436364 0.00363636
0.00461538 0.00484615
0.0049 0.0021
0.00533333 0.003
0.00472527 0.00603297
0.00505494 0.00702198
0.00529533 0.00890385
0.00517514 0.00796291
0.00544444 0.0176667
0.00509091 0.0160909
0.00466667 0.017
0.00553846 0.0155385
0.00506803 0.012199
0.00489796 0.0113265
0.00553571 0.0107857
0.00570513 0.009663
0.0052381 0.0130714
0.005 0.014
0.00571429 0.0147143
0.006 0.019
0.006 0
0.0063 0.0007
0.00544444 0.00133333
0.00484615 0.00415385
0.00551282 0.00520513
0.00581818 0.00218182
0.00615385 0.00346154
0.0056044 0.00652747
0.00636364 0.0182727
0.00604396 0.00741758
0.00663004 0.00955678
0.00617216 0.00842125
0.00654545 0.0175455
0.006 0.01675
0.00642857 0.0154286
0.00591837 0.0123469
0.00673469 0.0118776
0.0061352 0.0113316
0.00642857 0.0104286
0.00657143 0.0141714
0.006 0.0136
0.007 0.019
0.007 0
0.00727273 0.000727273
0.00654545 0.00145455
0.00621795 0.00468718
0.00641026 0.0055641
0.00692308 0.00276923
0.00692308 0.00416923
0.00769231 0.00402692
0.00692308 0.00626923
0.00733333 0.01825
0.00703297 0.00781319
0.00732143 0.0100714
0.0071772 0.00894231
0.00692308 0.0169231
0.00761538 0.0174615
0.00714286 0.0161429
0.00732143 0.0150714
0.00714286 0.0126429
0.00755102 0.0114082
0.00785714 0.0143571
0.00742857 0.0136286
0.008 0.019
0.008 0
0.00830769 0.000692308
0.00846154 0.00138462
0.00769231 0.00207692
0.00730769 0.00557308
0.00794872 0.00317949
0.00769231 0.00487692
0.00846154 0.00388462
0.00761905 0.00704762
0.00820513 0.00628205
0.00830769 0.0182308
0.00824176 0.00801099
0.00795918 0.0105306
0.00821429 0.00971429
0.00822802 0.00886264
0.00857143 0.0175714
0.0078904 0.0166117
0.00816541 0.0157619
0.00852256 0.014869
0.00809524 0.0124286
0.00863946 0.011449
0.0085 0.01345
0.009 0.019
0.009 0
0.00923077 0.00169231
0.00923077 0.000692308
0.00884615 0.00253846
0.00846154 0.00558462
0.00923077 0.00335897
0.00903846 0.00461538
0.00923077 0.00629231
0.00929309 0.0077022
0.00873626 0.00715165
0.00928571 0.0182857
0.00912088 0.00850549
0.00918367 0.0104694
0.00910714 0.00935714
0.00928571 0.0175357
0.00928571 0.0167857
0.00872556 0.0162738
0.00918797 0.015381
0.00959184 0.0112347
0.00928571 0.0145357
0.00957143 0.0132714
0.00914286 0.0125429
0.01 0.019
0.01 0.002
0.01 0
0.01 0.001
0.01 0.003
0.00961538 0.00564615
0.01 0.005
0.01 0.004
0.00984991 0.00825275
0.01 0.007
0.01 0.018
0.01 0.009
0.01 0.01
0.0102105 0.015
0.0101053 0.017
0.01 0.016
0.01 0.012
0.0104211 0.011
0.01 0.014
0.0103158 0.013
0.011 0.019
0.0108421 0.003
0.011 0
0.0108947 0.002
0.0109474 0.001
0.0107895 0.004
0.0106842 0.006
0.0107368 0.005
0.0105789 0.008
0.0108158 0.007
0.0110526 0.018
0.0111053 0.017
0.011 0.009
0.011 0.01
0.011 0.015
0.0111579 0.016
0.0112105 0.011
0.0113684 0.012
0.0111579 0.013
0.0112632 0.014
0.012 0.019
0.012 0.004
0.0118421 0.003
0.0119474 0.001
0.012 0
0.012 0.002
0.0117368 0.005
0.0116842 0.006
0.0116316 0.007
0.0115789 0.008
0.0120526 0.018
0.0121053 0.017
0.012 0.01
0.012 0.009
0.012 0.015
0.0121579 0.016
0.012 0.011
0.0121842 0.012
0.012 0.013
0.0122632 0.014
0.013 0.019
0.0127368 0.005
0.013 0.003
0.0127895 0.004
0.013 0.002
0.013 0
0.013 0.001
0.0126316 0.007
0.0126842 0.006
0.013 0.009
0.0125789 0.008
0.0130526 0.018
0.0131053 0.017
0.013 0.01
0.0132105 0.015
0.0131579 0.016
0.013 0.012
0.013 0.011
0.013 0.013
0.0132632 0.014
0.014 0.019
0.0137368 0.005
0.0138421 0.003
0.014 0.004
0.0138947 0.002
0.014 0
0.0139474 0.001
0.0137632 0.009
0.0136316 0.007
0.014 0.006
0.014 0.008
0.014 0.017
0.0140526 0.018
0.014 0.01
0.0141579 0.016
0.014 0.015
0.014 0.012
0.0144211 0.011
0.0142632 0.014
0.0143158 0.013
0.015 0.019
0.0147368 0.005
0.015 0
0.0148421 0.003
0.015 0.004
0.015 0.002
0.015 0.001
0.0157895 0.004
0.0145263 0.009
0.0146316 0.007
0.015 0.006
0.015 0.008
0.015 0.017
0.0150526 0.018
0.015 0.01
0.0151579 0.016
0.0152105 0.015
0.0152105 0.011
0.015 0.012
0.0152632 0.014
0.0153158 0.013
0.016 0.019
0.0157368 0.005
0.016 0
0.016 0.001
0.0158421 0.003
0.0158947 0.002
0.0164211 0.0035
0.0163947 0.0045
0.0155263 0.009
0.0156316 0.007
0.016 0.006
0.016 0.008
0.016 0.017
0.016 0.018
0.016 0.011
0.016 0.01
0.016 0.016
0.016 0.015
0.0161579 0.013
0.016 0.012
0.016 0.014
0.017 0.019
0.0170526 0.018
0.017 0.005
0.017 0
0.017 0.001
0.017 0.002
0.017 0.003
0.017 0.004
0.0164737 0.009
0.0163684 0.007
0.017 0.006
0.0167895 0.008
0.017 0.017
0.017 0.011
0.0174737 0.01
0.0171579 0.016
0.017 0.015
0.0173684 0.012
0.017 0.013
0.0172632 0.014
0.018 0.019
0.0180526 0.018
0.0177368 0.005
0.018 0
0.0179474 0.001
0.018 0.002
0.018 0.004
0.0178421 0.003
0.0175263 0.009
0.018 0.006
0.0176316 0.007
0.0175789 0.008
0.0181579 0.016
0.0181053 0.017
0.018 0.011
0.0182368 0.01
0.0181842 0.012
0.018 0.014
0.018 0.015
0.018 0.013
0.019 0.019
0.0190526 0.018
0.0187368 0.005
0.019 0
0.019 0.001
0.0188947 0.002
0.019 0.003
0.0187895 0.004
0.0185263 0.009
0.019 0.006
0.0186316 0.007
0.019 0.008
0.019 0.016
0.0191053 0.017
0.019 0.011
0.019 0.01
0.019 0.012
0.019 0.014
0.0192105 0.015
0.0193158 0.013
0.02 0.019
0.02 0.017
0.02 0.018
0.0197368 0.005
0.0199474 0.001
0.02 0
0.02 0.002
0.0198421 0.003
0.0197895 0.004
0.02 0.006
0.02 0.009
0.02 0.008
0.02 0.007
0.02 0.016
0.0202105 0.015
0.02 0.01
0.02 0.011
0.0203684 0.012
0.0202632 0.014
0.0203158 0.013
0.021 0.019
0.021 0.017
0.021 0.018
0.021 0
0.0207368 0.005
0.0209474 0.001
0.0208947 0.002
0.0208421 0.003
0.0207895 0.004
0.021 0.006
0.0207632 0.009
0.021 0.007
0.021 0.008
0.021 0.016
0.021 0.015
0.0211842 0.012
0.021 0.01
0.0214211 0.011
0.0212632 0.014
0.0213158 0.013
0.022 0.019
0.0220526 0.018
0.0221579 0.016
0.022 0.017
0.022 0
0.022 0.001
0.0217368 0.005
0.0218947 0.002
0.0218421 0.003
0.0217895 0.004
0.022 0.006
0.022 0.007
0.0215263 0.009
0.022 0.008
0.022 0.015
0.022 0.012
0.022 0.01
0.0224211 0.011
0.0222632 0.014
0.0223158 0.013
0.023 0.019
0.023 0.018
0.023 0.016
0.0231053 0.017
0.023 0
0.0228947 0.002
0.0229474 0.001
0.0227368 0.005
0.0228421 0.003
0.0227895 0.004
0.023 0.006
0.023 0.008
0.023 0.007
0.023 0.009
0.0232105 0.015
0.023 0.012
0.0234211 0.011
0.0234737 0.01
0.023 0.014
0.0233158 0.013
0.024 0.019
0.024 0.018
0.024 0.017
0.024 0.016
0.024 0
0.0239474 0.001
0.0238421 0.003
0.0238947 0.002
0.0237368 0.005
0.0237895 0.004
0.024 0.006
0.024 0.008
0.024 0.007
0.024 0.009
0.024 0.015
0.0245789 0.0155
0.024 0.012
0.0244211 0.011
0.0244737 0.01
0.0242632 0.014
0.0243158 0.013
0.025 0.019
0.0250526 0.018
0.0251579 0.016
0.0251053 0.017
0.025 0
0.026 0
0.0248947 0.002
0.025 0.001
0.0247895 0.004
0.0248421 0.003
0.0247368 0.005
0.0248421 0.006
0.0247895 0.008
0.025 0.007
0.025 0.009
0.0252105 0.015
0.025 0.012
0.0252105 0.011
0.0254737 0.01
0.0252632 0.014
0.0253158 0.013
0.026 0.019
0.026 0.018
0.0261053 0.017
0.026 0.016
0.027 0
0.0259474 0.001
0.027 0.001
0.0258947 0.002
0.0257895 0.004
0.026 0.003
0.026 0.005
0.0256842 0.006
0.0255789 0.008
0.026 0.007
0.026 0.009
0.0262105 0.015
0.0264737 0.01
0.026 0.012
0.026 0.011
0.0262632 0.014
0.0263158 0.013
0.027 0.019
0.027 0.018
0.0271053 0.017
0.0271579 0.016
0.028 0
0.0279474 0.001
0.027 0.002
0.0268421 0.003
0.0267895 0.004
0.027 0.005
0.0266842 0.006
0.0265789 0.008
0.027 0.007
0.027 0.009
0.029 0
0.0272105 0.015
0.027 0.011
0.0274737 0.01
0.027 0.012
0.0272632 0.014
0.0271579 0.013
0.028 0.019
0.028 0.018
0.0281053 0.017
0.0281579 0.016
0.029 0.001
0.028 0.002
0.0288947 0.002
0.0277368 0.005
0.0278421 0.003
0.028 0.004
0.028 0.006
0.0275789 0.008
0.0278158 0.007
0.028 0.009
0.03 0
0.0299474 0.001
0.0282105 0.015
0.0282632 0.014
0.0282368 0.01
0.028 0.011
0.028 0.012
0.028 0.013
0.029 0.019
0.029 0.017
0.0290526 0.018
0.0291579 0.016
0.0287632 0.009
0.03 0.002
0.029 0.003
0.0298421 0.003
0.029 0.005
0.0287895 0.004
0.0286316 0.007
0.029 0.006
0.0285789 0.008
0.031 0
0.031 0.001
0.0308947 0.002
0.0292105 0.015
0.029 0.013
0.0292632 0.014
0.029 0.01
0.029 0.011
0.029 0.012
0.03 0.019
0.0300526 0.018
0.03 0.017
0.0301579 0.016
0.0295263 0.009
0.03 0.01
0.031 0.003
0.0318421 0.003
0.03 0.004
0.0307895 0.004
0.0297368 0.005
0.03 0.008
0.0298421 0.006
0.0296316 0.007
0.032 0
0.0319474 0.001
0.032 0.002
0.0302105 0.015
0.0302632 0.014
0.03 0.013
0.03 0.011
0.03 0.012
0.031 0.019
0.0310526 0.018
0.031 0.017
0.0311579 0.016
0.0305263 0.009
0.031 0.01
0.033 0.003
0.032 0.004
0.031 0.005
0.032 0.005
0.0306842 0.006
0.031 0.008
0.0306316 0.007
0.0313421 0.0065
0.033 0
0.033 0.001
0.0331053 0.002
0.034 0.003
0.0312105 0.015
0.0314211 0.011
0.0312632 0.014
0.031 0.013
0.031 0.012
0.032 0.019
0.032 0.018
0.0321053 0.017
0.032 0.016
0.0317895 0.008
0.0315263 0.009
0.0324737 0.01
0.0332105 0.004
0.033 0.005
0.032 0.006
0.032 0.007
0.034 0
0.034 0.001
0.034 0.002
0.034 0.004
0.0348421 0.003
0.0332368 0.01
0.0322105 0.015
0.0324211 0.011
0.0322632 0.014
0.032 0.012
0.032 0.013
0.033 0.019
0.033 0.018
0.033 0.017
0.033 0.016
0.0335789 0.0155
0.0325789 0.008
0.0334737 0.009
0.0325263 0.009
0.034 0.005
0.0333158 0.006
0.033 0.007
0.035 0
0.035 0.002
0.0349474 0.001
0.0347368 0.005
0.035 0.004
0.0358421 0.003
0.034 0.019
0.034 0.01
0.0335789 0.011
0.033 0.015
0.033 0.014
0.033 0.012
0.0328421 0.013
0.0339474 0.018
0.0338947 0.017
0.0341579 0.016
0.0342105 0.015
0.035 0.01
0.0342368 0.009
0.0334211 0.008
0.0341579 0.006
0.034 0.007
0.035 0.006
0.036 0
0.0358947 0.002
0.0359474 0.001
0.036 0.006
0.0357368 0.005
0.0368421 0.003
0.0357895 0.004
0.0364737 0.0045
0.035 0.019
0.035 0.011
0.034 0.012
0.034 0.014
0.0336842 0.013
0.0350526 0.018
0.035 0.017
0.0351579 0.016
0.035 0.015
0.036 0.01
0.035 0.009
0.0345789 0.008
0.035 0.007
0.036 0.007
0.036 0.009
0.036 0.011
0.037 0
0.0369474 0.001
0.0368947 0.002
0.0366579 0.0065
0.0366316 0.0055
0.038 0.003
0.0372105 0.004
0.0372632 0.005
0.036 0.019
0.036 0.018
0.0353684 0.012
0.0352632 0.014
0.035 0.013
0.0363684 0.012
0.0362632 0.014
0.036 0.017
0.0362105 0.015
0.036 0.016
0.0367632 0.01
0.036 0.008
0.0366842 0.0075
0.0373684 0.007
0.037 0.009
0.037 0.011
0.038 0
0.038 0.001
0.0381053 0.002
0.0373158 0.006
0.039 0.003
0.0382105 0.004
0.039 0.004
0.038 0.005
0.037 0.019
0.037 0.018
0.0363158 0.013
0.0371842 0.012
0.037 0.017
0.037 0.015
0.037 0.014
0.037 0.016
0.0375263 0.01
0.0374211 0.008
0.0381842 0.007
0.0384737 0.009
0.0377895 0.011
0.039 0.001
0.039 0
0.039 0.002
0.0383158 0.006
0.04 0.003
0.0397895 0.004
0.039 0.005
0.0379474 0.018
0.038 0.019
0.0378947 0.017
0.0376842 0.013
0.038 0.012
0.038 0.014
0.0378421 0.016
0.0387368 0.014
0.0377895 0.015
0.0385263 0.01
0.0384211 0.008
0.039 0.007
0.0392368 0.009
0.0385789 0.011
0.039 0.019
0.04 0
0.0399474 0.001
0.04 0.002
0.0408421 0.003
0.0396842 0.006
0.0407895 0.004
0.04 0.005
0.039 0.018
0.039 0.016
0.0391053 0.017
0.0386842 0.013
0.039 0.012
0.0393684 0.0135
0.0393947 0.0145
0.0387895 0.015
0.0394737 0.01
0.04 0.007
0.0395789 0.008
0.04 0.009
0.04 0.011
0.04 0.019
0.0414737 0.0035
0.041 0
0.0409474 0.001
0.0408947 0.002
0.0414737 0.0025
0.0416053 0.0045
0.0408158 0.007
0.0406842 0.006
0.041 0.005
0.0401053 0.017
0.04 0.018
0.04 0.016
0.04 0.013
0.0403684 0.012
0.04 0.014
0.0402105 0.015
0.0404737 0.01
0.0407632 0.009
0.041 0.008
0.0416316 0.007
0.041 0.011
0.041 0.019
0.0422105 0.004
0.0421579 0.003
0.042 0
0.042 0.001
0.0421053 0.002
0.0422632 0.005
0.0416842 0.006
0.041 0.017
0.0410526 0.018
0.0412105 0.015
0.0411579 0.016
0.042 0.015
0.041 0.013
0.0411842 0.012
0.0412632 0.014
0.042 0.014
0.0423684 0.007
0.0412368 0.01
0.0415263 0.009
0.042 0.008
0.0417895 0.011
0.042 0.019
0.043 0.005
0.043 0.004
0.043 0.003
0.043 0.002
0.043 0
0.043 0.001
0.043 0.006
0.0431842 0.007
0.042 0.017
0.042 0.018
0.042 0.016
0.0425789 0.0155
0.0426053 0.0145
0.042 0.012
0.0426316 0.0135
0.042 0.013
0.043 0.008
0.042 0.01
0.0424737 0.009
0.0425789 0.011
0.043 0.019
0.0437368 0.005
0.0437895 0.004
0.0443947 0.0045
0.044 0.003
0.0438947 0.002
0.044 0
0.044 0.001
0.044 0.008
0.044 0.006
0.044 0.007
0.043 0.017
0.0430526 0.018
0.0431579 0.016
0.0432105 0.015
0.0432632 0.014
0.043 0.012
0.0433158 0.013
0.0434211 0.011
0.0435263 0.009
0.043 0.01
0.044 0.019
0.045 0.005
0.045 0
0.045 0.003
0.045 0.004
0.0448947 0.002
0.0449474 0.001
0.0445263 0.009
0.0447895 0.008
0.045 0.007
0.045 0.006
0.044 0.018
0.044 0.017
0.044 0.016
0.044 0.015
0.044 0.014
0.0443158 0.013
0.0443684 0.012
0.0444211 0.011
0.0444737 0.01
0.045 0.019
0.0457368 0.005
0.046 0
0.0459474 0.001
0.0458421 0.003
0.046 0.004
0.046 0.002
0.0450526 0.018
0.0454737 0.01
0.0455263 0.009
0.046 0.006
0.0455789 0.008
0.046 0.007
0.045 0.014
0.045 0.016
0.045 0.017
0.045 0.015
0.0451579 0.013
0.0453684 0.012
0.0454211 0.011
0.046 0.019
0.047 0
0.0467895 0.004
0.0467368 0.005
0.047 0.001
0.0468947 0.002
0.0468421 0.003
0.046 0.018
0.0462368 0.01
0.0465263 0.009
0.0468158 0.007
0.047 0.006
0.047 0.008
0.046 0.014
0.0461053 0.017
0.0462105 0.015
0.046 0.016
0.0461842 0.012
0.046 0.013
0.0466316 0.0135
0.0464211 0.011
0.047 0.019
0.048 0
0.0477895 0.004
0.048 0.005
0.048 0.001
0.0478947 0.002
0.048 0.003
0.047 0.017
0.0470526 0.018
0.047 0.01
0.0475263 0.009
0.048 0.006
0.0476316 0.007
0.048 0.008
0.047 0.015
0.0472632 0.014
0.047 0.016
0.0475789 0.0155
0.047 0.012
0.0473158 0.013
0.0474211 0.011
0.048 0.019
0.049 0
0.0489474 0.001
0.0487368 0.005
0.049 0.006
0.0487895 0.004
0.0488947 0.002
0.0488421 0.003
0.0480526 0.018
0.0481053 0.017
0.048 0.01
0.0485263 0.009
0.049 0.008
0.049 0.007
0.048 0.014
0.0482105 0.015
0.0481579 0.016
0.048 0.012
0.0483158 0.013
0.0484211 0.011
0.049 0.019
0.05 0
0.0498421 0.006
0.0498947 0.002
0.05 0.001
0.0497368 0.005
0.0497895 0.004
0.0498421 0.003
0.0490526 0.018
0.049 0.017
0.0491579 0.016
0.049 0.01
0.0495263 0.009
0.0497895 0.008
0.05 0.007
0.0492632 0.014
0.049 0.015
0.0493684 0.012
0.0493158 0.013
0.0494211 0.011
0.05 0.019
0.051 0
0.051 0.001
0.0508158 0.007
0.0506842 0.006
0.0508947 0.002
0.051 0.005
0.051 0.003
0.0507895 0.004
0.05 0.018
0.05 0.016
0.0501053 0.017
0.05 0.01
0.0505263 0.009
0.0505789 0.008
0.05 0.014
0.0502105 0.015
0.0501842 0.012
0.0503158 0.013
0.0504211 0.011
0.051 0.019
0.052 0
0.0519474 0.001
0.052 0.002
0.0516316 0.007
0.0516842 0.006
0.0518421 0.003
0.0517368 0.005
0.052 0.004
0.0510526 0.018
0.0511053 0.017
0.0511579 0.016
0.0512105 0.015
0.051 0.01
0.0515263 0.009
0.052 0.008
0.0512632 0.014
0.0511579 0.013
0.051 0.012
0.0512105 0.011
0.052 0.019
0.053 0.002
0.053 0.003
0.053 0
0.053 0.001
0.0526842 0.006
0.0526316 0.007
0.0527895 0.004
0.0527368 0.005
0.0537895 0.004
0.0520526 0.018
0.0521053 0.017
0.0521579 0.016
0.0522105 0.015
0.053 0.008
0.0522632 0.014
0.052 0.01
0.0525263 0.009
0.052 0.013
0.052 0.011
0.052 0.012
0.053 0.019
0.0538947 0.002
0.0538421 0.003
0.054 0
0.054 0.001
0.0536842 0.006
0.054 0.007
0.0537368 0.005
0.0547895 0.004
0.053 0.017
0.0530526 0.018
0.0532105 0.015
0.0531579 0.016
0.054 0.009
0.054 0.008
0.053 0.013
0.0532632 0.014
0.053 0.011
0.053 0.01
0.053 0.012
0.054 0.019
0.055 0
0.055 0.003
0.0548947 0.002
0.055 0.001
0.0557895 0.004
0.0548158 0.007
0.0546842 0.006
0.055 0.005
0.0541053 0.017
0.054 0.018
0.0542105 0.015
0.0541579 0.016
0.055 0.008
0.054 0.01
0.0547632 0.009
0.0542632 0.014
0.054 0.013
0.054 0.011
0.054 0.012
0.055 0.019
0.056 0
0.0558421 0.003
0.056 0.002
0.056 0.001
0.0564211 0.0035
0.0563947 0.0045
0.0556316 0.007
0.0557368 0.005
0.0556842 0.006
0.055 0.017
0.0550526 0.018
0.0552105 0.015
0.0551579 0.016
0.056 0.008
0.0555263 0.009
0.055 0.01
0.0552632 0.014
0.055 0.013
0.055 0.011
0.055 0.012
0.056 0.019
0.057 0
0.057 0.001
0.057 0.003
0.057 0.002
0.057 0.004
0.057 0.005
0.0566316 0.007
0.0566842 0.006
0.056 0.017
0.0560526 0.018
0.0562105 0.015
0.0561579 0.016
0.057 0.015
0.0567895 0.008
0.0565263 0.009
0.056 0.011
0.056 0.01
0.056 0.013
0.0562632 0.014
0.056 0.012
0.057 0.019
0.0570526 0.018
0.058 0
0.058 0.001
0.058 0.003
0.058 0.002
0.058 0.004
0.0575789 0.008
0.0576842 0.006
0.058 0.005
0.0576316 0.007
0.0571053 0.017
0.057 0.016
0.0575789 0.0155
0.0576053 0.0145
0.057 0.014
0.0575263 0.009
0.057 0.01
0.057 0.011
0.057 0.013
0.057 0.012
0.058 0.019
0.058 0.018
0.059 0
0.0589474 0.001
0.059 0.002
0.0588421 0.003
0.0592105 0.004
0.0587368 0.005
0.0585789 0.008
0.0586842 0.006
0.059 0.007
0.0581053 0.017
0.0581579 0.016
0.0582105 0.015
0.058 0.013
0.0582632 0.014
0.058 0.011
0.059 0.009
0.058 0.01
0.058 0.012
0.059 0.019
0.059 0.018
0.06 0
0.06 0.002
0.06 0.001
0.06 0.003
0.06 0.004
0.06 0.005
0.0593421 0.0055
0.0594211 0.008
0.0598421 0.0065
0.0600263 0.0075
0.0597632 0.009
0.059 0.017
0.059 0.016
0.059 0.015
0.059 0.013
0.059 0.014
0.059 0.011
0.059 0.01
0.059 0.012
0.06 0.019
0.0600526 0.018
0.061 0
0.061 0.001
0.0608947 0.002
0.061 0.003
0.0607895 0.004
0.0607368 0.005
0.0606842 0.006
0.0605789 0.008
0.0606316 0.007
0.0605263 0.009
0.06 0.01
0.0601053 0.017
0.0601579 0.016
0.0597895 0.015
0.06 0.014
0.06 0.012
0.06 0.013
0.06 0.011
0.061 0.019
0.0610526 0.018
0.062 0
0.0619474 0.001
0.062 0.002
0.0618421 0.003
0.062 0.004
0.0617368 0.005
0.0616316 0.007
0.0616842 0.006
0.0615789 0.008
0.062 0.009
0.0614737 0.01
0.061 0.011
0.0611053 0.017
0.061 0.016
0.061 0.015
0.061 0.013
0.061 0.014
0.061 0.012
0.062 0.019
0.0620526 0.018
0.063 0
0.063 0.001
0.0628947 0.002
0.0627895 0.004
0.0628421 0.003
0.0622368 0.01
0.0627368 0.005
0.0626842 0.006
0.0626316 0.007
0.063 0.008
0.063 0.009
0.0621053 0.017
0.062 0.011
0.0622632 0.014
0.0621579 0.016
0.062 0.015
0.0623684 0.012
0.062 0.013
0.063 0.019
0.063 0.018
0.064 0
0.0639474 0.001
0.0638947 0.002
0.064 0.003
0.0637895 0.004
0.063 0.01
0.064 0.005
0.0636842 0.006
0.0636316 0.007
0.0637895 0.008
0.064 0.009
0.0631053 0.017
0.0631579 0.016
0.0634211 0.011
0.0633684 0.012
0.063 0.014
0.0632105 0.015
0.0633158 0.013
0.064 0.019
0.064 0.018
0.0641053 0.017
0.065 0
0.0649474 0.001
0.0648421 0.003
0.065 0.002
0.065 0.005
0.065 0.004
0.0644211 0.011
0.0644737 0.01
0.065 0.006
0.0646316 0.007
0.0645789 0.008
0.065 0.009
0.0642105 0.015
0.064 0.016
0.0641579 0.013
0.0643684 0.012
0.064 0.014
0.065 0.019
0.0650526 0.018
0.065 0.017
0.066 0
0.0659474 0.001
0.0658947 0.002
0.0658421 0.006
0.0657895 0.004
0.0658421 0.003
0.0657368 0.005
0.0652105 0.011
0.0652368 0.01
0.0656316 0.007
0.0655789 0.008
0.066 0.009
0.0666316 0.007
0.065 0.015
0.0651579 0.016
0.065 0.013
0.0653684 0.012
0.0652632 0.014
0.066 0.019
0.0660526 0.018
0.0661053 0.017
0.0661579 0.016
0.067 0
0.067 0.001
0.067 0.003
0.0668947 0.002
0.0666842 0.006
0.0667895 0.004
0.067 0.005
0.066 0.01
0.066 0.011
0.0667632 0.009
0.0665789 0.008
0.0676316 0.007
0.0662105 0.015
0.066 0.013
0.0661842 0.012
0.0662632 0.014
0.067 0.011
0.067 0.019
0.0670526 0.018
0.0671053 0.017
0.0671579 0.016
0.0676053 0.0045
0.068 0
0.068 0.001
0.0678421 0.003
0.0681053 0.002
0.068 0.006
0.0682105 0.004
0.0682632 0.005
0.067 0.01
0.0675263 0.009
0.068 0.008
0.0683684 0.007
0.067 0.012
0.0672105 0.015
0.067 0.013
0.0672632 0.014
0.0677895 0.011
0.068 0.019
0.068 0.018
0.068 0.017
0.068 0.016
0.069 0
0.069 0.001
0.069 0.002
0.069 0.003
0.0688421 0.006
0.069 0.004
0.069 0.005
0.068 0.01
0.0684737 0.009
0.069 0.008
0.0691842 0.007
0.068 0.012
0.068 0.014
0.0685789 0.0155
0.068 0.015
0.068 0.013
0.0685789 0.011
0.069 0.019
0.0690526 0.018
0.0691053 0.017
0.0691579 0.016
0.07 0
0.07 0.001
0.0698947 0.002
0.0697895 0.004
0.07 0.003
0.0696842 0.006
0.0697368 0.005
0.07 0.007
0.069 0.01
0.0695263 0.009
0.07 0.008
0.069 0.012
0.0687368 0.014
0.0692105 0.015
0.0693158 0.013
0.0694211 0.011
0.07 0.019
0.0700526 0.018
0.0701579 0.016
0.07 0.017
0.071 0
0.071 0.001
0.0708947 0.002
0.0707895 0.004
0.071 0.003
0.071 0.005
0.0706842 0.006
0.0708158 0.007
0.07 0.01
0.0705263 0.009
0.071 0.008
0.07 0.012
0.0702105 0.015
0.07 0.014
0.0703158 0.013
0.0704211 0.011
0.071 0.019
0.071 0.018
0.071 0.016
0.0711053 0.017
0.0712105 0.015
0.072 0
0.072 0.001
0.0718947 0.002
0.0718421 0.003
0.0717895 0.004
0.0716316 0.007
0.0717368 0.005
0.0716842 0.006
0.071 0.01
0.0715263 0.009
0.0717895 0.008
0.071 0.012
0.0713158 0.013
0.071 0.014
0.0714211 0.011
0.072 0.019
0.0720526 0.018
0.072 0.015
0.0721053 0.017
0.0721579 0.016
0.073 0
0.0729474 0.001
0.0727368 0.005
0.073 0.004
0.073 0.002
0.0728421 0.003
0.0726316 0.007
0.0726842 0.006
0.072 0.01
0.0725263 0.009
0.0725789 0.008
0.072 0.012
0.0721579 0.013
0.0722632 0.014
0.0722105 0.011
0.073 0.019
0.0730526 0.018
0.073 0.014
0.073 0.015
0.0731053 0.017
0.0731579 0.016
0.0738947 0.002
0.074 0
0.074 0.001
0.0737368 0.005
0.0737895 0.004
0.074 0.003
0.074 0.006
0.0736316 0.007
0.073 0.01
0.0735263 0.009
0.074 0.008
0.073 0.012
0.073 0.013
0.073 0.011
0.074 0.019
0.0740526 0.018
0.0741053 0.017
0.074 0.014
0.0742105 0.015
0.074 0.016
0.075 0.003
0.0748947 0.002
0.075 0
0.075 0.001
0.075 0.006
0.0747368 0.005
0.0747895 0.004
0.075 0.007
0.074 0.01
0.0745263 0.009
0.075 0.008
0.074 0.012
0.0743158 0.013
0.0744211 0.011
0.075 0.019
0.0750526 0.018
0.075 0.017
0.075 0.014
0.075 0.015
0.0751579 0.016
0.0757895 0.004
0.0758421 0.003
0.0758947 0.002
0.076 0
0.0759474 0.001
0.0758421 0.006
0.0757368 0.005
0.0757895 0.008
0.076 0.007
0.0752105 0.011
0.0754737 0.01
0.076 0.009
0.0753158 0.013
0.075 0.012
0.076 0.019
0.076 0.018
0.076 0.016
0.0761053 0.017
0.076 0.014
0.0761579 0.013
0.076 0.015
0.0763947 0.0045
0.0764211 0.0035
0.077 0.003
0.077 0.002
0.077 0
0.0769474 0.001
0.0766842 0.006
0.077 0.005
0.0765789 0.008
0.077 0.007
0.076 0.011
0.0764737 0.01
0.077 0.009
0.0763684 0.012
0.077 0.019
0.077 0.018
0.077 0.016
0.0771053 0.017
0.077 0.013
0.0772105 0.015
0.077 0.014
0.077 0.004
0.0777895 0.004
0.078 0
0.0778421 0.003
0.0778947 0.002
0.078 0.001
0.0776842 0.006
0.078 0.005
0.0775789 0.008
0.078 0.007
0.077 0.011
0.078 0.009
0.0772368 0.01
0.0773684 0.012
0.078 0.019
0.078 0.018
0.0781053 0.017
0.0781579 0.016
0.0782105 0.015
0.078 0.013
0.0782632 0.014
0.0787895 0.004
0.079 0
0.0788421 0.003
0.0788947 0.002
0.079 0.001
0.0788158 0.007
0.0786842 0.006
0.0787368 0.005
0.079 0.008
0.0787632 0.009
0.078 0.011
0.078 0.01
0.0781842 0.012
0.079 0.019
0.0790526 0.018
0.0791579 0.016
0.0791053 0.017
0.0792105 0.015
0.079 0.013
0.0792632 0.014
0.0794211 0.0035
0.0793947 0.0045
0.08 0
0.0799474 0.001
0.08 0.003
0.08 0.002
0.0796316 0.007
0.0796842 0.006
0.08 0.005
0.0797895 0.008
0.079 0.011
0.0795263 0.009
0.079 0.01
0.079 0.012
0.08 0.019
0.08 0.018
0.0801053 0.017
0.08 0.016
0.0802105 0.015
0.08 0.013
0.0802632 0.014
0.08 0.004
0.081 0.004
0.081 0
0.0809474 0.001
0.0808421 0.003
0.081 0.002
0.0806316 0.007
0.081 0.006
0.081 0.005
0.0805263 0.009
0.0805789 0.008
0.08 0.011
0.0804737 0.01
0.0803684 0.012
0.081 0.019
0.0810526 0.018
0.081 0.017
0.081 0.015
0.0811579 0.016
0.081 0.013
0.0812632 0.014
0.082 0
0.0817895 0.004
0.082 0.001
0.0818947 0.002
0.082 0.003
0.0816316 0.007
0.0818421 0.006
0.082 0.005
0.082 0.008
0.0812368 0.01
0.0815263 0.009
0.0814211 0.011
0.0811842 0.012
0.082 0.019
0.0820526 0.018
0.0821053 0.017
0.0821579 0.016
0.0822105 0.015
0.082 0.013
0.0822632 0.014
0.083 0
0.0829474 0.001
0.083 0.003
0.083 0.004
0.083 0.002
0.0826316 0.007
0.0826842 0.006
0.083 0.005
0.0827895 0.008
0.0825263 0.009
0.082 0.01
0.0822105 0.011
0.082 0.012
0.083 0.019
0.083 0.018
0.0831053 0.017
0.083 0.016
0.0832105 0.015
0.083 0.013
0.0832632 0.014
0.084 0
0.084 0.005
0.0839474 0.001
0.0838421 0.003
0.084 0.004
0.084 0.002
0.0835789 0.008
0.0836316 0.007
0.084 0.006
0.0835263 0.009
0.0834737 0.01
0.0833684 0.012
0.083 0.011
0.084 0.019
0.084 0.017
0.0840526 0.018
0.0841579 0.016
0.0842105 0.015
0.0843684 0.012
0.084 0.013
0.0842632 0.014
0.0847895 0.004
0.085 0
0.0850526 0.001
0.0847368 0.005
0.0848947 0.002
0.0848421 0.003
0.0845263 0.009
0.0845789 0.008
0.0846316 0.007
0.0853158 0.006
0.0844737 0.01
0.0850263 0.0115
0.0844211 0.011
0.085 0.019
0.085 0.017
0.085 0.018
0.085 0.016
0.085 0.015
0.0850263 0.0125
0.0850132 0.01325
0.085 0.014
0.0856316 0.012
0.0853947 0.0045
0.0854211 0.0035
0.0854737 0.009
0.0855263 0.01
0.086 0.001
0.086 0
0.086 0.002
0.086 0.005
0.086 0.003
0.0854211 0.008
0.086 0.007
0.0861579 0.006
0.086 0.019
0.0855789 0.011
0.086 0.018
0.0858947 0.017
0.086 0.016
0.0857895 0.015
0.0856842 0.013
0.086 0.014
0.0866053 0.0145
0.0863684 0.012
0.086 0.004
0.0862368 0.009
0.0864737 0.01
0.0869474 0.001
0.087 0
0.0868421 0.003
0.087 0.002
0.0867368 0.005
0.0867895 0.004
0.0865789 0.008
0.087 0.006
0.087 0.007
0.087 0.019
0.087 0.018
0.087 0.011
0.0871053 0.017
0.087 0.016
0.0872105 0.015
0.087 0.013
0.0872632 0.014
0.0873684 0.012
0.0874737 0.01
0.087 0.009
0.0879474 0.001
0.088 0
0.0878421 0.003
0.088 0.002
0.0877368 0.005
0.088 0.006
0.088 0.004
0.0875789 0.008
0.088 0.007
0.088 0.019
0.088 0.018
0.0881053 0.017
0.0884211 0.011
0.088 0.016
0.088 0.015
0.088 0.013
0.088 0.014
0.0883684 0.012
0.0892105 0.011
0.0882368 0.01
0.088 0.009
0.0889474 0.001
0.089 0
0.0888421 0.003
0.0888947 0.002
0.0887368 0.005
0.089 0.006
0.0887895 0.004
0.089 0.008
0.089 0.007
0.089 0.019
0.089 0.018
0.0891579 0.016
0.089 0.017
0.089 0.01
0.089 0.015
0.089 0.013
0.0892632 0.014
0.0893684 0.012
0.09 0.011
0.089 0.009
0.09 0
0.0899474 0.001
0.0898421 0.003
0.09 0.002
0.0897368 0.005
0.0898421 0.006
0.09 0.004
0.0897895 0.008
0.09 0.007
0.09 0.009
0.09 0.019
0.09 0.018
0.09 0.016
0.0901053 0.017
0.0904737 0.01
0.0902105 0.015
0.09 0.013
0.09 0.014
0.0903684 0.012
0.091 0.011
0.091 0
0.0909474 0.001
0.091 0.003
0.091 0.002
0.0906842 0.006
0.0907368 0.005
0.091 0.004
0.0905789 0.008
0.0908158 0.007
0.091 0.009
0.091 0.019
0.091 0.018
0.0911053 0.017
0.0911579 0.016
0.0912105 0.015
0.0912368 0.01
0.0912632 0.014
0.091 0.013
0.0911842 0.012
0.092 0.011
0.0917632 0.009
0.092 0
0.092 0.001
0.0917895 0.004
0.092 0.003
0.0918947 0.002
0.0916316 0.007
0.0916842 0.006
0.092 0.005
0.0915789 0.008
0.0920526 0.018
0.092 0.019
0.0921053 0.017
0.0921579 0.016
0.0922105 0.015
0.092 0.01
0.0922632 0.014
0.092 0.013
0.092 0.012
0.0927895 0.011
0.0925263 0.009
0.0929474 0.001
0.093 0
0.0927368 0.005
0.093 0.002
0.093 0.004
0.0928421 0.003
0.0926316 0.007
0.093 0.006
0.093 0.008
0.093 0.018
0.093 0.019
0.094 0.019
0.093 0.017
0.093 0.016
0.093 0.015
0.093 0.014
0.093 0.01
0.093 0.013
0.093 0.012
0.0935789 0.011
0.094 0.009
0.094 0
0.094 0.001
0.094 0.005
0.094 0.004
0.094 0.002
0.094 0.003
0.094 0.007
0.094 0.006
0.094 0.008
0.094 0.017
0.094 0.018
0.095 0.019
0.094 0.016
0.094 0.015
0.094 0.014
0.094 0.013
0.094 0.01
0.094 0.012
0.0946579 0.0125
0.0944211 0.011
0.0947632 0.009
0.095 0
0.0948947 0.002
0.0949474 0.001
0.0947368 0.005
0.0947895 0.004
0.0948421 0.003
0.095 0.007
0.095 0.006
0.095 0.008
0.096 0.019
0.095 0.017
0.0950526 0.018
0.095 0.016
0.095 0.015
0.095 0.014
0.097 0.019
0.0953158 0.013
0.095 0.01
0.0953684 0.012
0.0954211 0.011
0.0955263 0.009
0.096 0
0.096 0.001
0.0958947 0.002
0.096 0.003
0.0957368 0.005
0.0957895 0.004
0.096 0.006
0.0958158 0.007
0.096 0.008
0.0960526 0.018
0.096 0.017
0.0961579 0.016
0.096 0.015
0.096 0.014
0.0970526 0.018
0.098 0.019
0.0963158 0.013
0.0964737 0.01
0.0963684 0.012
0.0962105 0.011
0.097 0.009
0.097 0
0.0969474 0.001
0.0968947 0.002
0.0967895 0.004
0.0968421 0.003
0.0967368 0.005
0.097 0.006
0.0966316 0.007
0.097 0.008
0.0971053 0.017
0.0972105 0.015
0.0971579 0.016
0.097 0.014
0.0980526 0.018
0.099 0.019
0.0972368 0.01
0.0971842 0.012
0.0973158 0.013
0.097 0.011
0.098 0
0.0977632 0.009
0.098 0.001
0.0978947 0.002
0.098 0.003
0.0977895 0.004
0.098 0.005
0.098 0.006
0.0976316 0.007
0.098 0.008
0.098 0.017
0.098 0.015
0.098 0.016
0.0982632 0.014
0.099 0.018
0.1 0.019
0.098 0.01
0.098 0.012
0.0983158 0.013
0.0984211 0.011
0.099 0
0.0985263 0.009
0.099 0.001
0.0988947 0.002
0.099 0.003
0.0987895 0.004
0.0987368 0.005
0.0988421 0.006
0.0987895 0.008
0.099 0.007
0.0991053 0.017
0.099 0.015
0.099 0.016
0.099 0.014
0.100053 0.018
0.100105 0.017
0.101 0.019
0.0994737 0.01
0.099 0.012
0.0991579 0.013
0.0994211 0.011
0.1 0
0.0999474 0.001
0.0995263 0.009
0.1 0.002
0.0998421 0.003
0.1 0.004
0.0997368 0.005
0.0998158 0.007
0.0996842 0.006
0.0995789 0.008
0.1 0.016
0.1 0.015
0.1 0.014
0.101053 0.018
0.101 0.017
0.101158 0.016
0.102 0.019
0.102053 0.018
0.100237 0.01
0.1 0.012
0.1 0.013
0.100421 0.011
0.100895 0.002
0.101 0
0.101 0.001
0.100526 0.009
0.101 0.003
0.100789 0.004
0.100737 0.005
0.101 0.006
0.100632 0.007
0.101 0.008
0.101 0.015
0.101 0.014
0.102105 0.017
0.102 0.016
0.103 0.019
0.103 0.018
0.101 0.01
0.101316 0.013
0.101 0.012
0.101421 0.011
0.102 0.003
0.101895 0.002
0.102 0
0.102 0.001
0.152 0.019
0.152 0.0171
0.101789 0.008
0.101526 0.009
0.101789 0.004
0.101842 0.006
0.101737 0.005
0.102 0.007
0.102211 0.015
0.102 0.014
0.103105 0.017
0.103158 0.016
0.104 0.019
0.104 0.018
0.104105 0.017
0.103211 0.015
0.102 0.01
0.102158 0.013
0.102211 0.011
0.102 0.012
0.102789 0.004
0.102842 0.003
0.103 0.002
0.103 0
0.103 0.001
0.151374 0.0181376
0.150853 0.019
0.150853 0.0171
0.102579 0.008
0.103 0.009
0.102684 0.006
0.102737 0.005
0.103 0.007
0.103 0.013
0.103263 0.014
0.104 0.016
0.105 0.019
0.105053 0.018
0.105 0.017
0.104211 0.015
0.103 0.011
0.103 0.01
0.103 0.012
0.103737 0.005
0.103789 0.004
0.103842 0.003
0.104 0.002
0.104 0
0.104 0.001
0.150357 0.01805
0.149861 0.019
0.149861 0.0171
0.103579 0.008
0.104 0.009
0.103684 0.006
0.104 0.007
0.104 0.012
0.104 0.013
0.104263 0.014
0.105158 0.016
0.106 0.019
0.106 0.018
0.106105 0.017
0.105 0.015
0.104474 0.01
0.104 0.011
0.104368 0.0055
0.104395 0.0045
0.104421 0.0035
0.104895 0.002
0.105 0.003
0.105 0
0.105 0.001
0.149365 0.01805
0.148869 0.019
0.148869 0.0171
0.147877 0.019
0.104579 0.008
0.104763 0.009
0.105 0.007
0.105 0.006
0.105 0.012
0.105263 0.014
0.105316 0.013
0.106 0.016
0.107 0.019
0.107053 0.018
0.107 0.017
0.106211 0.015
0.105474 0.01
0.105421 0.011
0.105526 0.009
0.105 0.005
0.105 0.004
0.106 0.005
0.105895 0.002
0.106 0.003
0.106 0
0.106 0.001
0.147877 0.01805
0.147877 0.0171
0.146886 0.019
0.146885 0.0171
0.105579 0.008
0.106 0.007
0.106 0.006
0.106 0.012
0.106316 0.013
0.106263 0.014
0.107158 0.016
0.108 0.019
0.108105 0.017
0.108 0.018
0.107211 0.015
0.106237 0.01
0.106421 0.011
0.106526 0.009
0.106 0.004
0.106789 0.004
0.106737 0.005
0.106842 0.003
0.106895 0.002
0.107 0
0.106947 0.001
0.146885 0.01805
0.145894 0.019
0.145893 0.0171
0.107 0.008
0.106816 0.007
0.107 0.006
0.107 0.012
0.107158 0.013
0.107263 0.014
0.108 0.016
0.109 0.019
0.109 0.017
0.109053 0.018
0.108211 0.015
0.107421 0.011
0.107 0.01
0.108211 0.011
0.107526 0.009
0.107789 0.008
0.107395 0.0045
0.107421 0.0035
0.108 0.005
0.108 0.003
0.108 0
0.108 0.002
0.108 0.001
0.145398 0.01805
0.144902 0.019
0.144901 0.0171
0.107632 0.007
0.108 0.006
0.108579 0.008
0.108 0.012
0.108 0.013
0.108263 0.014
0.109158 0.016
0.11 0.019
0.111 0.019
0.11 0.017
0.11 0.018
0.109211 0.015
0.108474 0.01
0.109 0.012
0.109 0.011
0.108526 0.009
0.108 0.004
0.108737 0.005
0.108842 0.003
0.109 0.002
0.109 0
0.108947 0.001
0.144406 0.01805
0.14391 0.019
0.143909 0.0171
0.112 0.019
0.109 0.007
0.109 0.006
0.109579 0.008
0.109 0.013
0.109263 0.014
0.11 0.014
0.11 0.016
0.110947 0.018
0.110895 0.017
0.11 0.015
0.112053 0.018
0.11 0.012
0.109474 0.01
0.109789 0.011
0.11 0.009
0.109 0.004
0.109789 0.004
0.11 0.005
0.11 0.003
0.109895 0.002
0.11 0
0.11 0.001
0.143414 0.01805
0.142918 0.019
0.142917 0.0171
0.113 0.019
0.11 0.007
0.110316 0.006
0.110421 0.008
0.11 0.013
0.111 0.014
0.111 0.016
0.112 0.017
0.111211 0.015
0.113 0.017
0.113 0.018
0.110579 0.011
0.111 0.012
0.110526 0.01
0.111 0.009
0.111 0.005
0.111 0.004
0.111 0.003
0.111 0.002
0.111 0
0.111 0.001
0.142422 0.01805
0.141926 0.019
0.141925 0.0171
0.114 0.019
0.113947 0.018
0.111 0.007
0.111158 0.006
0.111211 0.008
0.111316 0.013
0.112 0.014
0.112 0.015
0.112158 0.016
0.113 0.016
0.114 0.016
0.113895 0.017
0.111763 0.009
0.111421 0.011
0.112 0.012
0.112 0.01
0.112 0
0.111789 0.004
0.111737 0.005
0.111842 0.003
0.111895 0.002
0.112 0.001
0.140933 0.0171
0.140935 0.019
0.14143 0.01805
0.139943 0.019
0.115 0.019
0.115 0.017
0.114947 0.018
0.112 0.007
0.112 0.006
0.112 0.008
0.112316 0.013
0.113 0.014
0.113 0.015
0.114 0.015
0.114842 0.016
0.112526 0.009
0.113 0.008
0.112421 0.011
0.113 0.012
0.113 0.01
0.113 0.001
0.113 0
0.112789 0.004
0.113 0.006
0.112737 0.005
0.113 0.003
0.113105 0.002
0.139941 0.0171
0.139942 0.01805
0.138951 0.019
0.138949 0.0171
0.116 0.019
0.116 0.017
0.116053 0.018
0.116158 0.016
0.113 0.007
0.113684 0.013
0.114 0.014
0.114737 0.014
0.115211 0.015
0.113474 0.009
0.114 0.008
0.113579 0.011
0.114 0.012
0.114 0.01
0.113395 0.0045
0.114 0
0.114 0.001
0.114 0.004
0.114 0.006
0.114 0.005
0.114 0.003
0.114105 0.002
0.13895 0.01805
0.137959 0.019
0.137957 0.0171
0.117 0.019
0.117053 0.018
0.116211 0.015
0.117 0.017
0.117158 0.016
0.114368 0.007
0.114684 0.013
0.1155 0.014
0.115 0.008
0.114474 0.009
0.115 0.011
0.115 0.012
0.115 0.01
0.116263 0.014
0.115 0
0.115 0.001
0.115 0.004
0.115 0.006
0.115 0.005
0.115 0.003
0.115 0.002
0.137462 0.01805
0.136967 0.019
0.136965 0.0171
0.118 0.019
0.118 0.018
0.117211 0.015
0.118 0.016
0.118105 0.017
0.115632 0.007
0.116 0.013
0.116 0.012
0.116 0.008
0.115526 0.009
0.116 0.011
0.116 0.01
0.117263 0.014
0.117 0.013
0.115842 0.006
0.116 0
0.116 0.001
0.116 0.002
0.115789 0.004
0.115737 0.005
0.115842 0.003
0.13647 0.01805
0.135975 0.019
0.135973 0.0171
0.134984 0.019
0.134981 0.0171
0.119 0.018
0.119 0.019
0.12 0.019
0.118211 0.015
0.118263 0.014
0.119 0.016
0.119 0.017
0.116632 0.007
0.117 0.011
0.117 0.012
0.117 0.008
0.116526 0.009
0.117 0.01
0.118 0.013
0.118 0.012
0.116684 0.006
0.117 0
0.117 0.001
0.116895 0.002
0.117 0.003
0.117 0.005
0.116789 0.004
0.134983 0.01805
0.133992 0.019
0.133989 0.0171
0.119 0.013
0.121 0.019
0.122 0.019
0.119947 0.018
0.1209 0.0181154
0.119 0.015
0.119 0.014
0.119842 0.016
0.12 0.017
0.117632 0.007
0.118 0.011
0.118 0.01
0.117789 0.008
0.117526 0.009
0.119 0.012
0.119 0.011
0.117684 0.006
0.118 0
0.117947 0.001
0.118 0.002
0.118 0.003
0.118 0.005
0.118 0.004
0.133495 0.01805
0.133 0.019
0.133 0.0171
0.12 0.013
0.123 0.019
0.121897 0.0182593
0.1208 0.0172308
0.121455 0.0176188
0.12 0.014
0.12 0.015
0.1208 0.0152308
0.1212 0.0163463
0.120795 0.0132416
0.12 0.012
0.118632 0.007
0.119 0.01
0.119 0.009
0.118579 0.008
0.12 0.011
0.12 0.01
0.118684 0.006
0.119 0
0.119 0.001
0.119105 0.002
0.118842 0.003
0.119 0.005
0.119211 0.004
0.123394 0.0183645
0.124 0.019
0.132519 0.0180432
0.131 0.019
0.132 0.019
0.132038 0.0170864
0.120925 0.0122876
0.122823 0.017898
0.122011 0.0171221
0.120997 0.0142935
0.121599 0.0154617
0.122326 0.0162222
0.121849 0.0125753
0.12159 0.0134833
0.121055 0.0113336
0.119368 0.007
0.12 0.009
0.12 0.008
0.120998 0.00932802
0.1209 0.0102883
0.12 0.006
0.12 0.002
0.12 0
0.12 0.001
0.12 0.003
0.12 0.005
0.12 0.004
0.123778 0.0177431
0.126 0.019
0.125 0.019
0.124382 0.0183645
0.13 0.019
0.131055 0.0180068
0.131108 0.0170461
0.129 0.019
0.122109 0.0116672
0.123052 0.0169826
0.12393 0.0170319
0.121995 0.0145869
0.122658 0.0152367
0.123321 0.0158864
0.122774 0.0128629
0.122384 0.0137249
0.121799 0.0105765
0.120463 0.00707955
0.120955 0.00812506
0.121753 0.00859078
0.121995 0.00965578
0.120706 0.00227551
0.120927 0.00615909
0.120927 0.00532908
0.121 0
0.121265 0.00149383
0.120949 0.000870373
0.120706 0.00327551
0.120991 0.00436049
0.124647 0.0171858
0.127 0.019
0.126091 0.0182593
0.12536 0.0178257
0.129569 0.0179978
0.13015 0.0169727
0.128526 0.0179336
0.128 0.019
0.123164 0.0120009
0.122676 0.0111046
0.12493 0.0162926
0.124081 0.0163206
0.123204 0.0142867
0.124395 0.014876
0.123657 0.0150088
0.123716 0.0131587
0.122965 0.0102213
0.121339 0.00736389
0.122067 0.00790848
0.122615 0.00888137
0.121411 0.00255102
0.121722 0.00660272
0.121982 0.00538052
0.121809 0.00438008
0.122091 0.00154128
0.122 0
0.121897 0.000740746
0.122047 0.00336094
0.125566 0.0169345
0.127103 0.0180184
0.12618 0.0175377
0.129066 0.0168374
0.127848 0.0174905
0.124047 0.0120992
0.123553 0.0111388
0.125627 0.015947
0.124831 0.0154016
0.125133 0.0147432
0.12443 0.0139663
0.12468 0.0130819
0.123465 0.00916783
0.123935 0.0102938
0.122423 0.0071927
0.123771 0.00849388
0.12308 0.00786361
0.122284 0.00234181
0.122779 0.00647691
0.122971 0.00557029
0.122714 0.00457012
0.123015 0.00262114
0.123031 0.00179934
0.122823 0.00110204
0.123 0
0.12323 0.00373529
0.126423 0.0164924
0.127203 0.0170686
0.128064 0.016625
0.126752 0.0157675
0.125263 0.0118566
0.124503 0.0112853
0.126024 0.0150741
0.125434 0.0140848
0.125768 0.0128495
0.124315 0.0094543
0.124787 0.010205
0.123413 0.00719411
0.124694 0.00861483
0.124243 0.00748473
0.123394 0.000635492
0.12367 0.00630296
0.123922 0.00542625
0.123602 0.0047566
0.123745 0.00290047
0.124261 0.00206565
0.123778 0.00125687
0.124 0
0.12408 0.00356019
0.126888 0.0147176
0.1273 0.01615
0.127355 0.0152339
0.125961 0.0121234
0.12548 0.0103166
0.125639 0.0110141
0.126422 0.0142013
0.12654 0.0132957
0.12666 0.0123901
0.125321 0.00961915
0.125563 0.00846655
0.124562 0.00678289
0.125074 0.00777535
0.124477 0.00494049
0.124872 0.00577196
0.124414 0.0042199
0.124584 0.00299106
0.125088 0.00242193
0.124719 0.00146232
0.124858 0.00074073
0.125 0
0.125227 0.0036832
0.127409 0.0143179
0.128064 0.015675
0.128064 0.0147929
0.126469 0.0113654
0.126469 0.0100299
0.127464 0.0134018
0.127518 0.0124857
0.1273 0.0117167
0.1273 0.00994333
0.12645 0.00917406
0.126431 0.00831827
0.126377 0.00755294
0.125453 0.00693588
0.125337 0.00512101
0.125823 0.00611767
0.125709 0.00449197
0.12564 0.00297308
0.125631 0.00174379
0.125598 0.000740746
0.126561 0.00625717
0.126 0
0.126251 0.00357049
0.128064 0.0139107
0.129066 0.0154626
0.129066 0.0143785
0.127627 0.0106536
0.128064 0.0130286
0.128064 0.0121464
0.128064 0.0112643
0.128064 0.0095
0.127736 0.00882143
0.1273 0.00817
0.126838 0.0069748
0.126192 0.00530075
0.126561 0.00448383
0.126451 0.00239349
0.126449 0.00169679
0.126448 0.000981606
0.1273 0.00639667
0.126931 0.00366692
0.1273 0.00551
0.127 0
0.1273 0.00285
0.129263 0.013319
0.13015 0.0153273
0.131108 0.0152539
0.13015 0.0142678
0.129137 0.00962307
0.128631 0.0101984
0.129066 0.0122103
0.129066 0.0111262
0.128796 0.00889238
0.128465 0.00818026
0.127845 0.00698929
0.1273 0.00462333
0.127203 0.00193144
0.127363 0.000809962
0.128064 0.003325
0.1279 0.00607321
0.128009 0.00424107
0.127955 0.00515714
0.128 0
0.128064 0.002375
0.129657 0.00903178
0.13015 0.0132083
0.132038 0.0152136
0.131031 0.0143288
0.13015 0.0100298
0.13015 0.0110893
0.13015 0.0121488
0.130562 0.00865005
0.129756 0.00795997
0.129066 0.00678971
0.127848 0.00150946
0.128526 0.0010664
0.129066 0.00353736
0.129066 0.00570559
0.129066 0.00462148
0.129 0
0.129066 0.00216264
0.130878 0.00976921
0.131108 0.0123769
0.131263 0.0133426
0.133 0.0152
0.132038 0.0142614
0.132199 0.0133114
0.131108 0.010459
0.131418 0.0114314
0.131145 0.00812946
0.131359 0.00882479
0.130481 0.00767031
0.129854 0.00688816
0.129953 0.00581634
0.1293 0.0010343
0.13015 0.00367272
0.13015 0.00473223
0.13 0
0.13015 0.00202728
0.133997 0.0152
0.131573 0.00952012
0.132038 0.0123568
0.133997 0.0141636
0.133 0.0131273
0.133 0.0141636
0.132439 0.0104579
0.132359 0.0114091
0.131728 0.00760888
0.132038 0.00854773
0.131108 0.00662306
0.131108 0.00566409
0.130074 0.00100221
0.131108 0.00470511
0.131108 0.00374613
0.131806 0.00665325
0.131108 0.00195387
0.131 0
0.131055 0.000993201
0.134997 0.0152
0.134997 0.0141636
0.135996 0.0152
0.132519 0.00950681
0.135179 0.0131273
0.133 0.0100182
0.134588 0.0126091
0.133 0.0120909
0.133816 0.0131273
0.133 0.0110545
0.132679 0.00760454
0.132746 0.00876477
0.131883 0.00569763
0.131961 0.004742
0.132494 0.00626299
0.132038 0.00378638
0.133 0.00690909
0.132038 0.00191362
0.132 0
0.132519 0.000956811
0.135996 0.0141636
0.136996 0.0152
0.133453 0.00898182
0.135996 0.0131273
0.135269 0.0120909
0.133997 0.0100182
0.133997 0.0120909
0.133997 0.0110545
0.133952 0.00846364
0.133363 0.00794545
0.133 0.0038
0.133181 0.00587273
0.133 0.00483636
0.133997 0.00690909
0.133 0.0019
0.133 0
0.133495 0.00095
0.136542 0.0136455
0.137087 0.0141636
0.137996 0.0152
0.134542 0.00898182
0.134997 0.0100182
0.136587 0.0126091
0.135996 0.0120909
0.134997 0.0110545
0.134633 0.00794545
0.133997 0.00587273
0.133997 0.0038
0.133997 0.00483636
0.134724 0.00690909
0.133989 0.0019
0.133992 0
0.134983 0.00095
0.137178 0.0131273
0.138995 0.0152
0.138087 0.0141636
0.135542 0.00898182
0.135996 0.0100182
0.137269 0.0120909
0.13636 0.0110545
0.135633 0.00794545
0.134815 0.00587273
0.134997 0.00483636
0.134997 0.0038
0.135724 0.00690909
0.134981 0.0019
0.134984 0
0.135973 0.0019
0.135974 0.00095
0.139995 0.0152
0.137996 0.0131273
0.138995 0.0141636
0.139995 0.0141636
0.138268 0.0120909
0.136542 0.00898182
0.136996 0.0100182
0.138359 0.0110545
0.13736 0.0110545
0.136996 0.00794545
0.136723 0.00690909
0.135815 0.00587273
0.135906 0.00483636
0.135996 0.0038
0.135975 0
0.136965 0.0019
0.136967 0
0.137462 0.00095
0.140995 0.0152
0.141994 0.0152
0.142994 0.0152
0.140995 0.0141636
0.139177 0.0131273
0.140177 0.0131273
0.138995 0.0120909
0.137541 0.00898182
0.139359 0.0110545
0.13845 0.0100182
0.143994 0.0152
0.137996 0.00690909
0.137996 0.00794545
0.136996 0.00587273
0.137996 0.00587273
0.136905 0.00483636
0.136996 0.0038
0.137957 0.0019
0.137959 0
0.138454 0.00095
0.144993 0.0152
0.141994 0.0141636
0.143085 0.0141636
0.140995 0.0131273
0.140995 0.0120909
0.140268 0.0120909
0.138995 0.00898182
0.140177 0.0110545
0.13945 0.0100182
0.144085 0.0141636
0.138723 0.00690909
0.138995 0.00794545
0.139404 0.00639091
0.138814 0.00587273
0.137996 0.00483636
0.137996 0.0038
0.138949 0.0019
0.138951 0
0.139446 0.00095
0.145993 0.0152
0.145084 0.0141636
0.147992 0.0152
0.146993 0.0152
0.142176 0.0131273
0.143176 0.0131273
0.141994 0.0120909
0.139995 0.00794545
0.140995 0.0110545
0.139995 0.00898182
0.14045 0.0100182
0.143994 0.0131273
0.144993 0.0131273
0.139995 0.00690909
0.139995 0.00587273
0.13945 0.00535455
0.138905 0.00483636
0.138995 0.0038
0.139941 0.0019
0.139943 0
0.140934 0.00095
0.148992 0.0152
0.149992 0.0152
0.145993 0.0141636
0.14691 0.0143366
0.145993 0.0131273
0.14866 0.0145095
0.147827 0.0145095
0.142994 0.0120909
0.142358 0.0110545
0.140813 0.00794545
0.141449 0.0100182
0.140995 0.00898182
0.144266 0.0120909
0.145266 0.0120909
0.140995 0.00690909
0.140813 0.00587273
0.139995 0.0038
0.139995 0.00483636
0.140933 0.0019
0.140935 0
0.141925 0.0019
0.141926 0.00095
0.152 0.0152
0.150991 0.0152
0.150661 0.0145111
0.149595 0.013958
0.145993 0.0120909
0.147119 0.0131922
0.146744 0.0124797
0.148246 0.0132571
0.143358 0.0110545
0.142222 0.0100182
0.142994 0.0100182
0.141631 0.00794545
0.141994 0.00898182
0.141994 0.00690909
0.144357 0.0110545
0.145175 0.0110545
0.145993 0.0110545
0.141813 0.00587273
0.140995 0.00483636
0.140995 0.0038
0.141926 0
0.142917 0.0019
0.142918 0.00095
0.152 0.0141711
0.150496 0.0136476
0.151331 0.0138221
0.149496 0.0131285
0.146994 0.0115729
0.148997 0.0126095
0.147995 0.0120912
0.146932 0.0105041
0.143994 0.0100182
0.143539 0.00898182
0.142767 0.00898182
0.142631 0.00794545
0.142721 0.00690909
0.144993 0.0100182
0.145993 0.0100182
0.142994 0.00587273
0.141994 0.0038
0.141994 0.00483636
0.142918 0
0.142994 0.00483636
0.143909 0.0019
0.14391 0
0.144406 0.00095
0.152 0.0131332
0.150664 0.012438
0.151248 0.0128713
0.149747 0.0119619
0.14787 0.01099
0.148809 0.011476
0.147833 0.0101933
0.146932 0.00943536
0.143721 0.00690909
0.144539 0.00898182
0.14363 0.00794545
0.145993 0.00898182
0.143812 0.00587273
0.142994 0.0038
0.143903 0.00483636
0.144901 0.0019
0.144902 0
0.145398 0.00095
0.152 0.0120951
0.150569 0.0114993
0.151332 0.0117476
0.149998 0.010796
0.148753 0.0102809
0.147795 0.00939662
0.146744 0.00846374
0.144721 0.00690909
0.144993 0.00794545
0.145993 0.00794545
0.144993 0.00587273
0.143994 0.0038
0.144903 0.00483636
0.145893 0.0019
0.145894 0
0.146389 0.00095
0.152 0.0110571
0.151249 0.0106666
0.150522 0.00947595
0.149797 0.00978553
0.148696 0.00908583
0.14787 0.00833435
0.146744 0.00734101
0.145993 0.00690909
0.145993 0.00587273
0.145902 0.00483636
0.144993 0.0038
0.146885 0.0019
0.146886 0
0.147381 0.00095
0.152 0.010019
0.151249 0.00924165
0.150498 0.00846427
0.149597 0.00877505
0.148809 0.00801062
0.147995 0.00725483
0.147495 0.00673657
0.147119 0.00600243
0.146744 0.00457738
0.145993 0.0038
0.147877 0.0019
0.147877 0
0.148373 0.00095
0.152 0.00898098
0.151249 0.00833335
0.150498 0.00768573
0.149747 0.00768689
0.148997 0.00690951
0.148246 0.00613213
0.147495 0.00509524
0.146993 0.0038
0.148869 0.0019
0.148869 0
0.149365 0.00095
0.152 0.00794293
0.151165 0.00725244
0.150664 0.00656195
0.149854 0.00676056
0.149496 0.00587147
0.148423 0.00528028
0.14866 0.00449049
0.147992 0.0038
0.149861 0.0019
0.149861 0
0.150853 0.00095
0.152 0.00690488
0.151248 0.00612866
0.150397 0.00566293
0.149744 0.00457622
0.148992 0.0038
0.152 0.0019
0.152 0
0.150853 0.0019
0.150853 0
0.151248 0.00535013
0.152 0.00586684
0.150661 0.00448895
0.149992 0.0038
0.152 0.00482886
0.150991 0.0038
0.152 0.0038
