0 0
0 0.001
0.001 0
0 0.003
0 0.002
0.000666667 0.00133333
0 0.004
0 0.005
0 0.012
0 0.019
0.00133333 0.000666667
0.002 0
0 0.018
0 0.013
0 0.014
0 0.017
0.000833333 0.00333333
0.0012 0.0024
0.0018 0.0016
0.000714286 0.00428571
0 0.008
0 0.006
0.00075 0.00525
0 0.007
0.000727273 0.0126364
0 0.011
0.000727273 0.0117273
0 0.01
0.000692308 0.00830769
0 0.009
0.001 0.019
0.003 0
0.0025 0.002
0.0024 0.0008
0.000666667 0.0176667
0.00133333 0.0183333
0 0.015
0 0.016
0.00075 0.01375
0.00075 0.014625
0.00075 0.01675
0.00158333 0.00366667
0.00214286 0.00285714
0.00319444 0.00233333
0.0014 0.0056
0.00155556 0.00466667
0.00138462 0.00846154
0.00075 0.00733333
0.00127273 0.00654545
0.00145455 0.0132727
0.00145455 0.0124545
0.000692308 0.0106923
0.00138462 0.0113846
0.000692308 0.00923077
0.00207692 0.00878846
0.00155769 0.00936538
0.002 0.019
0.00333333 0.000666667
0.004 0
0.00357143 0.00142857
0.0015 0.0175
0.00225 0.01825
0.00133333 0.0156667
0.0015 0.0145
0.002 0.0165
0.00233333 0.004
0.00311111 0.00333333
0.00388889 0.00266667
0.00225 0.006
0.00254545 0.00509091
0.00207692 0.00769231
0.00207692 0.00692308
0.00218182 0.0139091
0.00218182 0.0131818
0.00207692 0.0120769
0.00284176 0.00862115
0.00207692 0.0109808
0.00173077 0.0102692
0.00235385 0.00972308
0.003 0.019
0.00428571 0.000714286
0.005 0
0.00466667 0.002
0.00266667 0.0173333
0.00333333 0.0181667
0.003 0.0166111
0.00225 0.01525
0.00333333 0.0158889
0.00318182 0.00436364
0.00381818 0.00363636
0.00509091 0.00290909
0.00290909 0.0145455
0.00346154 0.00553846
0.003 0.00625641
0.00306593 0.00787912
0.00352747 0.00701831
0.00276923 0.0127692
0.00346154 0.0134615
0.00286813 0.0116772
0.00360659 0.00845385
0.00325055 0.00937582
0.00278901 0.0106066
0.004 0.019
0.00544444 0.00133333
0.006 0
0.00581818 0.00218182
0.00366667 0.0174167
0.00428571 0.0182857
0.004 0.0166667
0.00363636 0.0151818
0.00436364 0.0158182
0.00415385 0.00484615
0.00484615 0.00415385
0.00553846 0.00346154
0.00623077 0.00276923
0.00415385 0.0141538
0.00438462 0.00594872
0.00421978 0.00686447
0.00405494 0.00778022
0.00365934 0.0123736
0.00438462 0.0132179
0.00401538 0.0113607
0.00414725 0.00902857
0.0040978 0.00990311
0.005 0.019
0.00636364 0.000727273
0.00654545 0.00145455
0.007 0
0.00692308 0.00207692
0.00466667 0.0174444
0.00533333 0.0182222
0.00509091 0.0164545
0.00484615 0.0148462
0.00553846 0.0155385
0.00518623 0.00507692
0.0059504 0.00436538
0.00646964 0.00384615
0.00722402 0.00317949
0.00512308 0.0137231
0.00576923 0.00589744
0.00504396 0.00782418
0.00540659 0.00686081
0.00504396 0.00868132
0.00484615 0.0121795
0.0048956 0.0113049
0.00530769 0.0129744
0.00494505 0.0104304
0.00563736 0.0108086
0.00499451 0.00955586
0.006 0.019
0.0063 0.0183
0.00727273 0.000727273
0.00761538 0.00138462
0.008 0
0.00804049 0.00253846
0.00821727 0.00358974
0.00581818 0.0170909
0.00654545 0.0175455
0.00623077 0.0162308
0.00567692 0.0144769
0.00640385 0.0154038
0.00621862 0.00530769
0.00680972 0.00476923
0.00740081 0.00423077
0.00833198 0.00461538
0.00609231 0.0136923
0.00657692 0.00642308
0.00630494 0.0071456
0.00603297 0.00786813
0.00603297 0.00901099
0.00588462 0.0118846
0.00623077 0.0127308
0.00632967 0.0111868
0.00618132 0.0100989
0.007 0.019
0.00727273 0.0182727
0.00830769 0.000692308
0.00836032 0.00169231
0.009 0
0.00915789 0.003
0.00910526 0.002
0.01 0.003
0.00921053 0.004
0.00761538 0.0176154
0.00692308 0.0169231
0.00715385 0.0161538
0.00692308 0.0144231
0.00726923 0.0152692
0.00926316 0.005
0.00725101 0.00553846
0.0082834 0.00576923
0.00706154 0.0134615
0.00738462 0.00694872
0.00702198 0.00791209
0.00702198 0.00862637
0.00702198 0.00934066
0.00715385 0.0124872
0.00692308 0.0115897
0.00721978 0.0107912
0.008 0.019
0.00830769 0.0183077
0.00830769 0.0173077
0.00905263 0.001
0.01 0
0.01 0.001
0.01 0.002
0.011 0.003
0.01 0.005
0.011 0.004
0.01 0.004
0.00796154 0.0164615
0.00796154 0.0142115
0.00813462 0.0151346
0.00931579 0.006
0.00823785 0.00662179
0.0101579 0.006
0.00803077 0.0132308
0.009 0.014
0.00819231 0.00747436
0.00801099 0.00881319
0.00801099 0.00967033
0.00803077 0.0124308
0.00796154 0.0112949
0.00810989 0.0103956
0.009 0.019
0.009 0.018
0.009 0.017
0.011 0
0.011 0.001
0.011 0.002
0.012 0.002
0.012 0.003
0.012 0.004
0.011 0.005
0.011 0.006
0.009 0.016
0.009 0.015
0.00957895 0.0155
0.00936842 0.007
0.0101842 0.007
0.009 0.013
0.01 0.014
0.009 0.008
0.009 0.009
0.009 0.01
0.009 0.012
0.009 0.011
0.011 0.007
0.01 0.019
0.0100526 0.018
0.0101053 0.017
0.0128421 0.003
0.012 0
0.012 0.001
0.0128947 0.002
0.0134211 0.0035
0.0127895 0.004
0.012 0.005
0.012 0.006
0.0101579 0.016
0.0102105 0.015
0.01 0.008
0.011 0.008
0.011 0.015
0.011 0.014
0.01 0.013
0.01 0.009
0.01 0.01
0.01 0.011
0.01 0.012
0.012 0.007
0.011 0.019
0.011 0.018
0.011 0.017
0.014 0.003
0.014 0.002
0.013 0
0.0130526 0.001
0.013 0.005
0.014 0.004
0.013 0.006
0.013 0.007
0.011 0.016
0.011 0.009
0.012 0.008
0.0115789 0.0155
0.0116053 0.0145
0.0116316 0.0135
0.011 0.013
0.0108158 0.012
0.011 0.01
0.0107895 0.011
0.013 0.008
0.012 0.019
0.0120526 0.018
0.0121053 0.017
0.0147895 0.004
0.0148421 0.003
0.014 0.001
0.0148947 0.002
0.014 0
0.014 0.005
0.015 0.005
0.014 0.006
0.014 0.007
0.0121579 0.016
0.012 0.009
0.013 0.009
0.0122632 0.014
0.0122105 0.015
0.0123158 0.013
0.0116316 0.012
0.0123158 0.0115
0.012 0.01
0.0115789 0.011
0.014 0.008
0.013 0.019
0.013 0.018
0.013 0.017
0.0156053 0.0045
0.0155263 0.0035
0.0155263 0.0025
0.015 0
0.0155263 0.0015
0.0149474 0.001
0.0156316 0.0055
0.0162632 0.005
0.015 0.006
0.0146842 0.0075
0.0153684 0.007
0.013 0.016
0.013 0.01
0.014 0.009
0.013 0.014
0.0135789 0.0155
0.013 0.015
0.0131579 0.013
0.013 0.012
0.013 0.011
0.0147105 0.0085
0.0141053 0.017
0.014 0.019
0.0140526 0.018
0.0162105 0.004
0.017 0.004
0.0161579 0.003
0.016 0
0.0161053 0.002
0.0160526 0.001
0.017 0.005
0.0163158 0.006
0.0154211 0.008
0.0163684 0.007
0.0141579 0.016
0.014 0.01
0.0147368 0.0095
0.014 0.014
0.0142105 0.015
0.014 0.013
0.014 0.012
0.014 0.011
0.0154737 0.009
0.0169737 0.0065
0.015 0.017
0.015 0.018
0.015 0.019
0.0177368 0.005
0.017 0.003
0.0177895 0.004
0.017 0.002
0.017 0
0.017 0.001
0.0176842 0.006
0.0183684 0.0055
0.0164211 0.008
0.0170263 0.0075
0.015 0.015
0.015 0.016
0.015 0.011
0.0155263 0.01
0.015 0.014
0.015 0.013
0.015 0.012
0.0164737 0.009
0.0176316 0.007
0.016 0.016
0.016 0.017
0.016 0.018
0.016 0.019
0.0183947 0.0045
0.0178421 0.003
0.0184211 0.0035
0.0178947 0.002
0.018 0
0.0179474 0.001
0.019 0.005
0.0183421 0.0065
0.019 0.006
0.0175789 0.008
0.0167895 0.015
0.016 0.014
0.016 0.015
0.016 0.011
0.0165263 0.01
0.016 0.013
0.016 0.012
0.0175263 0.009
0.0174737 0.01
0.0183158 0.0075
0.0174211 0.0155
0.0168421 0.016
0.0168947 0.017
0.0169474 0.018
0.017 0.019
0.019 0.004
0.019 0.003
0.019 0
0.019 0.002
0.019 0.001
0.02 0.005
0.02 0.006
0.019 0.007
0.02 0.007
0.0182895 0.0085
0.018 0.015
0.0173947 0.0145
0.0167368 0.014
0.017 0.013
0.017 0.011
0.017 0.012
0.0182632 0.00925
0.0182368 0.01
0.018 0.011
0.019 0.008
0.0185789 0.0155
0.018 0.019
0.018 0.016
0.018 0.017
0.018 0.018
0.02 0.004
0.02 0.003
0.02 0
0.02 0.002
0.02 0.001
0.021 0.004
0.021 0.005
0.0208421 0.006
0.0208158 0.00675
0.02 0.008
0.0207895 0.0075
0.019 0.009
0.0186053 0.0145
0.018 0.014
0.018 0.013
0.018 0.012
0.019 0.01
0.019 0.011
0.02 0.009
0.0192105 0.015
0.0191579 0.016
0.019 0.019
0.0191053 0.017
0.0190526 0.018
0.021 0.003
0.0217895 0.004
0.021 0.002
0.021 0
0.021 0.001
0.0217368 0.005
0.0216842 0.006
0.0216316 0.007
0.0207632 0.0085
0.0215789 0.008
0.02 0.01
0.019 0.013
0.0192632 0.014
0.019 0.012
0.02 0.011
0.02 0.012
0.02 0.014
0.02 0.015
0.0207368 0.0095
0.02 0.016
0.02 0.017
0.02 0.019
0.02 0.018
0.0227368 0.005
0.022 0
0.0218421 0.003
0.0224211 0.0035
0.023 0.004
0.0218947 0.002
0.0219474 0.001
0.0226842 0.006
0.0226316 0.007
0.0225789 0.008
0.0215263 0.009
0.0225263 0.009
0.0207105 0.0105
0.02 0.013
0.0206842 0.0115
0.0206579 0.0125
0.0207368 0.014
0.021 0.015
0.0214737 0.01
0.021 0.019
0.022 0.015
0.021 0.016
0.021 0.017
0.021 0.018
0.0237368 0.005
0.0236842 0.006
0.023 0
0.0229474 0.001
0.023 0.003
0.0237895 0.004
0.023 0.002
0.0236316 0.007
0.0235789 0.008
0.0235263 0.009
0.0224737 0.01
0.0234737 0.01
0.0214211 0.011
0.0213158 0.013
0.0213684 0.012
0.022 0.014
0.0224211 0.011
0.022 0.019
0.0226053 0.0145
0.0225789 0.0155
0.022 0.016
0.022 0.018
0.022 0.017
0.0243947 0.0045
0.0243684 0.0055
0.0243421 0.0065
0.024 0
0.0239474 0.001
0.0238947 0.002
0.0244211 0.0035
0.0238421 0.003
0.025 0.004
0.0243158 0.0075
0.0242895 0.0085
0.0242632 0.00925
0.0242368 0.01
0.0234211 0.011
0.0223684 0.012
0.0223158 0.013
0.0232632 0.014
0.0240263 0.0115
0.0233684 0.012
0.023 0.019
0.0232105 0.015
0.0231579 0.016
0.0231053 0.017
0.0230526 0.018
0.024 0.015
0.025 0.005
0.025 0.007
0.025 0.006
0.025 0
0.025 0.001
0.025 0.002
0.025 0.003
0.0255789 0.0035
0.0256053 0.0045
0.025 0.008
0.025 0.009
0.025 0.01
0.0245789 0.011
0.0246316 0.012
0.0233158 0.013
0.0247368 0.014
0.024 0.014
0.0239737 0.0125
0.024 0.019
0.024 0.016
0.024 0.017
0.024 0.018
0.0253947 0.0145
0.0247895 0.015
0.0256842 0.0075
0.0256316 0.0055
0.0256579 0.0065
0.0262632 0.005
0.026 0
0.026 0.001
0.026 0.002
0.0261579 0.003
0.0262105 0.004
0.027 0.004
0.0257105 0.0085
0.0257368 0.0095
0.0254211 0.011
0.025 0.019
0.0259737 0.0115
0.0253684 0.0135
0.0253684 0.012
0.0246842 0.013
0.026 0.014
0.0249474 0.018
0.0248421 0.016
0.026 0.015
0.0248947 0.017
0.0254211 0.0155
0.0264211 0.008
0.0270263 0.0075
0.0263684 0.007
0.0263158 0.006
0.027 0.005
0.027 0
0.027 0.001
0.0276053 0.0045
0.0275789 0.0035
0.027 0.002
0.027 0.003
0.0264737 0.009
0.0265263 0.01
0.0265789 0.011
0.026 0.019
0.026 0.018
0.0266316 0.012
0.026 0.013
0.0266316 0.0135
0.0266053 0.0145
0.0265789 0.0155
0.026 0.017
0.026 0.016
0.0275263 0.009
0.0275789 0.008
0.0276316 0.007
0.0273158 0.006
0.0282632 0.005
0.028 0
0.0280526 0.001
0.0282105 0.004
0.0281579 0.003
0.0281053 0.002
0.0274737 0.01
0.0274211 0.011
0.029 0.009
0.0282632 0.0095
0.027 0.019
0.0270526 0.018
0.0273684 0.012
0.0273158 0.013
0.0272105 0.015
0.0272632 0.014
0.0271579 0.016
0.0271053 0.017
0.0284211 0.008
0.0294211 0.008
0.0283684 0.007
0.0283158 0.006
0.029 0.005
0.029 0.004
0.03 0.004
0.029 0
0.029 0.001
0.029 0.003
0.029 0.002
0.0282368 0.0105
0.0282105 0.0115
0.0297632 0.009
0.029 0.01
0.028 0.019
0.028 0.018
0.0281842 0.0125
0.028 0.014
0.0280921 0.01325
0.028 0.016
0.028 0.015
0.028 0.017
0.0299737 0.0075
0.0305789 0.008
0.03 0.005
0.0293684 0.007
0.0293158 0.006
0.0306053 0.0045
0.0305789 0.0035
0.03 0.003
0.03 0
0.03 0.001
0.03 0.002
0.029 0.019
0.029 0.011
0.029 0.012
0.0305263 0.009
0.03 0.01
0.0289474 0.018
0.029 0.013
0.029 0.014
0.029 0.016
0.029 0.015
0.029 0.017
0.0313289 0.00775
0.0312895 0.0085
0.0312632 0.005
0.0306316 0.007
0.0303158 0.006
0.032 0.004
0.0312105 0.004
0.0311579 0.003
0.0311053 0.002
0.031 0
0.0310526 0.001
0.03 0.019
0.03 0.011
0.03 0.012
0.031 0.01
0.0300526 0.018
0.03 0.013
0.03 0.014
0.03 0.016
0.03 0.015
0.0301053 0.017
0.0313684 0.007
0.032 0.009
0.032 0.008
0.032 0.005
0.0313158 0.006
0.0319737 0.0065
0.0327368 0.005
0.0327895 0.004
0.032 0.003
0.032 0.002
0.032 0.001
0.032 0
0.031 0.019
0.032 0.01
0.031 0.011
0.031 0.012
0.032 0.011
0.031 0.018
0.031 0.017
0.031 0.015
0.031 0.014
0.031 0.013
0.031 0.016
0.0326316 0.007
0.0327368 0.0095
0.0327105 0.0085
0.0326711 0.00775
0.0326842 0.006
0.0333684 0.0055
0.0333947 0.0045
0.0334211 0.0035
0.0328421 0.003
0.034 0.004
0.0328947 0.002
0.0329474 0.001
0.033 0
0.032 0.019
0.0327632 0.0105
0.032 0.013
0.0328816 0.01125
0.032 0.012
0.0320526 0.018
0.0321053 0.017
0.032 0.015
0.032 0.014
0.0321579 0.016
0.0335263 0.01
0.0333684 0.007
0.0334737 0.009
0.0334211 0.008
0.0341053 0.00675
0.034 0.006
0.034 0.005
0.034 0.003
0.0347895 0.004
0.034 0.002
0.034 0.001
0.034 0
0.033 0.019
0.0342895 0.0105
0.033 0.013
0.033 0.014
0.0335789 0.011
0.033 0.012
0.033 0.018
0.033 0.017
0.033 0.015
0.033 0.016
0.0342632 0.0095
0.0342105 0.0075
0.0342368 0.0085
0.035 0.007
0.035 0.006
0.035 0.005
0.0348421 0.003
0.0354211 0.0035
0.036 0.004
0.0348947 0.002
0.035 0
0.0349474 0.001
0.034 0.019
0.035 0.01
0.035 0.011
0.034 0.013
0.034 0.014
0.034 0.012
0.034 0.018
0.034 0.017
0.034 0.016
0.034 0.015
0.035 0.015
0.035 0.009
0.035 0.008
0.036 0.009
0.036 0.007
0.036 0.006
0.036 0.005
0.0366053 0.0045
0.036 0
0.0365789 0.0035
0.036 0.003
0.036 0.002
0.036 0.001
0.035 0.019
0.036 0.01
0.036 0.011
0.035 0.012
0.035 0.014
0.0348421 0.013
0.036 0.012
0.035 0.018
0.035 0.017
0.0356053 0.0145
0.0355789 0.0155
0.035 0.016
0.036 0.008
0.0367368 0.0095
0.0367105 0.0085
0.037 0.007
0.037 0.006
0.0372632 0.005
0.0372105 0.004
0.037 0
0.0371579 0.003
0.0371053 0.002
0.0370526 0.001
0.036 0.019
0.0367632 0.0105
0.0367895 0.0115
0.0362632 0.014
0.0356842 0.013
0.0368947 0.01225
0.037 0.014
0.0360526 0.018
0.0361053 0.017
0.0362105 0.015
0.037 0.015
0.0361579 0.016
0.0374211 0.008
0.0375263 0.01
0.0374737 0.009
0.0380263 0.0075
0.038 0.006
0.038 0.004
0.038 0.005
0.0386316 0.0055
0.038 0.003
0.038 0
0.038 0.002
0.038 0.001
0.037 0.019
0.0384737 0.01
0.0375789 0.011
0.0376316 0.0135
0.0376316 0.012
0.037 0.013
0.0382632 0.014
0.0376053 0.0145
0.037 0.018
0.0375789 0.0155
0.037 0.017
0.037 0.016
0.0385789 0.008
0.0393684 0.007
0.0385263 0.009
0.0386316 0.007
0.039 0
0.0393158 0.006
0.0387895 0.004
0.0392632 0.005
0.0388421 0.003
0.0389474 0.001
0.0388947 0.002
0.0394737 0.009
0.038 0.019
0.0395263 0.01
0.0384211 0.011
0.0383684 0.012
0.0390263 0.0115
0.0383158 0.013
0.039 0.014
0.039 0.015
0.0382105 0.015
0.0380526 0.018
0.0381579 0.016
0.0381053 0.017
0.0401579 0.006
0.0400658 0.00675
0.0399737 0.0075
0.0394211 0.008
0.0394211 0.0035
0.04 0.001
0.04 0
0.04 0.005
0.04 0.004
0.04 0.003
0.04 0.002
0.0405263 0.009
0.0404737 0.01
0.039 0.019
0.0395789 0.011
0.0389737 0.0125
0.0396316 0.012
0.0396579 0.0135
0.0396053 0.0145
0.0395789 0.0155
0.039 0.016
0.039 0.018
0.039 0.017
0.041 0.005
0.041 0.006
0.041 0.007
0.0405789 0.008
0.041 0
0.041 0.001
0.041 0.004
0.041 0.003
0.041 0.002
0.0412895 0.0085
0.0412632 0.00925
0.0412368 0.01
0.0412105 0.011
0.0404211 0.011
0.04 0.019
0.0403684 0.012
0.0403158 0.013
0.0402632 0.014
0.0402105 0.015
0.0401579 0.016
0.0401053 0.017
0.0400526 0.018
0.042 0.005
0.042 0.006
0.042 0.007
0.042 0.008
0.0415789 0.0035
0.042 0
0.0420526 0.001
0.0422105 0.004
0.0421579 0.003
0.0421053 0.002
0.042 0.009
0.042 0.01
0.042 0.011
0.042 0.012
0.0411842 0.012
0.041 0.019
0.0411579 0.013
0.041 0.014
0.041 0.015
0.041 0.017
0.041 0.016
0.041 0.018
0.043 0.005
0.043 0.006
0.043 0.008
0.043 0.007
0.0436053 0.0045
0.043 0
0.043 0.001
0.043 0.003
0.043 0.004
0.043 0.002
0.043 0.009
0.043 0.01
0.043 0.011
0.043 0.012
0.042 0.013
0.0419474 0.018
0.042 0.019
0.042 0.014
0.042 0.015
0.042 0.016
0.0424737 0.0175
0.0418947 0.017
0.0442632 0.005
0.0436316 0.0055
0.0436579 0.0065
0.0437105 0.0085
0.0436842 0.0075
0.0442105 0.004
0.045 0.004
0.044 0
0.0439474 0.001
0.044 0.002
0.044 0.003
0.0437368 0.0095
0.0437632 0.0105
0.0437895 0.0115
0.0438158 0.0125
0.043 0.013
0.043 0.019
0.0430526 0.018
0.043 0.014
0.043 0.015
0.043 0.016
0.0431053 0.017
0.0443684 0.007
0.045 0.005
0.0443158 0.006
0.0444737 0.009
0.0444211 0.008
0.0449737 0.0075
0.0452368 0.009
0.0455789 0.0035
0.0456053 0.0045
0.045 0.003
0.045 0
0.045 0.001
0.045 0.002
0.0445263 0.01
0.0445789 0.011
0.0446316 0.012
0.0446842 0.013
0.044 0.014
0.0439079 0.01325
0.044 0.018
0.044 0.019
0.044 0.015
0.044 0.016
0.044 0.017
0.045 0.019
0.0449737 0.0065
0.0462632 0.005
0.0456579 0.0055
0.0452632 0.00975
0.0456316 0.007
0.0463158 0.0075
0.0455789 0.008
0.046 0.009
0.0461579 0.003
0.0462105 0.004
0.0461053 0.002
0.046 0
0.0460526 0.001
0.047 0.004
0.047 0.005
0.0452895 0.0105
0.0453158 0.0115
0.0453421 0.0125
0.0453684 0.0135
0.0447368 0.014
0.045 0.015
0.045 0.018
0.045 0.016
0.045 0.017
0.046 0.019
0.0463158 0.006
0.046 0.01
0.047 0.01
0.047 0.009
0.047 0.007
0.047 0.008
0.0475789 0.0035
0.047 0.002
0.047 0.003
0.047 0.001
0.047 0
0.0476053 0.0045
0.0476579 0.0055
0.046 0.011
0.046 0.012
0.046 0.013
0.046 0.018
0.046 0.014
0.046 0.015
0.046 0.017
0.046 0.016
0.047 0.019
0.0476579 0.0065
0.047 0.011
0.0477632 0.0105
0.0477368 0.0095
0.0477105 0.0085
0.0476842 0.0075
0.0482105 0.004
0.0481579 0.003
0.0478947 0.002
0.0479474 0.001
0.048 0
0.049 0.004
0.0482632 0.005
0.049 0.005
0.0483158 0.006
0.047 0.012
0.047 0.013
0.047 0.014
0.0470526 0.018
0.047 0.015
0.0471053 0.017
0.048 0.015
0.047 0.016
0.048 0.019
0.0483684 0.007
0.0477895 0.0115
0.0485789 0.011
0.0485263 0.01
0.0484737 0.009
0.0484211 0.008
0.049 0.003
0.049 0.002
0.049 0.001
0.049 0
0.05 0.003
0.05 0.004
0.0490921 0.00575
0.05 0.005
0.0491842 0.0065
0.0478421 0.013
0.0478158 0.01225
0.048 0.014
0.048 0.018
0.0486053 0.0145
0.0485789 0.0155
0.048 0.017
0.048 0.016
0.049 0.019
0.0492105 0.0075
0.0486316 0.012
0.0494211 0.011
0.0494737 0.01
0.0492368 0.0085
0.051 0.003
0.05 0.002
0.05 0.001
0.05 0
0.051 0.002
0.051 0.004
0.05 0.006
0.051 0.005
0.05 0.007
0.0486842 0.013
0.0492632 0.014
0.0490526 0.018
0.0492105 0.015
0.0491579 0.016
0.0491053 0.017
0.05 0.019
0.05 0.008
0.0493684 0.012
0.0500263 0.0115
0.0505789 0.011
0.0505263 0.01
0.05 0.009
0.051 0.019
0.0517895 0.004
0.0518421 0.003
0.051 0
0.051 0.001
0.0518947 0.002
0.0517368 0.005
0.051 0.006
0.051 0.007
0.052 0.006
0.05 0.015
0.05 0.014
0.05 0.013
0.05 0.018
0.05 0.016
0.05 0.017
0.0509474 0.018
0.0507895 0.015
0.051 0.008
0.0506316 0.012
0.0513158 0.0115
0.0512895 0.0105
0.051 0.009
0.052 0.018
0.052 0.019
0.0525263 0.0045
0.0524737 0.0035
0.0525263 0.0025
0.052 0
0.0519474 0.001
0.0525263 0.0015
0.0526316 0.0055
0.052 0.007
0.052 0.008
0.0526579 0.0065
0.0532632 0.005
0.0507368 0.014
0.051 0.013
0.0508947 0.017
0.0508421 0.016
0.052 0.017
0.0513947 0.0145
0.0514211 0.0155
0.052 0.009
0.052 0.012
0.052 0.011
0.052 0.01
0.0528947 0.017
0.0529474 0.018
0.053 0.019
0.0534737 0.0175
0.0532105 0.004
0.054 0.004
0.0531579 0.003
0.0531053 0.002
0.053 0
0.0530526 0.001
0.0533158 0.006
0.0527105 0.0085
0.0526842 0.0075
0.0533684 0.007
0.054 0.005
0.052 0.013
0.052 0.014
0.052 0.016
0.052 0.015
0.053 0.016
0.0527368 0.0095
0.0528158 0.012
0.0527895 0.011
0.0527632 0.01025
0.054 0.019
0.0538421 0.016
0.0541053 0.017
0.0540526 0.018
0.054 0.003
0.0547895 0.004
0.054 0.002
0.054 0.001
0.054 0
0.0541579 0.006
0.0534737 0.009
0.0534211 0.008
0.0541842 0.007
0.055 0.005
0.0536316 0.012
0.0528421 0.013
0.053 0.014
0.053 0.015
0.0537895 0.015
0.0544211 0.0155
0.0535263 0.01
0.0535789 0.011
0.055 0.019
0.055 0.016
0.055 0.017
0.055 0.018
0.056 0.005
0.0548421 0.003
0.0554211 0.0035
0.056 0.004
0.0548947 0.002
0.0549474 0.001
0.055 0
0.0544737 0.01
0.055 0.006
0.0545263 0.009
0.0545789 0.008
0.055 0.007
0.0558421 0.006
0.0543684 0.012
0.0536842 0.013
0.0537368 0.014
0.0543947 0.0145
0.055 0.015
0.0550263 0.0115
0.0544211 0.011
0.0557895 0.015
0.0559474 0.018
0.056 0.019
0.0558421 0.016
0.0558947 0.017
0.0566842 0.006
0.0567368 0.005
0.0567895 0.004
0.056 0.003
0.056 0.002
0.056 0.001
0.056 0
0.0555263 0.01
0.0554737 0.009
0.0558158 0.007
0.0554211 0.008
0.0566316 0.007
0.0550263 0.0125
0.0543421 0.0135
0.055 0.014
0.0557368 0.014
0.0556316 0.012
0.0555789 0.011
0.0563947 0.0145
0.0564211 0.0155
0.057 0.019
0.057 0.017
0.057 0.018
0.057 0.016
0.0573947 0.0045
0.0573421 0.0065
0.0573684 0.0055
0.0574211 0.0035
0.0568421 0.003
0.0568947 0.002
0.0569474 0.001
0.057 0
0.0564211 0.011
0.0564737 0.01
0.0565263 0.009
0.0565789 0.008
0.0573158 0.0075
0.058 0.007
0.0556842 0.013
0.0563684 0.0135
0.0563684 0.012
0.0569737 0.0115
0.057 0.014
0.057 0.015
0.0576053 0.0145
0.058 0.019
0.058 0.016
0.0579474 0.018
0.0578947 0.017
0.058 0.005
0.058 0.004
0.058 0.006
0.0586579 0.0065
0.058 0.003
0.058 0.001
0.058 0.002
0.0587895 0.004
0.058 0
0.0575789 0.011
0.0575263 0.01
0.0574737 0.009
0.058 0.008
0.0586842 0.0075
0.057 0.013
0.0576316 0.012
0.0576316 0.0135
0.0583684 0.012
0.0582105 0.015
0.0582632 0.014
0.059 0.019
0.059 0.018
0.059 0.016
0.059 0.017
0.0587368 0.005
0.0593684 0.007
0.0593158 0.006
0.0593947 0.0045
0.0589474 0.001
0.0588421 0.003
0.0588947 0.002
0.0594211 0.0035
0.059 0
0.0600263 0.0075
0.0589737 0.0115
0.0584211 0.011
0.0584737 0.01
0.0585263 0.009
0.0594737 0.009
0.0594211 0.008
0.0596316 0.012
0.0583158 0.013
0.0590263 0.0125
0.059 0.014
0.059 0.015
0.0597895 0.015
0.06 0.019
0.0600526 0.018
0.0598947 0.017
0.0604211 0.0155
0.0598421 0.016
0.06 0.005
0.0599737 0.0065
0.0599868 0.00575
0.0606316 0.007
0.06 0.004
0.06 0.001
0.06 0.002
0.06 0.003
0.06 0
0.0605789 0.008
0.0595789 0.011
0.0595263 0.01
0.0605263 0.009
0.0603684 0.012
0.0596842 0.013
0.0597368 0.014
0.0603947 0.0145
0.061 0.015
0.061 0.019
0.061 0.018
0.061 0.017
0.061 0.016
0.0615789 0.0155
0.061 0.005
0.061 0.006
0.0613684 0.007
0.062 0.005
0.061 0.001
0.062 0.004
0.061 0.004
0.061 0.002
0.061 0.003
0.061 0
0.0620263 0.0075
0.0614211 0.008
0.0604211 0.011
0.0604737 0.01
0.0609737 0.0115
0.0614737 0.009
0.0615263 0.01
0.0616053 0.0145
0.0610263 0.0125
0.0603421 0.0135
0.061 0.014
0.0616316 0.012
0.062 0.019
0.0622105 0.015
0.063 0.015
0.0620526 0.018
0.0621053 0.017
0.0621579 0.016
0.062 0.006
0.0626316 0.007
0.0626316 0.0055
0.0626053 0.0045
0.0632632 0.005
0.0625789 0.0035
0.062 0.001
0.062 0.003
0.062 0.002
0.062 0
0.0633684 0.007
0.0625789 0.008
0.0625263 0.009
0.0615789 0.011
0.0623158 0.0115
0.0624737 0.01
0.0622632 0.014
0.0616842 0.013
0.0623421 0.0125
0.063 0.014
0.063 0.012
0.0636053 0.0145
0.0635789 0.0155
0.063 0.019
0.063 0.016
0.063 0.018
0.063 0.017
0.0633158 0.006
0.064 0.005
0.0632105 0.004
0.064 0.004
0.0631579 0.003
0.0629474 0.001
0.0631053 0.002
0.063 0
0.0639737 0.0065
0.0640263 0.0075
0.0634211 0.008
0.0634737 0.009
0.0635263 0.01
0.063 0.011
0.063 0.013
0.0642632 0.014
0.0636316 0.0135
0.064 0.012
0.0642105 0.015
0.065 0.015
0.0641579 0.016
0.064 0.019
0.0641053 0.017
0.0640526 0.018
0.0646842 0.006
0.0647368 0.005
0.064 0.003
0.0647895 0.004
0.064 0.002
0.064 0.001
0.064 0
0.0646316 0.007
0.0645789 0.008
0.0645263 0.009
0.0644737 0.01
0.0644211 0.011
0.065 0.014
0.0643158 0.013
0.065 0.012
0.0657368 0.014
0.065 0.016
0.0657895 0.015
0.065 0.017
0.065 0.019
0.065 0.018
0.0653421 0.0065
0.0653684 0.0055
0.0653947 0.0045
0.0648421 0.003
0.0654211 0.0035
0.0648947 0.002
0.065 0
0.0649474 0.001
0.0653158 0.0075
0.0652895 0.0085
0.0652632 0.0095
0.0652105 0.011
0.0652368 0.01025
0.066 0.007
0.0656842 0.013
0.066 0.012
0.0663684 0.0135
0.0663947 0.0145
0.0664211 0.0155
0.0658421 0.016
0.0658947 0.017
0.066 0.019
0.0659474 0.018
0.066 0.006
0.066 0.005
0.066 0.004
0.066 0.002
0.066 0.003
0.066 0
0.0660526 0.001
0.066 0.008
0.066 0.009
0.066 0.01
0.066 0.011
0.067 0.006
0.067 0.007
0.067 0.013
0.067 0.012
0.067 0.011
0.067 0.014
0.067 0.015
0.067 0.016
0.067 0.017
0.067 0.019
0.067 0.018
0.067 0.004
0.067 0.005
0.067 0.003
0.067 0.002
0.067 0
0.067 0.001
0.067 0.008
0.067 0.009
0.067 0.01
0.068 0.006
0.068 0.007
0.068 0.013
0.068 0.012
0.068 0.011
0.068 0.01
0.068 0.014
0.068 0.015
0.068 0.016
0.068 0.017
0.068 0.019
0.068 0.018
0.069 0.013
0.0682632 0.005
0.0677895 0.004
0.0678421 0.003
0.0678947 0.002
0.068 0
0.0679474 0.001
0.068 0.008
0.068 0.009
0.069 0.006
0.069 0.007
0.069 0.012
0.069 0.011
0.069 0.01
0.069 0.009
0.069 0.014
0.069 0.015
0.0691579 0.016
0.0691053 0.017
0.0690526 0.018
0.069 0.019
0.0698421 0.013
0.07 0.014
0.0698158 0.01225
0.0684211 0.0035
0.069 0.005
0.069 0.004
0.069 0.003
0.069 0.002
0.069 0
0.069 0.001
0.069 0.008
0.07 0.006
0.0708421 0.006
0.07 0.007
0.0697895 0.0115
0.0697632 0.0105
0.0697105 0.0085
0.0697368 0.0095
0.07 0.015
0.07 0.016
0.07 0.017
0.07 0.018
0.07 0.019
0.0706316 0.012
0.0707368 0.014
0.0706842 0.013
0.07 0.005
0.071 0.005
0.07 0.004
0.0716842 0.006
0.07 0.003
0.07 0.002
0.07 0
0.07 0.001
0.0704211 0.008
0.0716316 0.007
0.0708158 0.007
0.0705789 0.011
0.0705263 0.01
0.0704737 0.009
0.0723158 0.0075
0.0707895 0.015
0.0715 0.014
0.0714211 0.0155
0.0708421 0.016
0.071 0.019
0.0708947 0.017
0.0709474 0.018
0.0713684 0.012
0.0715 0.013
0.071 0.004
0.0717368 0.005
0.071 0.003
0.0723421 0.0065
0.0723684 0.0055
0.071 0.002
0.071 0.001
0.071 0
0.073 0.007
0.0715789 0.008
0.0714211 0.011
0.0714737 0.01
0.0715263 0.009
0.073 0.008
0.0722632 0.014
0.072 0.015
0.0725789 0.0155
0.072 0.016
0.072 0.019
0.072 0.018
0.072 0.017
0.0723158 0.013
0.0723684 0.012
0.0732632 0.014
0.0723947 0.0045
0.0717895 0.004
0.0718421 0.003
0.073 0.006
0.073 0.005
0.0718947 0.002
0.0719474 0.001
0.072 0
0.074 0.007
0.074 0.006
0.074 0.008
0.0725263 0.009
0.0724211 0.011
0.0724737 0.01
0.0735263 0.009
0.0733684 0.012
0.074 0.015
0.0732105 0.015
0.0731579 0.016
0.0731053 0.017
0.073 0.019
0.0730526 0.018
0.0739737 0.0125
0.0733158 0.013
0.074 0.014
0.073 0.004
0.0728421 0.003
0.0737895 0.004
0.074 0.005
0.0728947 0.002
0.073 0
0.0729474 0.001
0.0747895 0.008
0.0748158 0.007
0.0748421 0.006
0.075 0.005
0.0744737 0.009
0.0734737 0.01
0.0734211 0.011
0.0745263 0.01
0.0740263 0.0115
0.0746316 0.012
0.0746053 0.0145
0.0745789 0.0155
0.074 0.016
0.074 0.017
0.074 0.018
0.074 0.019
0.0746842 0.013
0.0752632 0.014
0.0753421 0.0125
0.0744211 0.0035
0.0738421 0.003
0.075 0.004
0.0738947 0.002
0.074 0
0.0739474 0.001
0.0755263 0.009
0.0755789 0.008
0.0756316 0.007
0.0757368 0.005
0.0756842 0.006
0.0754737 0.01
0.0745789 0.011
0.0753158 0.0115
0.0762368 0.01
0.0762632 0.00925
0.076 0.015
0.0752105 0.015
0.0751579 0.016
0.075 0.017
0.075 0.019
0.075 0.018
0.076 0.014
0.076 0.013
0.076 0.012
0.075 0.003
0.0757895 0.004
0.075 0.002
0.075 0
0.075 0.001
0.0763947 0.0045
0.0762895 0.0085
0.0763158 0.0075
0.0763421 0.0065
0.0763684 0.0055
0.077 0.009
0.0766842 0.0115
0.076 0.011
0.077 0.01
0.0766053 0.0145
0.0765789 0.0155
0.076 0.016
0.076 0.017
0.076 0.018
0.076 0.019
0.0766316 0.0135
0.0766579 0.0125
0.0773684 0.012
0.0772632 0.014
0.0758421 0.003
0.077 0.004
0.0764211 0.0035
0.076 0
0.0758947 0.002
0.0759474 0.001
0.077 0.005
0.077 0.008
0.077 0.007
0.077 0.006
0.0777105 0.0085
0.0777368 0.0095
0.0774211 0.011
0.0779737 0.0115
0.0772105 0.015
0.0771579 0.016
0.0768947 0.017
0.077 0.019
0.0769474 0.018
0.078 0.015
0.0773158 0.013
0.0780263 0.0125
0.078 0.014
0.0776053 0.0045
0.0775789 0.0035
0.077 0.003
0.077 0.001
0.077 0
0.077 0.002
0.0776316 0.0055
0.0776842 0.0075
0.0776579 0.0065
0.0784211 0.008
0.0784737 0.009
0.0785263 0.01
0.078 0.019
0.0785789 0.011
0.0786316 0.012
0.078 0.016
0.078 0.017
0.078 0.018
0.0787895 0.015
0.0787368 0.014
0.0786842 0.013
0.0782632 0.005
0.0782105 0.004
0.0781579 0.003
0.078 0
0.0781053 0.002
0.0779474 0.001
0.0783158 0.006
0.0792632 0.005
0.0783684 0.007
0.0793026 0.00775
0.079 0.019
0.0792368 0.0085
0.0792632 0.0095
0.0792895 0.0105
0.0789474 0.018
0.0793158 0.0115
0.0793421 0.0125
0.0788421 0.016
0.0788947 0.017
0.0794211 0.0155
0.0793947 0.0145
0.0793684 0.0135
0.0792105 0.004
0.0791579 0.003
0.0791053 0.002
0.079 0
0.0790526 0.001
0.08 0.004
0.0793158 0.006
0.08 0.005
0.0793684 0.007
0.0799737 0.0065
0.08 0.008
0.08 0.019
0.08 0.018
0.08 0.009
0.08 0.01
0.08 0.011
0.08 0.017
0.08 0.012
0.08 0.013
0.08 0.016
0.08 0.015
0.08 0.014
0.08 0.003
0.08 0.002
0.08 0.001
0.08 0
0.0807895 0.004
0.0807368 0.005
0.0806842 0.006
0.081 0.008
0.0806316 0.007
0.081 0.019
0.081 0.018
0.081 0.017
0.081 0.009
0.081 0.01
0.081 0.011
0.081 0.016
0.081 0.012
0.081 0.013
0.0815789 0.0155
0.081 0.015
0.081 0.014
0.0808421 0.003
0.0808947 0.002
0.0809474 0.001
0.081 0
0.0814211 0.0035
0.0813947 0.0045
0.0813684 0.0055
0.0813421 0.0065
0.082 0.008
0.082 0.007
0.082 0.019
0.0819474 0.018
0.0818947 0.017
0.082 0.009
0.082 0.01
0.082 0.011
0.0827105 0.0085
0.0821579 0.016
0.082 0.012
0.082 0.013
0.0822105 0.015
0.082 0.014
0.082 0.003
0.082 0.002
0.082 0.001
0.082 0
0.082 0.004
0.082 0.005
0.0827895 0.004
0.082 0.006
0.0826842 0.0075
0.0826579 0.0065
0.0834211 0.008
0.083 0.019
0.083 0.018
0.083 0.017
0.0827368 0.0095
0.0827632 0.0105
0.0827895 0.0115
0.0834737 0.009
0.083 0.016
0.0828421 0.013
0.0828158 0.01225
0.083 0.015
0.083 0.014
0.0828421 0.003
0.0828947 0.002
0.0829474 0.001
0.083 0
0.0834211 0.0035
0.0827368 0.005
0.0833947 0.0045
0.0842368 0.0085
0.0833158 0.006
0.0833684 0.007
0.0842105 0.00775
0.084 0.018
0.084 0.019
0.084 0.016
0.084 0.017
0.0835789 0.011
0.0835263 0.01
0.0836316 0.012
0.0842632 0.0095
0.085 0.009
0.0843684 0.012
0.084 0.015
0.0836842 0.013
0.0837368 0.014
0.085 0.015
0.133 0.019
0.131853 0.019
0.133 0.0171
0.084 0.003
0.084 0.002
0.084 0.001
0.084 0
0.084 0.004
0.084 0.005
0.0847895 0.004
0.085 0.008
0.0841579 0.006
0.0841842 0.007
0.085 0.007
0.085 0.019
0.086 0.019
0.085 0.016
0.085 0.018
0.085 0.017
0.0857895 0.015
0.0857632 0.009
0.0844211 0.011
0.085 0.01
0.0850263 0.0115
0.0850263 0.0125
0.085 0.014
0.0843421 0.0135
0.0857368 0.014
0.0863947 0.0145
0.130861 0.019
0.131853 0.01805
0.131853 0.0171
0.0848421 0.003
0.0848947 0.002
0.0849474 0.001
0.085 0
0.0847368 0.005
0.0854211 0.0035
0.0853947 0.0045
0.0857895 0.008
0.085 0.006
0.0858158 0.007
0.087 0.019
0.0859474 0.018
0.087 0.018
0.0858421 0.016
0.0858947 0.017
0.0864211 0.0155
0.087 0.015
0.0865263 0.009
0.0864737 0.01
0.0855789 0.011
0.0856316 0.012
0.0863684 0.0135
0.0856842 0.013
0.087 0.014
0.0864211 0.011
0.129869 0.019
0.130861 0.01805
0.130861 0.0171
0.086 0.003
0.086 0.002
0.086 0
0.086 0.001
0.086 0.005
0.086 0.004
0.0867895 0.004
0.0865789 0.008
0.0866316 0.007
0.086 0.006
0.088 0.019
0.087 0.017
0.0880526 0.018
0.087 0.016
0.0876053 0.0145
0.0875789 0.0155
0.0874737 0.009
0.0875263 0.01
0.0863684 0.012
0.0870263 0.0115
0.087 0.013
0.0876316 0.0135
0.0875789 0.011
0.128877 0.019
0.129869 0.0171
0.129869 0.01805
0.128877 0.0171
0.0868421 0.003
0.0868947 0.002
0.087 0
0.0869474 0.001
0.0874211 0.0035
0.0873947 0.0045
0.0867368 0.005
0.0874211 0.008
0.0873684 0.007
0.0873158 0.006
0.089 0.019
0.0881053 0.017
0.089 0.018
0.0881579 0.016
0.0882368 0.0085
0.0882632 0.014
0.0882105 0.015
0.0884737 0.01
0.0876316 0.012
0.0883158 0.013
0.0884211 0.011
0.127886 0.019
0.128877 0.01805
0.127885 0.0171
0.088 0.003
0.088 0
0.088 0.002
0.088 0.001
0.088 0.004
0.088 0.005
0.0880921 0.00575
0.0882105 0.0075
0.0881842 0.0065
0.09 0.019
0.09 0.018
0.089 0.017
0.09 0.017
0.089 0.016
0.089 0.008
0.089 0.009
0.0895263 0.01
0.089 0.014
0.089 0.015
0.0895789 0.011
0.0883684 0.012
0.0891579 0.013
0.0890263 0.0115
0.126894 0.019
0.127389 0.01805
0.126893 0.0171
0.089 0.003
0.089 0
0.089 0.002
0.089 0.001
0.089 0.004
0.089 0.005
0.089 0.006
0.089 0.007
0.091 0.019
0.091 0.018
0.091 0.017
0.09 0.016
0.091 0.016
0.09 0.015
0.09 0.008
0.09 0.009
0.0902895 0.0105
0.09 0.014
0.09 0.013
0.0903158 0.0115
0.0896316 0.012
0.125902 0.019
0.126398 0.01805
0.125901 0.0171
0.09 0.003
0.09 0.002
0.09 0
0.09 0.001
0.09 0.004
0.09 0.005
0.09 0.006
0.091 0.004
0.0903684 0.007
0.091 0.008
0.092 0.019
0.092 0.018
0.092 0.017
0.092 0.016
0.091 0.015
0.092 0.015
0.0925789 0.0155
0.091 0.014
0.091 0.009
0.091 0.01
0.091 0.011
0.091 0.013
0.091 0.012
0.12491 0.019
0.125406 0.01805
0.124909 0.0171
0.091 0
0.091 0.003
0.091 0.002
0.091 0.001
0.091 0.005
0.0908421 0.006
0.0917895 0.004
0.0917368 0.005
0.0916316 0.007
0.0917105 0.0085
0.0916711 0.00775
0.093 0.019
0.0930526 0.018
0.0931053 0.017
0.0931579 0.016
0.092 0.014
0.0926053 0.0145
0.0932105 0.015
0.092 0.013
0.092 0.01
0.092 0.011
0.092 0.012
0.123918 0.019
0.124414 0.01805
0.123917 0.0171
0.092 0
0.0919474 0.001
0.0924211 0.0035
0.0918421 0.003
0.0918947 0.002
0.0916842 0.006
0.093 0.004
0.0923947 0.0045
0.0923684 0.0055
0.0923684 0.007
0.0924737 0.009
0.0930263 0.0075
0.0924211 0.008
0.094 0.019
0.094 0.018
0.094 0.017
0.094 0.016
0.0926316 0.0135
0.0932632 0.014
0.094 0.015
0.0926579 0.0125
0.0927105 0.0105
0.0926842 0.0115
0.0945789 0.0155
0.122926 0.019
0.123422 0.01805
0.122925 0.0171
0.093 0
0.093 0.001
0.093 0.002
0.093 0.003
0.0935789 0.0035
0.093 0.006
0.0936053 0.0045
0.093 0.005
0.0936316 0.007
0.0935263 0.009
0.0934737 0.01
0.0935789 0.008
0.095 0.019
0.095 0.018
0.0951053 0.017
0.0951579 0.016
0.0946053 0.0145
0.0933158 0.013
0.094 0.014
0.0933684 0.012
0.0934211 0.011
0.0939737 0.0115
0.0952105 0.015
0.121935 0.019
0.12243 0.01805
0.121933 0.0171
0.094 0
0.0940526 0.001
0.0941053 0.002
0.0945263 0.01
0.0941579 0.003
0.0942105 0.004
0.095 0.004
0.094 0.006
0.0942632 0.005
0.095 0.005
0.0949737 0.0075
0.0943684 0.007
0.0944737 0.009
0.0944211 0.008
0.096 0.018
0.096 0.019
0.096 0.017
0.096 0.016
0.0952632 0.014
0.0943158 0.013
0.0946316 0.012
0.0945789 0.011
0.096 0.015
0.0965789 0.0155
0.120943 0.019
0.121438 0.01805
0.120941 0.0171
0.095 0
0.095 0.001
0.095 0.002
0.0954211 0.011
0.0954737 0.01
0.095 0.003
0.0955789 0.0035
0.0956053 0.0045
0.095 0.006
0.0956316 0.0055
0.0955789 0.008
0.0956316 0.007
0.0955263 0.009
0.097 0.019
0.097 0.018
0.0971053 0.017
0.0971579 0.016
0.096 0.014
0.0960263 0.0115
0.0953158 0.013
0.0953684 0.012
0.0966053 0.0145
0.0972105 0.015
0.119951 0.019
0.120446 0.01805
0.119949 0.0171
0.096 0
0.0961053 0.002
0.0960526 0.001
0.0965789 0.011
0.0965263 0.01
0.0961579 0.003
0.0962105 0.004
0.0962632 0.005
0.0963684 0.007
0.0963158 0.006
0.0969737 0.0075
0.0964737 0.009
0.0964211 0.008
0.098 0.019
0.098 0.018
0.098 0.017
0.098 0.016
0.0966579 0.0135
0.0966316 0.012
0.0959737 0.0125
0.0973684 0.012
0.0972632 0.014
0.098 0.015
0.0985789 0.0155
0.118959 0.019
0.118957 0.0171
0.119454 0.01805
0.117967 0.019
0.117965 0.0171
0.097 0
0.097 0.002
0.097 0.001
0.0979737 0.0115
0.0974211 0.011
0.0974737 0.01
0.097 0.003
0.097 0.004
0.097 0.005
0.0976579 0.0055
0.0969737 0.0065
0.0976316 0.007
0.0975789 0.008
0.0975263 0.009
0.099 0.019
0.0990526 0.018
0.0991053 0.017
0.0991579 0.016
0.0973158 0.013
0.0979737 0.0125
0.0986053 0.0145
0.098 0.014
0.0992105 0.015
0.116975 0.019
0.117966 0.01805
0.116973 0.0171
0.098 0
0.0979474 0.001
0.0978421 0.003
0.0978947 0.002
0.0986316 0.012
0.0985789 0.011
0.0985263 0.01
0.0977895 0.004
0.0982632 0.005
0.0983158 0.006
0.0983684 0.007
0.0984211 0.008
0.0984737 0.009
0.1 0.019
0.1 0.018
0.1 0.017
0.1 0.016
0.0986842 0.013
0.0992632 0.014
0.0993421 0.0125
0.1 0.015
0.1 0.014
0.0984211 0.0035
0.115984 0.019
0.116479 0.01805
0.115981 0.0171
0.101 0.019
0.099 0
0.099 0.001
0.099 0.002
0.099 0.003
0.0993158 0.0115
0.0992895 0.0105
0.0992632 0.00975
0.0992368 0.009
0.099 0.004
0.099 0.005
0.0991579 0.006
0.0991842 0.007
0.0992105 0.008
0.100947 0.018
0.100895 0.017
0.100842 0.016
0.100789 0.015
0.1 0.012
0.1 0.013
0.100737 0.014
0.114992 0.019
0.114989 0.0171
0.114991 0.01805
0.102 0.019
0.1019 0.0181154
0.103 0.019
0.1 0
0.1 0.001
0.1 0.002
0.1 0.003
0.1 0.011
0.1 0.01
0.1 0.009
0.1 0.008
0.1 0.004
0.1 0.005
0.1 0.006
0.1 0.007
0.1018 0.0172308
0.102455 0.0176188
0.101721 0.0157308
0.1022 0.0163463
0.101892 0.0147935
0.101 0.012
0.101 0.013
0.101795 0.0132416
0.101843 0.0140176
0.114 0.019
0.114 0.0171
0.114 0.01805
0.113 0.019
0.102897 0.0182593
0.104 0.019
0.101 0
0.101 0.002
0.101 0.001
0.101 0.003
0.101 0.004
0.101716 0.00246099
0.101 0.011
0.101 0.01
0.101 0.009
0.101 0.008
0.101 0.005
0.101 0.006
0.101 0.007
0.103011 0.0171221
0.102599 0.0154617
0.103007 0.0162738
0.102995 0.0145869
0.1019 0.0110351
0.102055 0.0120003
0.102322 0.0127418
0.10259 0.0134833
0.113038 0.0170864
0.112 0.019
0.113019 0.0180432
0.103823 0.017898
0.105 0.019
0.104871 0.0182593
0.101949 0.000870373
0.102 0
0.102265 0.00149383
0.101765 0.00339632
0.101991 0.00436049
0.102433 0.00242199
0.101998 0.0100745
0.102095 0.00911534
0.101876 0.00829539
0.102033 0.00715794
0.101991 0.00519026
0.101927 0.00615909
0.10403 0.0168457
0.103432 0.0153246
0.10387 0.0160623
0.103384 0.0137249
0.10395 0.0145901
0.102799 0.0110703
0.103109 0.0120006
0.103774 0.0128629
0.112108 0.0170461
0.111 0.019
0.11158 0.0179978
0.104746 0.0175377
0.106 0.019
0.105615 0.0180425
0.102897 0.000740746
0.103 0
0.103149 0.00163298
0.102809 0.00438008
0.102621 0.00340103
0.103283 0.00299063
0.102995 0.0101489
0.10319 0.00923058
0.102753 0.00859078
0.10291 0.00765692
0.102722 0.00660272
0.102982 0.00538052
0.105081 0.0163206
0.104516 0.0154554
0.104386 0.0138577
0.104951 0.0147229
0.103676 0.0111046
0.104164 0.0120009
0.104695 0.0129904
0.11115 0.0169727
0.11 0.019
0.110569 0.0179978
0.105647 0.0171858
0.109 0.019
0.108 0.019
0.107 0.019
0.10636 0.0178257
0.103866 0.000843972
0.104 0
0.10406 0.00158528
0.103945 0.00258023
0.103714 0.00457012
0.103287 0.00385407
0.104175 0.00326897
0.103965 0.00997478
0.104465 0.00916783
0.103715 0.00763822
0.103847 0.00837294
0.103582 0.00690349
0.103347 0.0060865
0.103971 0.00557029
0.105921 0.0162199
0.105296 0.015605
0.105766 0.0145803
0.105387 0.0139904
0.104553 0.0111388
0.105004 0.0121232
0.105615 0.013118
0.110066 0.0168374
0.109526 0.0179336
0.106546 0.0168348
0.108363 0.01819
0.107585 0.0182593
0.108719 0.0173943
0.10718 0.0175377
0.105 0
0.104825 0.000981606
0.104625 0.00221874
0.104602 0.0047566
0.105095 0.0033453
0.104404 0.00395771
0.104935 0.0102938
0.104771 0.00849388
0.105315 0.0094543
0.104413 0.00719411
0.10467 0.00630296
0.104922 0.00542625
0.106818 0.0160035
0.106145 0.0151703
0.106369 0.0141206
0.105503 0.0115101
0.105844 0.0122456
0.106671 0.012366
0.106519 0.0132433
0.106 0
0.109064 0.016625
0.107423 0.0164924
0.107881 0.0170686
0.107715 0.0157871
0.105772 0.00117429
0.105305 0.00185725
0.105785 0.0027329
0.105477 0.00494049
0.105631 0.00383669
0.105899 0.010494
0.105243 0.00748473
0.105694 0.00861483
0.10617 0.00963537
0.105562 0.00661942
0.105872 0.00577196
0.107042 0.0149539
0.10741 0.0140789
0.106639 0.0114629
0.107376 0.0122423
0.10741 0.0133666
0.106598 0.000740746
0.107 0
0.1083 0.01615
0.1083 0.0152633
0.106631 0.00174379
0.106771 0.00263303
0.106255 0.00359066
0.106337 0.00512101
0.106725 0.00444842
0.106863 0.0106942
0.106074 0.00777535
0.106563 0.00876211
0.107026 0.00981643
0.106823 0.00611767
0.106453 0.00693588
0.1083 0.0143767
0.1083 0.01349
0.107602 0.0115683
0.1083 0.0126033
0.107448 0.000981606
0.108 0
0.109064 0.015675
0.109009 0.0147589
0.107473 0.00230219
0.106912 0.00352227
0.107561 0.00448383
0.107192 0.00530075
0.107827 0.0108944
0.107881 0.0099975
0.10697 0.00815752
0.107431 0.00890939
0.108791 0.0110946
0.107561 0.00625717
0.107377 0.00755294
0.108955 0.0138429
0.1089 0.0129268
0.108845 0.0120107
0.109433 0.0115849
0.108096 0.00195398
0.108365 0.000814208
0.109 0
0.110066 0.0154626
0.110066 0.0143785
0.1083 0.00285
0.107931 0.00366692
0.1083 0.00462333
0.1083 0.00551
0.108736 0.0101786
0.1083 0.00905667
0.1083 0.00817
0.109376 0.0106345
0.1083 0.00639667
0.1083 0.00728333
0.110066 0.0132944
0.110066 0.0122103
0.110066 0.0111262
0.108719 0.00160577
0.109064 0.002375
0.109187 0.000938492
0.11 0
0.11115 0.0153273
0.11115 0.0142678
0.109064 0.003325
0.109064 0.00420714
0.109064 0.00508929
0.109064 0.00597143
0.109064 0.00773571
0.109064 0.0095
0.109064 0.00861786
0.110066 0.0100421
0.109064 0.00685357
0.11115 0.0100298
0.11115 0.0110893
0.11115 0.0132083
0.11115 0.0121488
0.10969 0.00634828
0.110066 0.00216264
0.110032 0.0010664
0.111 0
0.112108 0.0152539
0.112108 0.0133359
0.112108 0.0142949
0.110066 0.00353736
0.110164 0.00460917
0.110263 0.00568098
0.110066 0.00787383
0.110066 0.00895794
0.110361 0.00675279
0.11115 0.00897025
0.111878 0.0097486
0.111721 0.0105775
0.1118 0.0115299
0.112108 0.0123769
0.11115 0.00202728
0.111074 0.00100221
0.112 0
0.112883 0.0133024
0.113038 0.0152136
0.112961 0.014258
0.11115 0.00367272
0.11115 0.00473223
0.11115 0.00579173
0.11115 0.00791074
0.11115 0.00685124
0.112806 0.0123467
0.112651 0.0104355
0.112573 0.00947988
0.112496 0.00852425
0.113439 0.0104579
0.112728 0.0113911
0.112108 0.00195387
0.112546 0.000993201
0.113 0
0.114 0.0131273
0.114 0.0141636
0.114 0.0152
0.112108 0.00374613
0.11234 0.006613
0.112185 0.00470175
0.112263 0.00565738
0.113088 0.0080644
0.112418 0.00756863
0.113038 0.00664319
0.114 0.0120909
0.113519 0.00950681
0.113599 0.00855568
0.114 0.0100182
0.114 0.0110545
0.113038 0.00191362
0.114 0.00095
0.114 0
0.114997 0.0131273
0.114997 0.0141636
0.114997 0.0152
0.113038 0.00378638
0.113038 0.00569092
0.113038 0.00473865
0.11376 0.00665341
0.113679 0.00760454
0.114997 0.0120909
0.115997 0.0120909
0.114258 0.00924431
0.114298 0.00825056
0.114997 0.0100182
0.114997 0.0110545
0.114 0.0019
0.114989 0.0019
0.114991 0.00095
0.114992 0
0.116587 0.0126091
0.115997 0.0141636
0.115997 0.0131273
0.115997 0.0152
0.11392 0.00475114
0.114816 0.00587273
0.114 0.0038
0.11384 0.00570227
0.117269 0.0120909
0.114725 0.00690909
0.114997 0.00794545
0.115815 0.0110545
0.116633 0.0110545
0.114997 0.00898182
0.11577 0.0100182
0.115981 0.0019
0.115983 0.00095
0.115984 0
0.117178 0.0131273
0.116996 0.0141636
0.116996 0.0152
0.117996 0.0131273
0.117996 0.0120909
0.115452 0.00639091
0.114997 0.0038
0.115452 0.00535455
0.114906 0.00483636
0.11736 0.0110545
0.115633 0.00742727
0.115679 0.00846364
0.116542 0.0100182
0.116451 0.00898182
0.116269 0.00690909
0.116973 0.0019
0.116974 0.00095
0.116975 0
0.117951 0.0105364
0.117996 0.0141636
0.117996 0.0152
0.118814 0.0131273
0.118723 0.0120909
0.118632 0.0110545
0.116179 0.00587273
0.115997 0.0038
0.116088 0.00483636
0.117451 0.0100182
0.11636 0.00794545
0.117542 0.00898182
0.116951 0.00846364
0.116996 0.00690909
0.116996 0.00587273
0.117965 0.0019
0.117966 0.00095
0.117967 0
0.118541 0.0100182
0.118905 0.0141636
0.118996 0.0152
0.11945 0.0136455
0.119405 0.0126091
0.119359 0.0115727
0.119314 0.0105364
0.116996 0.00483636
0.116996 0.0038
0.118451 0.00898182
0.117633 0.00794545
0.117723 0.00690909
0.117814 0.00587273
0.11836 0.00742727
0.118957 0.0019
0.118958 0.00095
0.118959 0
0.119268 0.0095
0.119132 0.00872273
0.119995 0.0141636
0.119995 0.0152
0.119995 0.0131273
0.119995 0.0120909
0.119995 0.0100182
0.119995 0.0110545
0.117905 0.00483636
0.117996 0.0038
0.118996 0.00794545
0.118451 0.00535455
0.118405 0.00639091
0.118996 0.00690909
0.119949 0.0019
0.11995 0.00095
0.119951 0
0.119995 0.00898182
0.119995 0.00794545
0.120995 0.0152
0.120995 0.0141636
0.120995 0.0131273
0.120995 0.0120909
0.120995 0.0100182
0.120995 0.0110545
0.121995 0.0152
0.118996 0.0038
0.118996 0.00483636
0.119995 0.00690909
0.118996 0.00587273
0.120941 0.0019
0.120943 0
0.120942 0.00095
0.120995 0.00898182
0.120995 0.00794545
0.121995 0.0120909
0.121995 0.0131273
0.121995 0.0141636
0.121881 0.0113136
0.121722 0.0095
0.121768 0.0105364
0.122994 0.0152
0.119995 0.0038
0.120995 0.00690909
0.119995 0.00483636
0.119995 0.00587273
0.120995 0.00587273
0.121933 0.0019
0.121935 0
0.12243 0.00095
0.121631 0.00742727
0.121677 0.00846364
0.122722 0.0120909
0.123403 0.0126091
0.122813 0.0131273
0.123085 0.0141636
0.122631 0.0110545
0.122449 0.00898182
0.12254 0.0100182
0.123994 0.0152
0.123994 0.0141636
0.120995 0.0038
0.121586 0.00639091
0.120995 0.00483636
0.12154 0.00535455
0.122925 0.0019
0.122926 0
0.123422 0.00095
0.122267 0.00690909
0.122358 0.00794545
0.12304 0.00846364
0.123358 0.0115727
0.123994 0.0120909
0.123994 0.0131273
0.124812 0.0131273
0.123313 0.0105364
0.123267 0.0095
0.124994 0.0152
0.124903 0.0141636
0.125448 0.0136455
0.125993 0.0152
0.126993 0.0152
0.127993 0.0152
0.121995 0.0038
0.122177 0.00587273
0.122086 0.00483636
0.122994 0.00587273
0.123917 0.0019
0.123918 0
0.124414 0.00095
0.122994 0.00690909
0.123631 0.00794545
0.123994 0.00898182
0.123994 0.0110545
0.125403 0.0126091
0.124721 0.0120909
0.124676 0.0105364
0.123994 0.0100182
0.125993 0.0141636
0.125993 0.0131273
0.126902 0.0141636
0.128992 0.0152
0.127823 0.014358
0.122994 0.0038
0.122994 0.00483636
0.123585 0.00639091
0.12354 0.00535455
0.124909 0.0019
0.12491 0
0.125406 0.00095
0.124267 0.00690909
0.124767 0.00898182
0.124358 0.00794545
0.125357 0.0110545
0.125993 0.0120909
0.126039 0.0105364
0.125448 0.0100182
0.129992 0.0152
0.130992 0.0152
0.12672 0.0120909
0.126811 0.0131273
0.127653 0.013516
0.12966 0.0145095
0.128495 0.0139048
0.123994 0.0038
0.124085 0.00483636
0.124176 0.00587273
0.125901 0.0019
0.125902 0
0.126398 0.00095
0.125539 0.00898182
0.124994 0.00690909
0.124994 0.00587273
0.12563 0.00794545
0.12663 0.0110545
0.126539 0.0100182
0.133 0.0152
0.131991 0.0152
0.131496 0.0141666
0.130595 0.013958
0.127659 0.0112814
0.127562 0.0124797
0.128404 0.0128684
0.129246 0.0132571
0.124994 0.00483636
0.124994 0.0038
0.125812 0.00587273
0.126893 0.0019
0.126894 0
0.127389 0.00095
0.126448 0.00898182
0.125721 0.00690909
0.126357 0.00794545
0.12738 0.0104069
0.12738 0.00955192
0.128222 0.0107957
0.133 0.0141711
0.132248 0.0136499
0.131397 0.0133371
0.130496 0.0131285
0.128688 0.0115082
0.129064 0.0104719
0.129155 0.0122208
0.129997 0.0126095
0.125903 0.00483636
0.125993 0.0038
0.126402 0.00639091
0.126448 0.00535455
0.127885 0.0019
0.127886 0
0.128381 0.00095
0.127335 0.00846374
0.126993 0.00690909
0.127164 0.00768642
0.128222 0.00908566
0.128643 0.00970754
0.133 0.0131332
0.132248 0.0128713
0.131331 0.012438
0.130747 0.0119619
0.129906 0.0101481
0.129906 0.0115731
0.126993 0.00483636
0.126993 0.0038
0.126993 0.00587273
0.128877 0.0019
0.128877 0
0.129869 0.00095
0.128222 0.00794566
0.127744 0.00535465
0.127744 0.00613192
0.127994 0.00690923
0.129064 0.00861941
0.129906 0.0092219
0.133 0.0120951
0.132165 0.0117476
0.130747 0.00982439
0.131498 0.0113143
0.130747 0.0108931
0.127744 0.00457738
0.127993 0.0038
0.129869 0.0019
0.130861 0.0019
0.129869 0
0.130861 0.00095
0.129109 0.00742759
0.128495 0.00535476
0.129246 0.00613213
0.129906 0.00815315
0.130747 0.00875564
0.133 0.0110571
0.131498 0.00941427
0.132249 0.0106666
0.131498 0.0103643
0.128708 0.00454014
0.128992 0.0038
0.131853 0.0019
0.130861 0
0.131853 0.00095
0.129997 0.00690951
0.129423 0.00528028
0.130139 0.00602042
0.130747 0.00768689
0.131498 0.00846427
0.133 0.010019
0.132249 0.00924165
0.12966 0.00449049
0.129992 0.0038
0.133 0.0019
0.133 0
0.131853 0
0.130854 0.00676056
0.130328 0.00518098
0.130996 0.00587147
0.131569 0.0075007
0.132285 0.00824084
0.133 0.00898098
0.130744 0.00457622
0.130992 0.0038
0.131664 0.00656195
0.131496 0.00535244
0.132332 0.00725244
0.133 0.00794293
0.131661 0.00448895
0.131991 0.0038
0.133 0.0038
0.132248 0.00612866
0.132331 0.00517789
0.133 0.00690488
0.133 0.00482886
0.133 0.00586684
