0 0.007
0 0.008
0 0.019
0 0.018
0 0
0 0.002
0 0.003
0 0.006
0 0.005
0 0.004
0.000727273 0.00636364
0.000727273 0.00727273
0 0.017
0.000692308 0.00830769
0 0.009
0.000666667 0.0176667
0.001 0.019
0 0.001
0.001 0
0.000666667 0.00133333
0.00075 0.00225
0.000666667 0.00333333
0.00133333 0.00266667
0.00075 0.00525
0.000714286 0.00428571
0.00138462 0.00761538
0.00145455 0.00572727
0.00145455 0.00654545
0 0.016
0 0.015
0 0.014
0.00075 0.01675
0 0.011
0 0.01
0 0.013
0 0.012
0.00138462 0.00846154
0.000692308 0.00923077
0.00133333 0.0183333
0.0015 0.0175
0.002 0.019
0.00133333 0.000666667
0.002 0
0.0018 0.0016
0.003 0
0.00142857 0.00357143
0.00214286 0.00285714
0.0015 0.0045
0.0021 0.0049
0.00214286 0.00785714
0.00207692 0.00692308
0.00218182 0.00581818
0.00075 0.01375
0.000666667 0.0156667
0.000714286 0.0147143
0.00133333 0.0163333
0.002 0.017
0.0014 0.0134
0.000727273 0.0117273
0.000692308 0.0106923
0.00127273 0.0124545
0.00212637 0.00891209
0.00168956 0.0105027
0.00184066 0.00962088
0.0024 0.0178
0.003 0.019
0.0024 0.0008
0.00285714 0.00214286
0.00333333 0.000666667
0.004 0
0.00333333 0.00311111
0.00284249 0.00808059
0.00266667 0.00388889
0.00290909 0.00509091
0.00285714 0.00714286
0.00276923 0.00623077
0.00346154 0.00553846
0.00333333 0.0183333
0.0015 0.0145
0.00142857 0.0154286
0.0021 0.0141
0.00225 0.015875
0.003 0.0165
0.00218182 0.0131818
0.00153846 0.0113846
0.00207692 0.0120769
0.00279853 0.0108938
0.00282784 0.00901831
0.00281319 0.00995604
0.00375 0.01675
0.00357143 0.0175714
0.004 0.019
0.00357143 0.00142857
0.004 0.00233333
0.00428571 0.000714286
0.005 0
0.00363636 0.00381818
0.00436364 0.00318182
0.00375 0.007625
0.00373535 0.00856273
0.00375 0.00466667
0.00357143 0.00642857
0.00415385 0.00538462
0.004375 0.007
0.00428571 0.0182857
0.00290909 0.0139091
0.00233333 0.015
0.00311111 0.0156667
0.00276923 0.0127692
0.00278388 0.0118315
0.00348718 0.0107253
0.0037207 0.00950046
0.0042 0.0162
0.00466667 0.017
0.005 0.019
0.00466667 0.00155556
0.00509091 0.00254545
0.00533333 0.000777778
0.006 0
0.00484615 0.00415385
0.00553846 0.00346154
0.00464286 0.00810714
0.0046282 0.00904487
0.00517857 0.00757143
0.005 0.005
0.004781 0.00613108
0.00540816 0.00687755
0.00544444 0.0176667
0.00381818 0.0153636
0.00346154 0.0134615
0.00363636 0.0146364
0.00452308 0.0155231
0.0038022 0.0125165
0.0043956 0.0131099
0.00416117 0.0114945
0.00433631 0.0105759
0.00448226 0.00981038
0.00509091 0.0160909
0.00581818 0.0168182
0.006 0.019
0.00581818 0.00218182
0.00623077 0.00276923
0.00654545 0.00127273
0.007 0
0.00727273 0.000727273
0.00571429 0.00428571
0.00642857 0.00357143
0.00553571 0.00858929
0.00536058 0.0095079
0.00593112 0.00784566
0.006 0.0054
0.00603741 0.00643878
0.00632653 0.00710204
0.00654545 0.0175455
0.00636364 0.0182727
0.00484615 0.0148462
0.00461538 0.0141538
0.00553846 0.0155385
0.00483516 0.0122637
0.00540293 0.0132729
0.00523352 0.0114657
0.00518544 0.0104265
0.00692308 0.0169231
0.00623077 0.0162308
0.007 0.019
0.00715515 0.00311813
0.00692308 0.00230769
0.00761538 0.00138462
0.008 0
0.00830769 0.000692308
0.00663459 0.00462857
0.00738722 0.00392857
0.00637363 0.0101831
0.00642857 0.00907143
0.00683673 0.00819898
0.00666667 0.006
0.00742857 0.00537143
0.0072449 0.00732653
0.00727273 0.0182727
0.00769231 0.0169231
0.00728022 0.0103874
0.00569231 0.0141231
0.00643077 0.0152308
0.00641026 0.0134359
0.00626374 0.0124066
0.00723901 0.0112212
0.00631868 0.0112949
0.00717308 0.0159231
0.008 0.019
0.00789838 0.00294002
0.00785714 0.00214286
0.00857143 0.00142857
0.00732308 0.0149231
0.00830769 0.0183077
0.009 0
0.00928571 0.000714286
0.00831955 0.00378571
0.00798346 0.00454286
0.00732143 0.00955357
0.00774235 0.0085523
0.008 0.0062
0.00847519 0.00531429
0.00816327 0.00755102
0.00821429 0.0100357
0.00846154 0.0176154
0.00846154 0.0162821
0.00820971 0.0110435
0.00676923 0.0140923
0.00820513 0.0120513
0.00730769 0.0130769
0.0071978 0.0120549
0.00811538 0.0156154
0.009 0.019
0.00928571 0.00221429
0.0086416 0.0027619
0.00926504 0.00389286
0.00821538 0.0146154
0.00923077 0.0183077
0.01 0
0.0100526 0.001
0.00930451 0.00464286
0.00853175 0.00919048
0.00939549 0.00565714
0.00878401 0.0081148
0.009 0.0066
0.00916667 0.0075
0.00940476 0.00867857
0.00910714 0.0105179
0.00923077 0.0168077
0.00914423 0.0160577
0.00896703 0.0112527
0.00811538 0.0135538
0.00910256 0.012359
0.00816026 0.0128026
0.00905769 0.0153077
0.01 0.019
0.0102105 0.004
0.0101053 0.002
0.01 0.003
0.00892308 0.0140308
0.01 0.018
0.01 0.017
0.011 0
0.0110526 0.001
0.0102632 0.005
0.00979041 0.00975893
0.0103158 0.006
0.01 0.008
0.01 0.007
0.0104737 0.009
0.01 0.011
0.01 0.016
0.01 0.012
0.00955128 0.0131795
0.01 0.015
0.011 0.019
0.0111053 0.002
0.011 0.004
0.0111579 0.003
0.01 0.014
0.011 0.018
0.0108947 0.017
0.012 0
0.0120526 0.001
0.0121053 0.002
0.0113158 0.006
0.0112632 0.005
0.0105263 0.01
0.0113684 0.007
0.011 0.008
0.0114737 0.009
0.0107895 0.011
0.011 0.016
0.011 0.015
0.011 0.012
0.0106842 0.013
0.0107368 0.014
0.0119474 0.018
0.012 0.019
0.012 0.003
0.0125789 0.0035
0.012 0.004
0.0118947 0.017
0.012 0.016
0.013 0
0.0130526 0.001
0.013 0.002
0.0121579 0.006
0.0121842 0.007
0.0122632 0.005
0.0115263 0.01
0.0122368 0.009
0.012 0.008
0.0115789 0.011
0.0117368 0.014
0.012 0.015
0.012 0.012
0.0116842 0.013
0.0129474 0.018
0.013 0.019
0.0131579 0.003
0.0132105 0.004
0.013 0.005
0.013 0.016
0.013 0.017
0.014 0
0.014 0.001
0.0141053 0.002
0.013 0.007
0.013 0.006
0.0134211 0.008
0.0125263 0.01
0.013 0.009
0.0128158 0.012
0.013 0.011
0.013 0.015
0.0127368 0.014
0.013 0.013
0.0138947 0.017
0.014 0.018
0.014 0.019
0.014 0.003
0.0142105 0.004
0.014 0.006
0.0142632 0.005
0.015 0.005
0.0138421 0.016
0.015 0
0.0150526 0.001
0.015 0.002
0.014 0.007
0.014 0.009
0.0142105 0.008
0.014 0.01
0.0136316 0.012
0.014 0.011
0.014 0.015
0.014 0.014
0.014 0.013
0.015 0.017
0.015 0.016
0.015 0.018
0.015 0.019
0.015 0.004
0.0151579 0.003
0.015 0.006
0.0156053 0.0045
0.0156316 0.0055
0.015 0.015
0.016 0
0.0160526 0.001
0.0161053 0.002
0.0147895 0.011
0.0153684 0.007
0.015 0.008
0.015 0.01
0.015 0.009
0.015 0.012
0.015 0.014
0.015 0.013
0.0157895 0.015
0.0158947 0.017
0.016 0.016
0.016 0.019
0.016 0.018
0.0162105 0.004
0.0161579 0.003
0.0163158 0.006
0.0162632 0.005
0.017 0
0.0170526 0.001
0.0171053 0.002
0.0155789 0.011
0.0163684 0.007
0.016 0.008
0.016 0.01
0.016 0.009
0.016 0.012
0.016 0.014
0.016 0.013
0.0167895 0.015
0.017 0.016
0.017 0.017
0.017 0.018
0.017 0.019
0.0171579 0.003
0.0173158 0.006
0.017 0.004
0.017 0.005
0.018 0
0.018 0.001
0.018 0.002
0.0181579 0.003
0.0165789 0.011
0.0173684 0.007
0.017 0.008
0.017 0.009
0.0167632 0.01
0.017 0.014
0.017 0.012
0.017 0.013
0.0177895 0.015
0.018 0.016
0.0178947 0.017
0.018 0.019
0.0179474 0.018
0.0181579 0.006
0.0182105 0.004
0.018 0.005
0.0183684 0.007
0.019 0
0.0190526 0.001
0.019 0.002
0.019 0.003
0.0192105 0.004
0.0175789 0.011
0.0184211 0.008
0.018 0.009
0.0175263 0.01
0.0177368 0.014
0.0178158 0.012
0.018 0.013
0.0188421 0.016
0.0187895 0.015
0.019 0.017
0.019 0.019
0.019 0.018
0.019 0.006
0.0192632 0.005
0.0193684 0.007
0.02 0
0.0200526 0.001
0.02 0.003
0.02 0.002
0.02 0.004
0.0185789 0.011
0.0194211 0.008
0.019 0.009
0.019 0.01
0.019 0.014
0.0186316 0.012
0.019 0.013
0.0198421 0.016
0.0197895 0.015
0.02 0.017
0.02 0.019
0.02 0.018
0.02 0.014
0.02 0.006
0.02 0.005
0.0201842 0.007
0.021 0.019
0.021 0
0.021 0.001
0.021 0.003
0.0211053 0.002
0.021 0.005
0.0212105 0.004
0.0204211 0.008
0.0195789 0.011
0.02 0.009
0.02 0.01
0.02 0.013
0.0196316 0.012
0.021 0.015
0.0208421 0.016
0.0208947 0.017
0.021 0.018
0.021 0.014
0.021 0.006
0.021 0.007
0.0216579 0.0065
0.0214211 0.008
0.0219474 0.018
0.022 0.019
0.022 0
0.022 0.001
0.0221579 0.003
0.0221053 0.002
0.022 0.005
0.0222105 0.004
0.021 0.009
0.0205789 0.011
0.021 0.01
0.021 0.013
0.0206316 0.012
0.022 0.014
0.0217895 0.015
0.0218421 0.016
0.022 0.017
0.022 0.013
0.0223158 0.006
0.0223684 0.007
0.022 0.009
0.0224211 0.008
0.023 0.018
0.023 0.019
0.023 0
0.023 0.001
0.023 0.003
0.0232105 0.004
0.0231053 0.002
0.023 0.005
0.0217632 0.01
0.0215789 0.011
0.022 0.012
0.0225263 0.01
0.023 0.017
0.0227368 0.014
0.0227895 0.015
0.023 0.016
0.023 0.013
0.0233158 0.006
0.0232105 0.008
0.0233684 0.007
0.023 0.009
0.024 0.017
0.0239474 0.018
0.024 0.019
0.024 0
0.0240526 0.001
0.0241053 0.002
0.024 0.004
0.0241579 0.003
0.0242632 0.005
0.023 0.012
0.0225789 0.011
0.0235263 0.01
0.024 0.016
0.0237368 0.014
0.024 0.015
0.0238421 0.013
0.0243158 0.006
0.024 0.008
0.0243684 0.007
0.0244737 0.009
0.0248947 0.017
0.025 0.018
0.025 0.019
0.025 0
0.025 0.001
0.0251053 0.002
0.0251579 0.003
0.025 0.004
0.025 0.005
0.024 0.012
0.024 0.011
0.0245263 0.01
0.025 0.016
0.0247895 0.015
0.0246842 0.013
0.0247368 0.014
0.0253158 0.006
0.0251842 0.007
0.025 0.008
0.0254737 0.009
0.0258421 0.016
0.0258947 0.017
0.0259474 0.018
0.026 0.019
0.026 0
0.0260526 0.001
0.0261053 0.002
0.0261579 0.003
0.026 0.004
0.026 0.005
0.0263158 0.006
0.025 0.012
0.025 0.011
0.0255263 0.01
0.0257368 0.014
0.026 0.015
0.026 0.012
0.0256842 0.013
0.026 0.007
0.026 0.008
0.0262368 0.009
0.027 0.016
0.027 0.017
0.0269474 0.018
0.027 0.019
0.027 0
0.027 0.001
0.027 0.004
0.027 0.002
0.027 0.003
0.027 0.005
0.0276579 0.0055
0.0269737 0.0065
0.0265263 0.01
0.026 0.011
0.027 0.012
0.0267368 0.014
0.0272105 0.015
0.027 0.013
0.0276316 0.007
0.027 0.008
0.027 0.009
0.028 0.016
0.028 0.017
0.028 0.018
0.028 0.019
0.028 0
0.0280526 0.001
0.028 0.004
0.0281053 0.002
0.0281579 0.003
0.028 0.015
0.0282632 0.005
0.0283158 0.006
0.0274737 0.01
0.0274211 0.011
0.0278158 0.012
0.0278421 0.013
0.028 0.014
0.0285263 0.01
0.0283684 0.007
0.028 0.008
0.0284737 0.009
0.0288421 0.016
0.0288947 0.017
0.0289474 0.018
0.029 0.019
0.029 0
0.0290526 0.001
0.0291053 0.002
0.0292105 0.004
0.029 0.003
0.0287368 0.014
0.029 0.015
0.0292632 0.005
0.0293158 0.006
0.0285789 0.011
0.0286316 0.012
0.0286842 0.013
0.0295263 0.01
0.0293684 0.007
0.0294737 0.009
0.0294211 0.008
0.0298947 0.017
0.0298421 0.016
0.03 0.018
0.03 0.019
0.03 0
0.0300526 0.001
0.0301053 0.002
0.03 0.004
0.0301579 0.003
0.0296842 0.013
0.03 0.015
0.0297368 0.014
0.0303158 0.006
0.0302632 0.005
0.0295789 0.011
0.0296316 0.012
0.0305263 0.01
0.0304737 0.009
0.0303684 0.007
0.0302105 0.008
0.0307895 0.015
0.0308947 0.017
0.0308421 0.016
0.0309474 0.018
0.031 0.019
0.031 0
0.0310526 0.001
0.031 0.002
0.031 0.003
0.0315789 0.0035
0.031 0.004
0.0306316 0.012
0.0306842 0.013
0.0307368 0.014
0.0311579 0.006
0.0312632 0.005
0.0305789 0.011
0.0312632 0.0095
0.0312895 0.0105
0.0311842 0.007
0.031 0.008
0.0313947 0.0145
0.0314211 0.0155
0.032 0.016
0.0318947 0.017
0.032 0.018
0.032 0.019
0.032 0
0.032 0.001
0.0321053 0.002
0.0321579 0.003
0.0322105 0.004
0.0316316 0.012
0.032 0.014
0.0316842 0.013
0.032 0.006
0.032 0.005
0.032 0.011
0.032 0.009
0.032 0.01
0.032 0.007
0.0324211 0.008
0.032 0.015
0.0328421 0.016
0.033 0.018
0.033 0.017
0.033 0.019
0.033 0
0.033 0.001
0.033 0.002
0.033 0.003
0.033 0.005
0.0332105 0.004
0.0326316 0.012
0.033 0.011
0.033 0.014
0.033 0.013
0.033 0.006
0.033 0.009
0.033 0.01
0.033 0.007
0.0334211 0.008
0.033 0.015
0.0338421 0.016
0.0339474 0.018
0.034 0.017
0.034 0.019
0.034 0
0.034 0.001
0.034 0.002
0.0341579 0.003
0.034 0.005
0.0342105 0.004
0.0337632 0.0105
0.0336974 0.01125
0.0336316 0.012
0.0337368 0.014
0.034 0.013
0.0346316 0.0055
0.034 0.006
0.034 0.009
0.0343684 0.007
0.0344211 0.008
0.0337895 0.015
0.0347895 0.015
0.035 0.016
0.035 0.017
0.035 0.018
0.035 0.019
0.035 0
0.0350526 0.001
0.0351053 0.002
0.0351579 0.003
0.0352105 0.004
0.0352632 0.005
0.0345263 0.01
0.0345789 0.011
0.0346316 0.012
0.035 0.014
0.0348421 0.013
0.0353158 0.006
0.0354737 0.009
0.0353684 0.007
0.0354211 0.008
0.0357895 0.015
0.0357368 0.014
0.0358421 0.016
0.0358947 0.017
0.0359474 0.018
0.036 0.019
0.036 0
0.036 0.001
0.036 0.002
0.0361579 0.003
0.036 0.004
0.036 0.005
0.0355263 0.01
0.0355789 0.011
0.0356316 0.012
0.0356842 0.013
0.0363158 0.006
0.0362368 0.009
0.0363684 0.007
0.0364211 0.008
0.0363684 0.0135
0.037 0.014
0.0367895 0.015
0.0368421 0.016
0.037 0.017
0.037 0.018
0.037 0.019
0.037 0
0.037 0.001
0.0371053 0.002
0.0371579 0.003
0.0372105 0.004
0.037 0.005
0.0365263 0.01
0.0365789 0.011
0.0366316 0.012
0.037 0.013
0.0373158 0.006
0.037 0.009
0.0374211 0.008
0.0373684 0.007
0.0377368 0.014
0.0377895 0.015
0.0378421 0.016
0.0378947 0.017
0.0379474 0.018
0.038 0.019
0.038 0
0.038 0.001
0.038 0.002
0.0381579 0.003
0.0382105 0.004
0.038 0.005
0.0375263 0.01
0.0375789 0.011
0.0376316 0.012
0.038 0.013
0.0383158 0.006
0.038 0.009
0.0384211 0.008
0.0383684 0.007
0.0387368 0.014
0.0387895 0.015
0.0388421 0.016
0.039 0.017
0.0389474 0.018
0.039 0.019
0.039 0
0.0390526 0.001
0.0391579 0.003
0.0391053 0.002
0.0392105 0.004
0.04 0.003
0.0392632 0.005
0.0385263 0.01
0.039 0.013
0.0385789 0.011
0.0386316 0.012
0.0393684 0.007
0.0399737 0.0065
0.0393158 0.006
0.039 0.009
0.0392105 0.008
0.0393947 0.0155
0.0395 0.014
0.0402105 0.015
0.04 0.016
0.04 0.017
0.0400526 0.018
0.04 0.019
0.04 0.013
0.04 0
0.04 0.001
0.04 0.002
0.04 0.004
0.0408421 0.003
0.04 0.005
0.0395263 0.01
0.04 0.012
0.0395789 0.011
0.04 0.008
0.0406316 0.007
0.0406842 0.006
0.04 0.009
0.0402632 0.014
0.041 0.015
0.041 0.016
0.041 0.017
0.041 0.018
0.041 0.019
0.0408421 0.013
0.041 0
0.0410526 0.001
0.0408947 0.002
0.0414211 0.0025
0.0415789 0.0035
0.041 0.004
0.0412632 0.005
0.0415 0.006
0.041 0.012
0.0404737 0.01
0.0404211 0.011
0.041 0.008
0.0413684 0.007
0.0414737 0.009
0.041 0.014
0.0417895 0.015
0.0417368 0.014
0.0418421 0.016
0.0418947 0.017
0.0419474 0.018
0.042 0.019
0.0418158 0.012
0.0416842 0.013
0.042 0
0.042 0.001
0.042 0.002
0.0421579 0.003
0.0422105 0.004
0.042 0.005
0.0423684 0.007
0.0423158 0.006
0.0415789 0.011
0.0415263 0.01
0.0422368 0.009
0.0424211 0.008
0.0423684 0.0135
0.043 0.014
0.0427895 0.015
0.043 0.016
0.043 0.017
0.043 0.018
0.043 0.019
0.0426316 0.012
0.0425789 0.011
0.043 0.013
0.043 0
0.043 0.001
0.043 0.002
0.0431579 0.003
0.0433684 0.007
0.0432105 0.004
0.043 0.005
0.0431579 0.006
0.0425263 0.01
0.043 0.009
0.0434211 0.008
0.0437368 0.014
0.0437895 0.015
0.044 0.016
0.044 0.017
0.0439474 0.018
0.044 0.019
0.0436316 0.012
0.0435789 0.011
0.044 0.013
0.044 0
0.044 0.001
0.0441053 0.002
0.0442105 0.004
0.0441579 0.003
0.044 0.006
0.0443684 0.007
0.044 0.005
0.044 0.01
0.044 0.009
0.0444211 0.008
0.045 0.014
0.0447895 0.015
0.0448421 0.016
0.0448947 0.017
0.045 0.018
0.045 0.019
0.0446316 0.012
0.0445789 0.011
0.045 0.013
0.045 0
0.0450526 0.001
0.045 0.002
0.045 0.004
0.0451579 0.003
0.045 0.006
0.0453684 0.007
0.0452632 0.005
0.045 0.01
0.045 0.009
0.0454211 0.008
0.0454211 0.0155
0.0457368 0.014
0.046 0.015
0.046 0.016
0.046 0.017
0.0459474 0.018
0.046 0.019
0.046 0.01
0.0456316 0.012
0.046 0.011
0.046 0.013
0.046 0
0.0460526 0.001
0.0461053 0.002
0.0461579 0.003
0.046 0.004
0.0463684 0.007
0.046 0.006
0.046 0.005
0.046 0.009
0.0464211 0.008
0.0467895 0.015
0.047 0.014
0.0468421 0.016
0.0468947 0.017
0.047 0.018
0.047 0.019
0.047 0.01
0.0467895 0.011
0.0466316 0.012
0.047 0.013
0.047 0.001
0.047 0
0.0471579 0.003
0.047 0.002
0.0472105 0.004
0.047 0.005
0.0473684 0.007
0.047 0.006
0.047 0.009
0.0474211 0.008
0.0477895 0.015
0.0478421 0.013
0.0477368 0.014
0.0478947 0.017
0.0478421 0.016
0.0479474 0.018
0.048 0.019
0.0477632 0.01
0.0475789 0.011
0.0476316 0.012
0.048 0.003
0.048 0.001
0.048 0
0.0481053 0.002
0.0482105 0.004
0.048 0.005
0.0481842 0.007
0.0483158 0.006
0.0484211 0.008
0.048 0.009
0.049 0
0.0483158 0.0115
0.0484211 0.0155
0.0483947 0.0145
0.0486842 0.013
0.049 0.014
0.049 0.016
0.0488947 0.017
0.049 0.018
0.049 0.019
0.0485263 0.01
0.049 0.011
0.049 0.012
0.0492105 0.004
0.049 0.003
0.049 0.001
0.0491053 0.002
0.0492632 0.005
0.049 0.007
0.0492105 0.008
0.0493158 0.006
0.0494737 0.009
0.05 0
0.049 0.015
0.0496842 0.013
0.05 0.014
0.0498421 0.016
0.0498947 0.017
0.05 0.018
0.05 0.019
0.05 0.01
0.05 0.011
0.05 0.012
0.05 0.004
0.05 0.002
0.05 0.003
0.0500526 0.001
0.0502632 0.005
0.05 0.008
0.05 0.007
0.0503158 0.006
0.0504737 0.009
0.051 0
0.05 0.015
0.0506842 0.013
0.051 0.014
0.051 0.015
0.0508421 0.016
0.0508947 0.017
0.0509474 0.018
0.051 0.019
0.051 0.01
0.051 0.012
0.051 0.011
0.0510526 0.001
0.051 0.004
0.0511579 0.003
0.0511053 0.002
0.0512632 0.005
0.051 0.008
0.051 0.007
0.0513158 0.006
0.0514737 0.009
0.052 0
0.0516842 0.013
0.052 0.014
0.052 0.015
0.052 0.016
0.0518947 0.017
0.052 0.018
0.052 0.019
0.0517632 0.01
0.052 0.012
0.052 0.011
0.0520526 0.001
0.052 0.004
0.052 0.003
0.0521053 0.002
0.0522632 0.005
0.052 0.008
0.052 0.007
0.0523158 0.006
0.0524737 0.009
0.053 0
0.0526842 0.013
0.0527368 0.014
0.053 0.015
0.053 0.016
0.0528947 0.017
0.0529474 0.018
0.053 0.019
0.0525263 0.01
0.053 0.011
0.053 0.012
0.0531053 0.002
0.053 0.001
0.053 0.004
0.0531579 0.003
0.0532632 0.005
0.0533158 0.006
0.053 0.008
0.053 0.007
0.0534737 0.009
0.054 0
0.0536842 0.013
0.054 0.015
0.054 0.014
0.0538421 0.016
0.0538947 0.017
0.0539474 0.018
0.054 0.019
0.0535263 0.01
0.054 0.011
0.054 0.012
0.054 0.002
0.0540526 0.001
0.054 0.003
0.054 0.004
0.0545789 0.0035
0.0541579 0.006
0.0542632 0.005
0.0544211 0.008
0.054 0.007
0.0544737 0.009
0.055 0
0.055 0.001
0.0546842 0.013
0.0547895 0.015
0.055 0.014
0.055 0.016
0.0548947 0.017
0.055 0.018
0.055 0.019
0.0547895 0.011
0.055 0.01
0.055 0.012
0.055 0.002
0.0551579 0.003
0.055 0.005
0.0552105 0.004
0.0556316 0.0055
0.055 0.006
0.0554211 0.008
0.0553684 0.007
0.0554737 0.009
0.056 0
0.0560526 0.001
0.0556842 0.013
0.0557895 0.015
0.056 0.014
0.0558421 0.016
0.0558947 0.017
0.056 0.018
0.056 0.019
0.0557632 0.01
0.0555789 0.011
0.056 0.012
0.0561053 0.002
0.0562105 0.004
0.0561579 0.003
0.0562632 0.005
0.0563158 0.006
0.0562105 0.008
0.0563684 0.007
0.0562368 0.009
0.057 0
0.057 0.001
0.0565263 0.01
0.057 0.013
0.0567368 0.014
0.0567895 0.015
0.057 0.017
0.057 0.016
0.0569474 0.018
0.057 0.019
0.0565789 0.011
0.057 0.012
0.0571053 0.002
0.0571579 0.003
0.057 0.004
0.057 0.005
0.0573158 0.006
0.057 0.008
0.0573684 0.007
0.057 0.009
0.058 0
0.058 0.001
0.0575263 0.01
0.0578421 0.013
0.058 0.014
0.0577895 0.015
0.058 0.016
0.0578947 0.017
0.058 0.018
0.058 0.019
0.0575789 0.011
0.058 0.012
0.0581053 0.002
0.058 0.003
0.058 0.004
0.0582632 0.005
0.0583158 0.006
0.0583684 0.007
0.058 0.008
0.0584737 0.009
0.059 0
0.0590526 0.001
0.0585263 0.01
0.0586842 0.013
0.059 0.014
0.0587895 0.015
0.059 0.016
0.0588947 0.017
0.059 0.018
0.059 0.019
0.0585789 0.011
0.059 0.012
0.059 0.003
0.0591053 0.002
0.059 0.004
0.0592632 0.005
0.0591842 0.007
0.0593158 0.006
0.059 0.008
0.0594737 0.009
0.06 0
0.0600526 0.001
0.0595263 0.01
0.0598158 0.012
0.0596842 0.013
0.06 0.015
0.0597368 0.014
0.06 0.019
0.06 0.016
0.0598947 0.017
0.0599474 0.018
0.06 0.011
0.06 0.003
0.0601053 0.002
0.0602105 0.004
0.0602632 0.005
0.06 0.007
0.0603158 0.006
0.0604211 0.008
0.0604737 0.009
0.061 0
0.0610526 0.001
0.0611053 0.002
0.0606316 0.012
0.0605263 0.01
0.061 0.019
0.0606842 0.013
0.0607895 0.015
0.0607368 0.014
0.0608421 0.016
0.0609474 0.018
0.0608947 0.017
0.0607895 0.011
0.0613158 0.006
0.0611579 0.003
0.0612632 0.005
0.061 0.004
0.0614211 0.008
0.0613684 0.007
0.0614737 0.009
0.062 0.001
0.062 0
0.062 0.002
0.0616316 0.012
0.0615263 0.01
0.062 0.018
0.062 0.019
0.0616842 0.013
0.062 0.014
0.0617895 0.015
0.0618421 0.016
0.0618947 0.017
0.0615789 0.011
0.0621579 0.003
0.0623158 0.006
0.062 0.005
0.0622105 0.004
0.0622105 0.008
0.0623684 0.007
0.0622368 0.009
0.063 0
0.063 0.001
0.0631053 0.002
0.0624211 0.0155
0.0623158 0.0115
0.0623421 0.0125
0.0625263 0.01
0.063 0.017
0.0629474 0.018
0.063 0.019
0.063 0.013
0.0627368 0.014
0.063 0.015
0.063 0.016
0.063 0.011
0.0632105 0.004
0.0631579 0.003
0.0631579 0.006
0.063 0.005
0.0633684 0.007
0.063 0.008
0.063 0.009
0.064 0
0.0640526 0.001
0.0641053 0.002
0.063 0.012
0.064 0.01
0.064 0.019
0.0638947 0.017
0.064 0.018
0.0638421 0.013
0.064 0.014
0.0637895 0.015
0.064 0.016
0.064 0.011
0.064 0.004
0.0642632 0.005
0.0641579 0.003
0.064 0.006
0.0641842 0.007
0.064 0.008
0.0644737 0.009
0.065 0
0.065 0.001
0.065 0.002
0.064 0.012
0.0647632 0.01
0.065 0.011
0.0649474 0.018
0.065 0.019
0.0648947 0.017
0.0647368 0.014
0.0646842 0.013
0.065 0.015
0.065 0.016
0.065 0.012
0.065 0.005
0.0651579 0.003
0.065 0.004
0.065 0.007
0.0653158 0.006
0.065 0.008
0.0652368 0.009
0.066 0.003
0.066 0
0.066 0.002
0.066 0.001
0.0665789 0.0035
0.0655263 0.01
0.066 0.011
0.066 0.019
0.066 0.018
0.0661053 0.017
0.0657368 0.014
0.066 0.013
0.066 0.015
0.0661579 0.016
0.066 0.012
0.066 0.005
0.066 0.004
0.066 0.007
0.0663158 0.006
0.066 0.008
0.066 0.009
0.067 0
0.0671579 0.003
0.0671053 0.002
0.067 0.001
0.0672105 0.004
0.0666842 0.0075
0.0664737 0.01
0.0667895 0.011
0.067 0.019
0.067 0.018
0.067 0.017
0.067 0.016
0.067 0.014
0.067 0.013
0.067 0.015
0.067 0.012
0.067 0.005
0.0673684 0.007
0.0673158 0.006
0.0674211 0.008
0.067 0.009
0.068 0
0.068 0.003
0.068 0.002
0.0680526 0.001
0.068 0.004
0.0675263 0.01
0.068 0.019
0.0675789 0.011
0.0678947 0.017
0.0679474 0.018
0.0677895 0.015
0.0678421 0.016
0.0678421 0.013
0.0677368 0.014
0.068 0.012
0.0682632 0.005
0.0683684 0.007
0.0683158 0.006
0.0684211 0.008
0.0684737 0.009
0.069 0
0.069 0.003
0.0691053 0.002
0.0690526 0.001
0.0692105 0.004
0.0685263 0.01
0.069 0.019
0.069 0.018
0.0685789 0.011
0.0688421 0.016
0.069 0.017
0.0687895 0.015
0.0686842 0.013
0.069 0.014
0.069 0.012
0.0692632 0.005
0.0691842 0.007
0.0693158 0.006
0.0692105 0.008
0.0694737 0.009
0.07 0
0.07 0.003
0.0700526 0.001
0.07 0.002
0.07 0.004
0.0694211 0.0155
0.0695263 0.01
0.0698947 0.017
0.07 0.019
0.07 0.018
0.07 0.011
0.07 0.016
0.07 0.015
0.07 0.014
0.0696842 0.013
0.07 0.012
0.0702632 0.005
0.07 0.007
0.0703158 0.006
0.07 0.008
0.0704737 0.009
0.071 0
0.0710526 0.001
0.071 0.003
0.0711053 0.002
0.0715789 0.0035
0.071 0.004
0.0705263 0.01
0.071 0.019
0.071 0.017
0.071 0.018
0.071 0.012
0.071 0.011
0.071 0.016
0.071 0.014
0.071 0.015
0.071 0.013
0.0712632 0.005
0.071 0.007
0.0713158 0.006
0.071 0.008
0.0714737 0.009
0.072 0
0.0720526 0.001
0.0721579 0.003
0.0721053 0.002
0.0722105 0.004
0.0715263 0.01
0.072 0.019
0.072 0.017
0.0719474 0.018
0.0718158 0.012
0.072 0.011
0.072 0.016
0.072 0.015
0.0717368 0.014
0.072 0.013
0.0722632 0.005
0.0724737 0.009
0.0721579 0.006
0.072 0.007
0.0724211 0.008
0.073 0
0.073 0.001
0.073 0.003
0.0731053 0.002
0.0732105 0.004
0.073 0.019
0.073 0.01
0.073 0.016
0.073 0.017
0.073 0.018
0.0726316 0.012
0.073 0.011
0.073 0.015
0.0728421 0.013
0.073 0.014
0.073 0.006
0.0732632 0.005
0.0734737 0.009
0.0734211 0.008
0.073 0.007
0.074 0
0.074 0.001
0.074 0.002
0.074 0.003
0.074 0.004
0.074 0.019
0.074 0.018
0.074 0.01
0.0742368 0.009
0.0738421 0.016
0.0738947 0.017
0.074 0.015
0.0736316 0.012
0.074 0.011
0.074 0.014
0.0736842 0.013
0.074 0.006
0.0742632 0.005
0.0742105 0.008
0.074 0.007
0.075 0
0.0750526 0.001
0.075 0.002
0.075 0.003
0.075 0.004
0.0752632 0.005
0.0743421 0.0125
0.075 0.017
0.075 0.019
0.075 0.018
0.075 0.008
0.075 0.009
0.075 0.01
0.075 0.014
0.075 0.016
0.075 0.015
0.075 0.012
0.075 0.011
0.075 0.013
0.075 0.006
0.075 0.007
0.076 0.001
0.076 0
0.0761053 0.002
0.076 0.005
0.076 0.003
0.0765789 0.0035
0.076 0.004
0.076 0.019
0.0758947 0.017
0.076 0.018
0.076 0.011
0.076 0.008
0.076 0.009
0.076 0.01
0.076 0.014
0.076 0.015
0.076 0.016
0.076 0.012
0.076 0.013
0.0763158 0.006
0.076 0.007
0.077 0
0.077 0.001
0.077 0.002
0.077 0.005
0.0773158 0.006
0.0771579 0.003
0.0772105 0.004
0.077 0.008
0.0769474 0.018
0.077 0.019
0.077 0.017
0.0767895 0.011
0.077 0.01
0.077 0.009
0.0767368 0.014
0.0767895 0.015
0.077 0.016
0.077 0.012
0.077 0.013
0.0773684 0.007
0.078 0.001
0.078 0
0.079 0
0.0781053 0.002
0.0781579 0.003
0.0783158 0.006
0.078 0.005
0.078 0.004
0.0773947 0.0145
0.078 0.009
0.078 0.008
0.0779474 0.018
0.078 0.019
0.078 0.016
0.078 0.017
0.0775789 0.011
0.0777632 0.01
0.078 0.014
0.078 0.015
0.078 0.012
0.078 0.013
0.0783684 0.007
0.079 0.001
0.08 0
0.079 0.002
0.079 0.004
0.079 0.003
0.0791579 0.006
0.079 0.005
0.0785263 0.01
0.0789737 0.0075
0.079 0.009
0.0789474 0.018
0.079 0.019
0.079 0.016
0.079 0.017
0.0785789 0.011
0.079 0.012
0.0787368 0.014
0.0792105 0.015
0.079 0.013
0.081 0
0.0796316 0.007
0.0800526 0.001
0.0801053 0.002
0.0797895 0.004
0.0801579 0.003
0.08 0.006
0.0802632 0.005
0.0792895 0.0105
0.0795789 0.008
0.0803158 0.0075
0.08 0.01
0.0804737 0.009
0.08 0.019
0.08 0.016
0.08 0.018
0.08 0.017
0.0798421 0.013
0.08 0.012
0.08 0.011
0.08 0.015
0.08 0.014
0.0810526 0.001
0.082 0
0.081 0.007
0.081 0.002
0.0811579 0.003
0.081 0.004
0.081 0.006
0.0812632 0.005
0.081 0.008
0.081 0.01
0.0814737 0.009
0.0809474 0.018
0.081 0.019
0.0808421 0.016
0.0808947 0.017
0.0806842 0.013
0.081 0.012
0.081 0.011
0.081 0.015
0.081 0.014
0.082 0.001
0.083 0
0.082 0.007
0.0821053 0.002
0.082 0.003
0.0822105 0.004
0.0823158 0.006
0.082 0.005
0.082 0.008
0.0817632 0.01
0.0824737 0.009
0.082 0.017
0.082 0.018
0.082 0.019
0.082 0.016
0.0816842 0.013
0.082 0.012
0.082 0.011
0.082 0.015
0.082 0.014
0.083 0.008
0.0830526 0.001
0.084 0
0.083 0.007
0.0833158 0.006
0.0831053 0.002
0.083 0.003
0.083 0.004
0.0832632 0.005
0.0834737 0.009
0.0825263 0.01
0.0828947 0.017
0.0829474 0.018
0.083 0.019
0.083 0.016
0.0826842 0.013
0.083 0.011
0.083 0.012
0.083 0.015
0.0827368 0.014
0.084 0.008
0.084 0.001
0.0841053 0.002
0.085 0
0.0843684 0.007
0.0841579 0.006
0.084 0.005
0.0841579 0.003
0.084 0.004
0.084 0.011
0.0842368 0.009
0.084 0.01
0.0838947 0.017
0.084 0.018
0.084 0.019
0.0837895 0.015
0.084 0.016
0.0836842 0.013
0.084 0.012
0.084 0.014
0.085 0.008
0.085 0.002
0.0850526 0.001
0.0851579 0.003
0.086 0.001
0.086 0
0.085 0.006
0.0851842 0.007
0.085 0.005
0.0852105 0.004
0.086 0.004
0.085 0.009
0.085 0.011
0.085 0.01
0.085 0.012
0.085 0.017
0.085 0.019
0.085 0.018
0.085 0.015
0.085 0.016
0.085 0.013
0.085 0.014
0.086 0.008
0.087 0
0.086 0.002
0.086 0.003
0.087 0.001
0.0865789 0.0035
0.086 0.007
0.086 0.006
0.086 0.005
0.0866053 0.0045
0.086 0.009
0.086 0.01
0.086 0.012
0.086 0.013
0.086 0.011
0.0858947 0.017
0.086 0.019
0.086 0.018
0.086 0.016
0.086 0.015
0.086 0.014
0.087 0.008
0.087 0.009
0.087 0.007
0.088 0
0.087 0.002
0.0871579 0.003
0.0880526 0.001
0.0872105 0.004
0.087 0.006
0.0872632 0.005
0.087 0.01
0.0868158 0.012
0.087 0.013
0.087 0.011
0.0877632 0.01
0.0868421 0.016
0.087 0.019
0.087 0.017
0.087 0.018
0.0867895 0.015
0.087 0.014
0.088 0.007
0.088 0.009
0.088 0.008
0.089 0
0.0890526 0.001
0.088 0.003
0.0881053 0.002
0.0885789 0.0035
0.0882632 0.005
0.088 0.004
0.0883158 0.006
0.0876316 0.012
0.0878421 0.013
0.088 0.011
0.0885263 0.01
0.0878421 0.016
0.088 0.017
0.088 0.019
0.088 0.018
0.088 0.014
0.088 0.015
0.089 0.007
0.089 0.009
0.0894211 0.008
0.09 0
0.0900526 0.001
0.0891053 0.002
0.0891579 0.003
0.089 0.005
0.0892105 0.004
0.0893158 0.006
0.0886316 0.012
0.0886842 0.013
0.089 0.011
0.0895263 0.01
0.089 0.016
0.0888947 0.017
0.089 0.019
0.0889474 0.018
0.0887368 0.014
0.089 0.015
0.09 0.007
0.0904211 0.008
0.0904737 0.009
0.091 0
0.091 0.001
0.0901053 0.002
0.09 0.003
0.0902632 0.005
0.0902105 0.004
0.0903158 0.006
0.0896316 0.012
0.0896842 0.013
0.09 0.011
0.0905263 0.01
0.0898421 0.016
0.09 0.017
0.09 0.019
0.09 0.018
0.09 0.014
0.09 0.015
0.091 0.007
0.0914211 0.008
0.0914737 0.009
0.092 0
0.0920526 0.001
0.0911053 0.002
0.091 0.003
0.0912105 0.004
0.091 0.005
0.0913158 0.006
0.0906316 0.012
0.0906842 0.013
0.091 0.011
0.0915263 0.01
0.091 0.016
0.0908947 0.017
0.091 0.019
0.091 0.018
0.091 0.014
0.091 0.015
0.092 0.007
0.0924211 0.008
0.0922632 0.0095
0.093 0
0.093 0.001
0.092 0.002
0.092 0.003
0.0922105 0.004
0.092 0.005
0.0923158 0.006
0.092 0.019
0.0916316 0.012
0.0916842 0.013
0.092 0.011
0.0918421 0.016
0.0918947 0.017
0.0919474 0.018
0.0917368 0.014
0.092 0.015
0.093 0.01
0.0932105 0.008
0.093 0.007
0.093 0.009
0.094 0
0.0940526 0.001
0.0931053 0.002
0.093 0.003
0.0932105 0.004
0.093 0.005
0.0933158 0.006
0.093 0.019
0.093 0.018
0.0926842 0.013
0.0926316 0.012
0.093 0.011
0.0928421 0.016
0.093 0.017
0.093 0.014
0.093 0.015
0.094 0.01
0.094 0.008
0.094 0.007
0.0944737 0.009
0.095 0.001
0.095 0
0.0941053 0.002
0.0951053 0.002
0.094 0.003
0.094 0.004
0.0942632 0.005
0.0943158 0.006
0.0938947 0.017
0.094 0.019
0.094 0.018
0.0936842 0.013
0.094 0.012
0.094 0.011
0.094 0.016
0.094 0.014
0.094 0.015
0.0947632 0.01
0.096 0
0.095 0.007
0.095 0.008
0.0954737 0.009
0.096 0.001
0.0961053 0.002
0.0951579 0.003
0.095 0.004
0.0953158 0.006
0.0952632 0.005
0.0948947 0.017
0.095 0.019
0.095 0.018
0.095 0.011
0.0946842 0.013
0.095 0.012
0.095 0.016
0.095 0.014
0.0947895 0.015
0.0955263 0.01
0.097 0
0.0963158 0.006
0.096 0.007
0.096 0.008
0.0966842 0.0075
0.0964737 0.009
0.0961579 0.003
0.097 0.002
0.097 0.001
0.096 0.004
0.0962632 0.005
0.096 0.016
0.0958947 0.017
0.096 0.019
0.0959474 0.018
0.096 0.011
0.096 0.012
0.0956842 0.013
0.096 0.015
0.0957368 0.014
0.0965263 0.01
0.098 0
0.0972632 0.005
0.0971579 0.006
0.0973684 0.007
0.0974211 0.008
0.0974737 0.009
0.097 0.003
0.098 0.002
0.098 0.001
0.0972105 0.004
0.0967895 0.015
0.0968421 0.016
0.0968947 0.017
0.097 0.019
0.0969474 0.018
0.0967895 0.0115
0.0967368 0.01225
0.0966842 0.013
0.0967368 0.014
0.0975789 0.011
0.098 0.01
0.099 0
0.098 0.005
0.098 0.006
0.0983684 0.007
0.0984737 0.009
0.0984211 0.008
0.098 0.003
0.0991053 0.002
0.0990526 0.001
0.0982105 0.004
0.098 0.019
0.0977895 0.015
0.0978421 0.016
0.098 0.017
0.098 0.018
0.0976316 0.012
0.0976842 0.013
0.098 0.014
0.0985789 0.011
0.099 0.01
0.1 0
0.0994737 0.009
0.0992632 0.005
0.099 0.006
0.0991842 0.007
0.0992105 0.008
0.0991579 0.003
0.100053 0.001
0.1 0.002
0.0992105 0.004
0.099 0.019
0.0987895 0.015
0.0988947 0.017
0.099 0.016
0.099 0.018
0.0986316 0.012
0.0986842 0.013
0.099 0.014
0.0995789 0.011
0.1 0.01
0.101 0
0.101 0.001
0.100237 0.009
0.1 0.008
0.1 0.005
0.1 0.006
0.1 0.007
0.1 0.003
0.101 0.002
0.100211 0.004
0.0993421 0.0125
0.1 0.019
0.1 0.018
0.1 0.015
0.1 0.016
0.1 0.017
0.1 0.012
0.1 0.014
0.1 0.013
0.100579 0.011
0.101 0.01
0.101 0.009
0.102 0
0.102 0.002
0.102 0.001
0.101 0.008
0.101 0.005
0.101 0.006
0.101368 0.007
0.101158 0.003
0.101 0.004
0.102158 0.003
0.101 0.019
0.100947 0.018
0.100789 0.015
0.100842 0.016
0.101 0.017
0.101 0.014
0.101 0.012
0.101 0.013
0.101579 0.011
0.101763 0.01
0.102 0.009
0.103 0
0.103 0.002
0.103053 0.001
0.102368 0.007
0.102421 0.008
0.102 0.005
0.102316 0.006
0.102211 0.004
0.103 0.003
0.102 0.019
0.102 0.018
0.102 0.017
0.101789 0.015
0.101842 0.016
0.102 0.014
0.101816 0.012
0.102 0.013
0.103421 0.008
0.103 0.009
0.102579 0.011
0.102526 0.01
0.104 0
0.104053 0.001
0.104 0.002
0.103211 0.004
0.103158 0.006
0.103368 0.007
0.103 0.005
0.104211 0.004
0.104158 0.003
0.104211 0.008
0.103 0.019
0.102947 0.018
0.103 0.017
0.102842 0.016
0.102789 0.015
0.102737 0.014
0.102632 0.012
0.103 0.013
0.104 0.009
0.104 0.01
0.103579 0.011
0.105 0.001
0.105 0
0.105105 0.002
0.104368 0.007
0.104263 0.005
0.104 0.006
0.105263 0.005
0.105 0.004
0.105158 0.003
0.105 0.008
0.104 0.019
0.104 0.018
0.104 0.017
0.103842 0.016
0.103789 0.015
0.104 0.014
0.105184 0.007
0.105474 0.009
0.104 0.013
0.103632 0.012
0.105 0.01
0.104579 0.011
0.106 0.001
0.106 0
0.106 0.002
0.105316 0.006
0.106 0.005
0.106 0.004
0.106 0.003
0.106579 0.0035
0.105789 0.008
0.105 0.019
0.104895 0.017
0.104947 0.018
0.105 0.016
0.104789 0.015
0.105 0.014
0.104842 0.013
0.106 0.007
0.106 0.01
0.106237 0.009
0.105 0.012
0.106 0.011
0.107 0.001
0.107 0
0.107105 0.002
0.106684 0.006
0.107 0.005
0.107211 0.004
0.107158 0.003
0.105605 0.0155
0.106579 0.008
0.106 0.019
0.106 0.018
0.105895 0.017
0.106158 0.016
0.106211 0.015
0.106 0.014
0.105684 0.013
0.107368 0.007
0.107 0.01
0.107 0.009
0.106368 0.012
0.106974 0.0115
0.108 0.001
0.108 0
0.108 0.002
0.108 0.006
0.108 0.005
0.108158 0.003
0.108 0.004
0.107421 0.008
0.107 0.015
0.107 0.016
0.107 0.019
0.107 0.018
0.107 0.017
0.107 0.014
0.107 0.013
0.108368 0.007
0.108211 0.008
0.108 0.009
0.107579 0.011
0.108 0.01
0.107632 0.012
0.109 0
0.109 0.001
0.109105 0.002
0.109158 0.003
0.109 0.006
0.109 0.005
0.109211 0.004
0.107789 0.015
0.108 0.016
0.108 0.019
0.108 0.017
0.108 0.018
0.108 0.014
0.108 0.013
0.109184 0.007
0.109 0.008
0.109 0.009
0.108579 0.011
0.109 0.01
0.109 0.012
0.11 0
0.110053 0.001
0.11 0.002
0.110211 0.004
0.11 0.003
0.11 0.006
0.110263 0.005
0.108789 0.015
0.109 0.016
0.109 0.019
0.109 0.017
0.108947 0.018
0.109 0.013
0.108737 0.014
0.11 0.01
0.11 0.007
0.11 0.008
0.110474 0.009
0.109842 0.013
0.11 0.011
0.11 0.012
0.111 0
0.111 0.002
0.111 0.001
0.111 0.004
0.111 0.003
0.111 0.006
0.111 0.007
0.111263 0.005
0.109395 0.0145
0.112 0.004
0.11 0.019
0.11 0.015
0.11 0.017
0.11 0.016
0.11 0.018
0.11 0.014
0.111 0.011
0.111 0.01
0.111 0.008
0.111237 0.009
0.110684 0.013
0.111 0.012
0.112 0
0.112 0.002
0.112 0.001
0.112 0.003
0.112 0.006
0.112 0.007
0.112 0.005
0.112605 0.0045
0.112579 0.0035
0.111 0.019
0.111 0.015
0.111 0.016
0.110895 0.017
0.111 0.018
0.111 0.014
0.111789 0.011
0.112 0.012
0.112 0.01
0.112 0.009
0.112 0.008
0.112 0.013
0.113 0
0.113053 0.001
0.113 0.002
0.113158 0.003
0.113263 0.005
0.113 0.007
0.113 0.006
0.113211 0.004
0.112711 0.0085
0.112 0.019
0.112 0.018
0.111789 0.015
0.111842 0.016
0.112 0.017
0.112 0.014
0.112579 0.011
0.112816 0.012
0.113 0.01
0.113421 0.008
0.112842 0.013
0.114 0
0.114053 0.001
0.114 0.003
0.114105 0.002
0.114211 0.004
0.114 0.006
0.114263 0.005
0.114 0.007
0.113474 0.009
0.113 0.019
0.112947 0.018
0.112789 0.015
0.112842 0.016
0.113 0.017
0.113 0.014
0.114 0.01
0.113632 0.012
0.113579 0.011
0.114421 0.008
0.113684 0.013
0.115 0
0.115 0.002
0.115053 0.001
0.115 0.003
0.115 0.004
0.115 0.006
0.115263 0.005
0.115 0.007
0.113421 0.0155
0.114474 0.009
0.114 0.019
0.114 0.018
0.114 0.017
0.114 0.015
0.114 0.016
0.114 0.014
0.114632 0.012
0.115 0.01
0.114579 0.011
0.115421 0.008
0.114684 0.013
0.116 0
0.116053 0.001
0.116 0.002
0.116 0.003
0.116211 0.004
0.116263 0.005
0.116 0.006
0.116 0.007
0.115474 0.009
0.116 0.01
0.115 0.019
0.115 0.018
0.115 0.017
0.114842 0.016
0.114789 0.015
0.115 0.014
0.115632 0.012
0.116 0.011
0.116421 0.008
0.116 0.013
0.117 0
0.117053 0.001
0.117105 0.002
0.117158 0.003
0.117 0.004
0.117263 0.005
0.117316 0.006
0.117 0.007
0.116 0.014
0.115421 0.0155
0.116474 0.009
0.116763 0.01
0.116 0.019
0.116 0.018
0.116 0.017
0.116 0.016
0.116 0.015
0.116632 0.012
0.117 0.011
0.117421 0.008
0.116842 0.013
0.116737 0.014
0.118053 0.001
0.118 0
0.118158 0.003
0.118105 0.002
0.118316 0.006
0.118211 0.004
0.118263 0.005
0.118368 0.007
0.117474 0.009
0.117526 0.01
0.117 0.019
0.116947 0.018
0.116895 0.017
0.117 0.015
0.116842 0.016
0.119026 0.0075
0.117632 0.012
0.117789 0.011
0.118237 0.009
0.118421 0.008
0.118 0.014
0.117684 0.013
0.119 0.001
0.119 0
0.119 0.003
0.119 0.002
0.119 0.005
0.119158 0.006
0.119 0.004
0.119632 0.007
0.118526 0.01
0.118579 0.011
0.118 0.015
0.118 0.019
0.118 0.018
0.117895 0.017
0.118 0.016
0.119579 0.008
0.118632 0.012
0.119 0.009
0.118737 0.014
0.119 0.013
0.119947 0.001
0.12 0
0.119842 0.003
0.12 0.002
0.119737 0.005
0.12 0.006
0.120211 0.004
0.120368 0.007
0.118579 0.0155
0.119289 0.0105
0.119329 0.01125
0.119211 0.015
0.119 0.019
0.118947 0.018
0.119 0.017
0.119158 0.016
0.121 0
0.12 0.009
0.120421 0.008
0.119368 0.012
0.12 0.01
0.12 0.014
0.12 0.013
0.121 0.001
0.121 0.003
0.121105 0.002
0.121211 0.004
0.121 0.006
0.121 0.005
0.121184 0.007
0.12 0.011
0.12 0.015
0.12 0.016
0.12 0.019
0.12 0.018
0.12 0.017
0.122 0
0.121 0.01
0.121 0.009
0.121421 0.008
0.120632 0.012
0.121 0.011
0.121 0.013
0.120737 0.014
0.122053 0.001
0.122 0.002
0.122 0.003
0.122 0.007
0.122263 0.005
0.122211 0.004
0.122 0.006
0.120789 0.015
0.121 0.016
0.121 0.019
0.120947 0.018
0.121 0.017
0.123 0
0.122421 0.008
0.122 0.01
0.122474 0.009
0.122 0.011
0.121632 0.012
0.122 0.013
0.121789 0.015
0.122 0.014
0.123 0.001
0.123105 0.002
0.123 0.003
0.123211 0.004
0.123 0.007
0.123 0.005
0.123316 0.006
0.121842 0.016
0.122 0.017
0.122 0.019
0.122 0.018
0.124 0
0.123211 0.008
0.122763 0.01
0.123474 0.009
0.123 0.011
0.122632 0.012
0.123 0.014
0.123 0.013
0.122789 0.015
0.124053 0.001
0.124 0.002
0.124158 0.003
0.124 0.004
0.124 0.007
0.124263 0.005
0.124316 0.006
0.123421 0.0155
0.122842 0.016
0.123 0.017
0.123 0.018
0.123 0.019
0.125 0
0.124 0.008
0.123526 0.01
0.124474 0.009
0.124 0.011
0.123842 0.013
0.124 0.012
0.123737 0.014
0.124 0.015
0.125053 0.001
0.125105 0.002
0.125158 0.003
0.125 0.004
0.125 0.007
0.125316 0.006
0.125605 0.0045
0.125 0.005
0.124 0.016
0.123895 0.017
0.123947 0.018
0.124 0.019
0.126 0
0.125 0.008
0.124526 0.01
0.125237 0.009
0.125 0.011
0.125 0.012
0.124684 0.013
0.125 0.015
0.125 0.014
0.125 0.016
0.126053 0.001
0.126 0.002
0.126 0.003
0.126211 0.004
0.126 0.007
0.126158 0.006
0.126263 0.005
0.124895 0.017
0.125 0.018
0.126421 0.008
0.125 0.019
0.127 0
0.126 0.009
0.125526 0.01
0.125789 0.0115
0.125895 0.01225
0.126 0.013
0.125789 0.015
0.126 0.016
0.126 0.014
0.125895 0.017
0.127 0.001
0.127 0.002
0.127158 0.003
0.127 0.005
0.127211 0.004
0.127 0.007
0.127 0.006
0.127632 0.0055
0.126 0.018
0.127 0.009
0.127421 0.008
0.126 0.019
0.128 0
0.127 0.01
0.126579 0.011
0.126632 0.012
0.127 0.013
0.126789 0.015
0.126842 0.016
0.127 0.014
0.127 0.017
0.128053 0.001
0.128105 0.002
0.128 0.003
0.128211 0.004
0.128263 0.005
0.128 0.007
0.128316 0.006
0.126947 0.018
0.128211 0.008
0.127737 0.0095
0.128474 0.009
0.127 0.019
0.129 0
0.127842 0.013
0.128 0.011
0.127632 0.012
0.127842 0.016
0.127789 0.015
0.128 0.014
0.128 0.017
0.127947 0.018
0.129053 0.001
0.129105 0.002
0.129158 0.003
0.129263 0.005
0.129 0.004
0.129368 0.007
0.129 0.008
0.129316 0.006
0.128526 0.01
0.129474 0.009
0.128 0.019
0.13 0
0.129 0.011
0.128684 0.013
0.129 0.012
0.129 0.014
0.128842 0.016
0.129 0.015
0.128895 0.017
0.129 0.018
0.13 0.002
0.130053 0.001
0.13 0.003
0.130263 0.005
0.130211 0.004
0.130184 0.007
0.130421 0.008
0.130316 0.006
0.129526 0.01
0.130474 0.009
0.129 0.019
0.131 0
0.13 0.011
0.129816 0.012
0.129684 0.013
0.13 0.014
0.13 0.015
0.129842 0.016
0.129895 0.017
0.129947 0.018
0.131105 0.002
0.131 0.001
0.131158 0.003
0.131 0.005
0.131211 0.004
0.131237 0.009
0.131 0.007
0.131421 0.008
0.131158 0.006
0.130526 0.01
0.13 0.019
0.132 0
0.130632 0.012
0.131 0.011
0.130684 0.013
0.131 0.014
0.131 0.016
0.131 0.015
0.131 0.018
0.130895 0.017
0.132 0.002
0.132053 0.001
0.132211 0.004
0.132158 0.003
0.131526 0.01
0.132 0.005
0.132 0.006
0.132211 0.008
0.132 0.009
0.132 0.007
0.131 0.019
0.133 0
0.132 0.015
0.132 0.014
0.131632 0.012
0.132 0.011
0.132 0.013
0.132 0.018
0.131842 0.016
0.132 0.017
0.133053 0.001
0.133 0.002
0.133158 0.003
0.133 0.004
0.133263 0.005
0.132526 0.01
0.133 0.006
0.133474 0.009
0.133 0.008
0.133368 0.007
0.132 0.019
0.132789 0.011
0.134 0
0.132789 0.015
0.132737 0.014
0.133 0.012
0.132842 0.013
0.132947 0.018
0.133 0.016
0.133 0.017
0.134 0.005
0.134 0.001
0.134105 0.002
0.134158 0.003
0.134211 0.004
0.133526 0.01
0.134474 0.009
0.134184 0.007
0.134316 0.006
0.134421 0.008
0.133 0.019
0.133579 0.011
0.135 0
0.133789 0.015
0.134 0.014
0.133816 0.012
0.133684 0.013
0.134 0.018
0.133842 0.016
0.134 0.017
0.135263 0.005
0.135105 0.002
0.135053 0.001
0.135158 0.003
0.135211 0.004
0.134526 0.01
0.135474 0.009
0.135316 0.006
0.135421 0.008
0.135 0.007
0.134421 0.0155
0.134 0.019
0.134579 0.011
0.136 0
0.136053 0.001
0.135 0.015
0.134737 0.014
0.134632 0.012
0.134684 0.013
0.134895 0.017
0.134947 0.018
0.135 0.016
0.136263 0.005
0.136211 0.004
0.136 0.002
0.136 0.003
0.135526 0.01
0.136474 0.009
0.136316 0.006
0.136211 0.008
0.136 0.007
0.135 0.019
0.135579 0.011
0.137 0
0.137 0.001
0.135789 0.015
0.135684 0.013
0.136 0.014
0.135632 0.012
0.135895 0.017
0.136 0.018
0.135842 0.016
0.137105 0.002
0.137 0.005
0.137 0.004
0.137 0.003
0.136526 0.01
0.137316 0.006
0.137474 0.009
0.137 0.008
0.137 0.007
0.136 0.019
0.136579 0.011
0.138105 0.002
0.138 0
0.138 0.001
0.136789 0.015
0.137 0.014
0.136684 0.013
0.137 0.012
0.137 0.019
0.137 0.018
0.136895 0.017
0.137 0.016
0.138158 0.003
0.138 0.005
0.138 0.004
0.138316 0.006
0.137526 0.01
0.138368 0.007
0.138237 0.009
0.138 0.008
0.137579 0.011
0.139 0
0.139 0.002
0.139 0.001
0.139158 0.003
0.137789 0.015
0.137737 0.014
0.137684 0.013
0.138 0.012
0.138 0.019
0.137947 0.018
0.138 0.016
0.137895 0.017
0.139158 0.006
0.139211 0.004
0.139 0.005
0.138526 0.01
0.139368 0.007
0.139421 0.008
0.139 0.009
0.138579 0.011
0.138816 0.012
0.14 0
0.140053 0.001
0.14 0.002
0.140158 0.003
0.140211 0.004
0.138789 0.015
0.138737 0.014
0.139 0.013
0.139 0.016
0.139 0.019
0.138947 0.018
0.139 0.017
0.14 0.006
0.140263 0.005
0.139579 0.011
0.140368 0.007
0.14 0.01
0.140211 0.008
0.14 0.009
0.139632 0.012
0.141 0
0.141053 0.001
0.141105 0.002
0.141 0.004
0.141 0.003
0.139789 0.015
0.14 0.014
0.14 0.013
0.14 0.017
0.139842 0.016
0.14 0.019
0.14 0.018
0.141 0.006
0.141263 0.005
0.141368 0.007
0.140579 0.011
0.141 0.008
0.141 0.01
0.141 0.009
0.142 0.005
0.140632 0.012
0.141 0.013
0.142 0
0.142 0.001
0.142 0.002
0.142158 0.003
0.142 0.004
0.140789 0.015
0.141 0.014
0.140895 0.017
0.141 0.016
0.141 0.018
0.141 0.019
0.142 0.006
0.142368 0.007
0.142 0.008
0.143184 0.007
0.141579 0.011
0.142 0.01
0.142 0.009
0.142711 0.0085
0.142605 0.0045
0.142632 0.0055
0.141632 0.012
0.142 0.013
0.143 0
0.143053 0.001
0.143105 0.002
0.143 0.003
0.143211 0.004
0.142 0.015
0.142 0.014
0.142 0.017
0.141842 0.016
0.142 0.018
0.142 0.019
0.143316 0.006
0.143474 0.009
0.143421 0.008
0.144 0.007
0.142579 0.011
0.143 0.01
0.143763 0.01
0.143263 0.005
0.142632 0.012
0.142842 0.013
0.144 0
0.144053 0.001
0.144105 0.002
0.144 0.004
0.144158 0.003
0.144 0.005
0.143632 0.012
0.142789 0.015
0.143 0.014
0.142895 0.017
0.143 0.016
0.143 0.019
0.143 0.018
0.144316 0.006
0.144474 0.009
0.144421 0.008
0.145026 0.0075
0.144974 0.0065
0.144526 0.01
0.144 0.011
0.143684 0.013
0.144 0.014
0.145 0.002
0.145 0
0.145 0.001
0.145 0.004
0.145 0.003
0.145 0.005
0.144632 0.012
0.143842 0.016
0.144 0.015
0.143895 0.017
0.144 0.018
0.144 0.019
0.145684 0.006
0.145237 0.009
0.145579 0.008
0.145632 0.007
0.145474 0.01
0.145421 0.011
0.145842 0.003
0.144737 0.014
0.145 0.013
0.146 0
0.145895 0.002
0.146 0.001
0.145789 0.004
0.146 0.005
0.145974 0.0115
0.145368 0.012
0.144842 0.016
0.145211 0.015
0.144947 0.018
0.145 0.017
0.145 0.019
0.146658 0.0055
0.146513 0.00625
0.146368 0.007
0.146 0.009
0.146421 0.008
0.146526 0.01
0.146579 0.011
0.146421 0.0035
0.146474 0.0025
0.146 0.014
0.146 0.015
0.146 0.013
0.147 0
0.147053 0.001
0.147105 0.002
0.147 0.004
0.147263 0.005
0.146632 0.012
0.146 0.017
0.146 0.016
0.146 0.018
0.146 0.019
0.147316 0.006
0.147368 0.007
0.147 0.009
0.147421 0.008
0.147526 0.01
0.147579 0.011
0.147158 0.003
0.147 0.013
0.146789 0.015
0.146737 0.014
0.148 0
0.148 0.001
0.148 0.005
0.148105 0.002
0.148211 0.004
0.147632 0.012
0.146895 0.017
0.146842 0.016
0.146947 0.018
0.147 0.019
0.148316 0.006
0.148368 0.007
0.148 0.009
0.148421 0.008
0.148526 0.01
0.148579 0.011
0.148158 0.003
0.148 0.013
0.147789 0.015
0.147737 0.014
0.149 0
0.149 0.001
0.149 0.005
0.149105 0.002
0.149 0.004
0.148632 0.012
0.147895 0.017
0.148 0.016
0.147947 0.018
0.148 0.019
0.149316 0.006
0.149368 0.007
0.149 0.009
0.149421 0.008
0.15 0.01
0.149579 0.011
0.149605 0.0045
0.149158 0.003
0.148789 0.015
0.149 0.013
0.148737 0.014
0.15 0
0.150053 0.001
0.150263 0.005
0.150105 0.002
0.150211 0.004
0.149632 0.012
0.148895 0.017
0.148842 0.016
0.148947 0.018
0.149 0.019
0.150421 0.008
0.150316 0.006
0.150368 0.007
0.150474 0.009
0.151 0.01
0.150579 0.011
0.150158 0.003
0.149395 0.0145
0.149421 0.0155
0.149842 0.013
0.15 0.014
0.151263 0.005
0.151 0
0.151053 0.001
0.151211 0.004
0.151105 0.002
0.151158 0.003
0.150632 0.012
0.15 0.017
0.15 0.016
0.15 0.018
0.15 0.019
0.151211 0.008
0.151368 0.007
0.151316 0.006
0.151474 0.009
0.151763 0.01
0.151579 0.011
0.15 0.015
0.150684 0.013
0.151 0.014
0.150789 0.015
0.152211 0.004
0.152263 0.005
0.152 0
0.152 0.001
0.152158 0.003
0.152105 0.002
0.151684 0.013
0.152 0.012
0.150895 0.017
0.150842 0.016
0.151 0.018
0.151 0.019
0.152 0.008
0.152184 0.007
0.152316 0.006
0.152474 0.009
0.152526 0.01
0.153 0.011
0.152 0.014
0.151789 0.015
0.153 0.004
0.153158 0.003
0.153 0.005
0.153 0
0.153 0.001
0.153105 0.002
0.152684 0.013
0.153 0.012
0.151895 0.017
0.152 0.016
0.152 0.018
0.152 0.019
0.153 0.008
0.153 0.007
0.153316 0.006
0.153474 0.009
0.153526 0.01
0.154 0.011
0.152737 0.014
0.153 0.015
0.154 0.003
0.154 0.004
0.154263 0.005
0.154 0
0.154053 0.001
0.154105 0.002
0.153684 0.013
0.154 0.012
0.152895 0.017
0.153 0.016
0.152947 0.018
0.153 0.019
0.154 0.008
0.154 0.007
0.154316 0.006
0.154474 0.009
0.154526 0.01
0.154789 0.011
0.154579 0.0035
0.154 0.014
0.153789 0.015
0.155158 0.003
0.155211 0.004
0.155263 0.005
0.155 0
0.155053 0.001
0.155105 0.002
0.154684 0.013
0.155 0.012
0.153895 0.017
0.154 0.016
0.154 0.018
0.154 0.019
0.155316 0.006
0.155 0.008
0.155368 0.007
0.155474 0.009
0.155526 0.01
0.155579 0.011
0.155 0.014
0.154789 0.015
0.156 0.003
0.156 0.005
0.156 0.004
0.156105 0.002
0.156 0
0.156 0.001
0.156 0.012
0.155684 0.013
0.154895 0.017
0.155 0.018
0.155 0.016
0.155 0.019
0.156316 0.006
0.156184 0.007
0.156 0.008
0.156237 0.009
0.156526 0.01
0.157 0.011
0.155737 0.014
0.156 0.015
0.157 0.012
0.157 0.003
0.157 0.005
0.157 0.004
0.157 0.001
0.157105 0.002
0.157 0
0.156737 0.014
0.157 0.013
0.155895 0.017
0.155947 0.018
0.156 0.016
0.156 0.019
0.157316 0.006
0.157 0.007
0.157 0.008
0.157 0.009
0.158 0.007
0.157526 0.01
0.158 0.011
0.158 0.012
0.157 0.015
0.158 0.013
0.158 0.002
0.158 0.003
0.158 0.004
0.158 0.005
0.158 0.001
0.158 0
0.157737 0.014
0.158861 0.0126986
0.156947 0.018
0.157 0.016
0.157 0.017
0.157 0.019
0.158462 0.00585619
0.158 0.008
0.158 0.009
0.1589 0.00796485
0.158925 0.00671237
0.158937 0.00981506
0.158876 0.0107046
0.158955 0.0116715
0.157789 0.015
0.159722 0.0123973
0.158773 0.0138097
0.158 0.016
0.1588 0.00176916
0.1592 0.00265374
0.1588 0.00326916
0.158997 0.00420653
0.159192 0.00513755
0.159 0
0.1589 0.000884579
0.15867 0.014691
0.159809 0.0136195
0.157947 0.018
0.158 0.017
0.158 0.019
0.159849 0.00642474
0.158998 0.00892552
0.159799 0.00842352
0.160109 0.00733276
0.159596 0.0100695
0.15991 0.0107499
0.160067 0.0116841
0.158596 0.0155549
0.160779 0.0125231
0.15955 0.014382
0.159306 0.016449
0.159548 0.00169724
0.160007 0.00272622
0.159599 0.00353831
0.159995 0.00441307
0.160384 0.00527509
0.16 0
0.159897 0.000740746
0.160842 0.0134297
0.159681 0.015657
0.160431 0.014073
0.158922 0.0181296
0.159114 0.0172893
0.159 0.019
0.160774 0.00613712
0.160676 0.00789544
0.160207 0.00927108
0.160965 0.00877866
0.161164 0.00699914
0.160847 0.0110205
0.160615 0.0101186
0.161413 0.0118059
0.161624 0.0125266
0.160056 0.014865
0.160055 0.0163035
0.159882 0.0172653
0.160415 0.00191413
0.16087 0.00293769
0.160665 0.00372564
0.160958 0.00437216
0.161407 0.00515437
0.160823 0.00110204
0.161 0
0.161471 0.0140018
0.161836 0.0132472
0.160429 0.0155116
0.161107 0.0147563
0.159897 0.0182593
0.16 0.019
0.161716 0.00584132
0.161553 0.00786117
0.161465 0.00983217
0.161935 0.00870623
0.162004 0.00669666
0.161771 0.0107028
0.162077 0.011377
0.162562 0.0122171
0.160803 0.0161581
0.16099 0.0172007
0.160823 0.017898
0.161308 0.00220001
0.161531 0.00346923
0.162071 0.00476292
0.162595 0.0135908
0.162872 0.0129015
0.161746 0.00146232
0.161871 0.00074073
0.162 0
0.162318 0.01428
0.161783 0.0154396
0.161 0.019
0.162659 0.00554553
0.162844 0.00639418
0.162503 0.00793947
0.162315 0.0095457
0.162787 0.00857047
0.163148 0.00720595
0.162694 0.0103852
0.163074 0.0112246
0.163453 0.0120641
0.161532 0.0165462
0.161778 0.0177431
0.161394 0.0183645
0.162006 0.0023508
0.16246 0.00342906
0.163141 0.0145026
0.162913 0.00450732
0.163823 0.0128823
0.163482 0.0136925
0.162836 0.00084409
0.162677 0.00166337
0.163 0
0.16246 0.0161229
0.162801 0.0153127
0.162 0.019
0.163434 0.00491521
0.163519 0.00575671
0.163671 0.00663401
0.163452 0.00801771
0.163563 0.00994234
0.163061 0.00920178
0.163807 0.00885785
0.163969 0.00726652
0.163816 0.0107975
0.164561 0.0122995
0.164187 0.0114707
0.162261 0.0169344
0.163088 0.0165781
0.162719 0.0175377
0.162364 0.0182593
0.163354 0.00219496
0.16306 0.00373653
0.162907 0.00281201
0.163824 0.0146589
0.163727 0.00426023
0.164746 0.0131513
0.164192 0.0136992
0.163598 0.000740746
0.164019 0.00174379
0.164 0
0.164101 0.0152715
0.16364 0.0160269
0.163 0.019
0.164497 0.00496849
0.164485 0.00651534
0.164485 0.00580332
0.164261 0.00789022
0.164431 0.0100906
0.164119 0.00947423
0.164554 0.00851393
0.164893 0.00734267
0.165111 0.0105926
0.1653 0.0126033
0.1653 0.0117167
0.163631 0.0172562
0.163598 0.0182593
0.16403 0.00272628
0.16354 0.00322759
0.164561 0.0145162
0.164541 0.00401315
0.1653 0.01349
0.164448 0.000981606
0.164747 0.00216523
0.165 0
0.164931 0.0153331
0.164423 0.0164924
0.164 0.019
0.165409 0.00468214
0.1653 0.00551
0.1653 0.00639667
0.1653 0.00817
0.1653 0.00994333
0.1653 0.00905667
0.165573 0.00743036
0.166064 0.0130286
0.165791 0.0110946
0.165871 0.0103733
0.166064 0.0121464
0.164367 0.0176373
0.164693 0.00324618
0.1653 0.0143767
0.165355 0.00376607
0.1653 0.00285
0.166222 0.0137601
0.166009 0.0147589
0.166064 0.015675
0.165363 0.000809962
0.165 0.019
0.165719 0.00160568
0.166 0
0.1653 0.01615
0.164881 0.0170686
0.165103 0.0180184
0.167066 0.0132944
0.166064 0.00420714
0.166064 0.00508929
0.166064 0.00597143
0.166064 0.00685357
0.166064 0.00861786
0.16591 0.00943252
0.166547 0.00982514
0.166716 0.00776982
0.167066 0.0122103
0.166465 0.0108197
0.166064 0.003325
0.165719 0.0173943
0.166064 0.002375
0.167066 0.0143785
0.167066 0.0154626
0.166186 0.000936344
0.167336 0.00992586
0.166 0.019
0.167066 0.00216264
0.167 0
0.166064 0.016625
0.166526 0.0179336
0.167854 0.0121118
0.167953 0.0131837
0.16815 0.0142678
0.167066 0.00353736
0.166889 0.00567516
0.167066 0.00462148
0.167361 0.00675279
0.167066 0.00895794
0.16746 0.0078246
0.167756 0.01104
0.16815 0.0153273
0.167032 0.00106639
0.16815 0.0100298
0.167 0.019
0.167806 0.0010343
0.16815 0.00202728
0.168 0
0.167066 0.0168374
0.1673 0.0179657
0.168656 0.0117631
0.168878 0.0124788
0.169108 0.0152539
0.169263 0.0133426
0.169185 0.0142982
0.16815 0.00367272
0.168233 0.00467981
0.168317 0.0056869
0.168308 0.00769974
0.16815 0.00685124
0.168562 0.00865005
0.168721 0.0105775
0.169108 0.0095
0.168 0.019
0.169108 0.00195387
0.16858 0.00100221
0.169 0
0.16815 0.0169727
0.168074 0.0179978
0.169418 0.0114314
0.170038 0.0123568
0.170038 0.0152136
0.170038 0.0133091
0.170038 0.0142614
0.169108 0.00374613
0.169108 0.00470511
0.169108 0.00662306
0.169108 0.00566409
0.169108 0.00758204
0.169651 0.0085645
0.169496 0.0104757
0.170088 0.0109356
0.170038 0.0095
0.170038 0.00191362
0.17 0
0.169 0.019
0.169108 0.0170461
0.170019 0.000956811
0.169055 0.0180068
0.170679 0.0113955
0.171 0.0131273
0.171 0.0120909
0.171 0.0152
0.171 0.0141636
0.170038 0.00378638
0.170119 0.00473751
0.170199 0.00568865
0.170038 0.00664319
0.170439 0.00854205
0.170359 0.00759092
0.170599 0.0104443
0.1708 0.00971307
0.171 0.00898182
0.171 0.0019
0.171 0
0.17 0.019
0.170038 0.0170864
0.171 0.00095
0.170019 0.0180432
0.171635 0.0110545
0.171816 0.0131273
0.17227 0.0120909
0.171997 0.0152
0.172088 0.0141636
0.171 0.0038
0.171 0.00483636
0.171181 0.00587273
0.171 0.00690909
0.171 0.00794545
0.171544 0.0100182
0.171771 0.00898182
0.171989 0.0019
0.171992 0
0.171 0.019
0.171 0.0171
0.172487 0.00095
0.171495 0.01805
0.172361 0.0110545
0.172997 0.0131273
0.172997 0.0120909
0.172997 0.0141636
0.172997 0.0152
0.171997 0.0038
0.171997 0.00587273
0.171997 0.00483636
0.171997 0.00690909
0.171997 0.00794545
0.172542 0.00898182
0.172997 0.0100182
0.172981 0.0019
0.172984 0
0.171992 0.019
0.171989 0.0171
0.173479 0.00095
0.172487 0.01805
0.173633 0.0110545
0.173815 0.0131273
0.173996 0.0120909
0.173996 0.0141636
0.173996 0.0152
0.172997 0.0038
0.172997 0.00587273
0.173088 0.00483636
0.173269 0.00690909
0.172997 0.00794545
0.173451 0.00898182
0.173996 0.0100182
0.173973 0.0019
0.173975 0
0.172984 0.019
0.172981 0.0171
0.17447 0.00095
0.173479 0.01805
0.174633 0.0110545
0.174814 0.0131273
0.174996 0.0120909
0.174996 0.0141636
0.174996 0.0152
0.174269 0.00690909
0.173996 0.0038
0.173996 0.00587273
0.174087 0.00483636
0.17436 0.00794545
0.174451 0.00898182
0.174996 0.00690909
0.174996 0.0100182
0.174965 0.0019
0.174967 0
0.173975 0.019
0.173973 0.0171
0.175958 0.00095
0.17447 0.01805
0.175996 0.0110545
0.175723 0.0120909
0.175814 0.0131273
0.175996 0.0141636
0.175996 0.0152
0.175178 0.00587273
0.174996 0.0038
0.174996 0.00483636
0.17536 0.00794545
0.175451 0.00898182
0.175996 0.00690909
0.17645 0.00898182
0.175996 0.0100182
0.175957 0.0019
0.175959 0
0.176949 0.0019
0.174967 0.019
0.174965 0.0171
0.17695 0.00095
0.175462 0.01805
0.176995 0.0120909
0.176814 0.0110545
0.176814 0.0131273
0.176995 0.0141636
0.176995 0.0152
0.176178 0.00587273
0.176087 0.00483636
0.175996 0.0038
0.176359 0.00794545
0.176995 0.00587273
0.177268 0.00690909
0.177223 0.00898182
0.176995 0.0100182
0.176951 0
0.177941 0.0019
0.175959 0.019
0.175957 0.0171
0.177942 0.00095
0.176454 0.01805
0.177722 0.0120909
0.177632 0.0110545
0.177995 0.0131273
0.177995 0.0141636
0.177995 0.0152
0.176995 0.00483636
0.176995 0.0038
0.177359 0.00794545
0.177995 0.00587273
0.177995 0.00690909
0.177995 0.00898182
0.177995 0.0100182
0.177943 0
0.178933 0.0019
0.176951 0.019
0.176949 0.0171
0.178934 0.00095
0.177446 0.01805
0.178722 0.0120909
0.178995 0.0110545
0.178995 0.0131273
0.179086 0.0141636
0.178995 0.0152
0.177995 0.00483636
0.177995 0.0038
0.178995 0.00587273
0.178359 0.00794545
0.178995 0.00690909
0.178995 0.00898182
0.179449 0.0100182
0.178935 0
0.179925 0.0019
0.179926 0
0.177943 0.019
0.177941 0.0171
0.180422 0.00095
0.179994 0.0110545
0.178438 0.01805
0.179994 0.0120909
0.179994 0.0131273
0.179994 0.0141636
0.179994 0.0152
0.179722 0.00690909
0.178995 0.00483636
0.178995 0.0038
0.179813 0.00587273
0.179631 0.00794545
0.180358 0.00742727
0.180449 0.00898182
0.18054 0.0100182
0.180917 0.0019
0.180918 0
0.178935 0.019
0.178933 0.0171
0.18191 0.00095
0.180994 0.0110545
0.17943 0.01805
0.180994 0.0120909
0.180812 0.0131273
0.180903 0.0141636
0.180994 0.0152
0.179994 0.0038
0.180403 0.00639091
0.179904 0.00483636
0.18054 0.00535455
0.181539 0.0100182
0.180994 0.00690909
0.180994 0.00794545
0.181448 0.00898182
0.181909 0.0019
0.18191 0
0.179926 0.019
0.179925 0.0171
0.182901 0.0019
0.182902 0
0.183398 0.00095
0.181812 0.0110545
0.181721 0.0120909
0.180422 0.01805
0.181812 0.0131273
0.181903 0.0141636
0.181994 0.0152
0.180994 0.0038
0.181994 0.00587273
0.181176 0.00587273
0.181085 0.00483636
0.182539 0.0100182
0.182448 0.00898182
0.181994 0.00690909
0.182584 0.00639091
0.182357 0.00794545
0.182403 0.0126091
0.180918 0.019
0.180917 0.0171
0.183893 0.0019
0.183894 0
0.184389 0.00095
0.183312 0.0105364
0.18263 0.0110545
0.182993 0.0120909
0.18191 0.01805
0.182993 0.0131273
0.182903 0.0141636
0.182993 0.0152
0.183993 0.0100182
0.182539 0.00535455
0.181994 0.0038
0.181994 0.00483636
0.183175 0.00794545
0.183448 0.00898182
0.183175 0.00587273
0.183266 0.00690909
0.18191 0.019
0.181909 0.0171
0.184885 0.0019
0.182901 0.0171
0.184886 0
0.185381 0.00095
0.183993 0.0120909
0.183993 0.0110545
0.183993 0.0131273
0.182902 0.019
0.183398 0.01805
0.183993 0.0141636
0.183993 0.0152
0.184621 0.00918922
0.184894 0.0102774
0.183084 0.00483636
0.182993 0.0038
0.183993 0.00483636
0.183993 0.00794545
0.183993 0.00587273
0.183993 0.00690909
0.184779 0.012054
0.185877 0.0019
0.183893 0.0171
0.185877 0
0.186869 0.00095
0.184517 0.0136208
0.184958 0.0113508
0.185042 0.013078
0.185795 0.0105366
0.183894 0.019
0.184389 0.01805
0.18491 0.0143366
0.184993 0.0152
0.185395 0.00841187
0.185795 0.00939662
0.183993 0.0038
0.184744 0.00457738
0.184744 0.00535465
0.184994 0.00742713
0.184744 0.00613192
0.185566 0.0120171
0.186869 0.0019
0.184885 0.0171
0.186869 0
0.187861 0.0019
0.187861 0.00095
0.185772 0.0135884
0.186131 0.0114064
0.186696 0.0107958
0.18609 0.0126834
0.186696 0.00994083
0.184886 0.019
0.185877 0.01805
0.185827 0.0145095
0.185992 0.0152
0.186696 0.00908583
0.186246 0.00820486
0.184993 0.0038
0.185827 0.00449049
0.185495 0.00535476
0.185995 0.00690881
0.186246 0.00613213
0.185877 0.0171
0.187861 0
0.188853 0.0019
0.188853 0
0.189374 0.000862352
0.186662 0.013819
0.186889 0.0116841
0.187597 0.0101525
0.187597 0.011055
0.187139 0.0129796
0.187597 0.00925005
0.185877 0.019
0.186869 0.0171
0.186869 0.01805
0.186992 0.0152
0.186809 0.00726495
0.187372 0.00833456
0.185992 0.0038
0.18666 0.00449049
0.186423 0.00528028
0.186997 0.00639049
0.19 0.0019
0.19 0
0.187441 0.0137017
0.187744 0.0144238
0.187854 0.0122394
0.188498 0.00941427
0.188498 0.0103643
0.188498 0.0113143
0.187996 0.0131285
0.188498 0.00846427
0.186869 0.019
0.187861 0.0171
0.187861 0.01805
0.187992 0.0152
0.187747 0.00703811
0.187996 0.00587147
0.188498 0.00768573
0.186992 0.0038
0.187595 0.00504195
0.188496 0.0141666
0.188664 0.012438
0.189249 0.00924165
0.189249 0.0106666
0.189165 0.0117476
0.189248 0.0128713
0.189331 0.0138221
0.189285 0.00824084
0.187861 0.019
0.188853 0.0171
0.188853 0.01805
0.188991 0.0152
0.188664 0.00656195
0.188496 0.00535244
0.189332 0.00725244
0.187992 0.0038
0.188661 0.00448895
0.19 0.00898098
0.19 0.010019
0.19 0.0110571
0.19 0.0120951
0.19 0.0131332
0.19 0.0141711
0.19 0.00794293
0.19 0.019
0.188853 0.019
0.19 0.0171
0.19 0.0152
0.189248 0.00612866
0.189331 0.00517789
0.19 0.00690488
0.19 0.00482886
0.188991 0.0038
0.19 0.00586684
0.19 0.0038
