0 0.014
0 0.01
0 0.008
0 0.009
0 0.006
0 0.019
0 0.015
0 0.016
0 0.017
0 0.013
0 0.012
0 0.011
0.000692308 0.0106923
0.00075 0.014625
0.00075 0.01375
0 0.007
0.000692308 0.00976923
0.000666667 0.00825
0 0
0 0.004
0 0.005
0.00075 0.00525
0.0007 0.0063
0 0.001
0 0.003
0 0.002
0 0.018
0.001 0.019
0.00133333 0.0156667
0.00075 0.01675
0.00075 0.0175
0.000727273 0.0126364
0.000727273 0.0117273
0.00138462 0.0105385
0.0015 0.0145
0.00145455 0.0132727
0.00136752 0.00952564
0.00133333 0.0075
0.00135043 0.00851282
0.001 0
0.000666667 0.00333333
0.00125 0.0045
0.00145455 0.00572727
0.002 0.00675
0.000666667 0.00133333
0.00133333 0.000666667
0.0012 0.0024
0.0015375 0.003075
0.00133333 0.0183333
0.002 0.019
0.00225 0.01525
0.002 0.0165
0.0015 0.0175
0.00145455 0.0124545
0.00207692 0.0113077
0.00219487 0.0102462
0.00218182 0.0139091
0.00218182 0.0131818
0.00231282 0.00918462
0.00243077 0.00812308
0.002 0
0.001875 0.00375
0.00218182 0.00509091
0.00266667 0.006
0.00290967 0.00680293
0.0018 0.0016
0.0024 0.0008
0.00215 0.0023
0.0025 0.003
0.00290909 0.0145455
0.00225 0.01825
0.003 0.019
0.00363636 0.0151818
0.003 0.016
0.00266667 0.0173333
0.00315268 0.00760586
0.00276923 0.0120769
0.00300152 0.0110192
0.00315878 0.00960385
0.00333333 0.01375
0.00346154 0.0128462
0.00323742 0.00889615
0.003 0
0.00270455 0.00372727
0.00290909 0.00445455
0.00333333 0.00525
0.00363158 0.00628571
0.00387458 0.00708864
0.0027625 0.001525
0.00333333 0.000666667
0.003125 0.00225
0.00338068 0.00303409
0.004 0.019
0.004 0.0145
0.0046049 0.0151014
0.00333333 0.0181667
0.00436364 0.0158182
0.00375 0.01675
0.00428571 0.0182857
0.00388516 0.00823049
0.0045329 0.00756483
0.00373453 0.0117802
0.00392611 0.0107308
0.00400475 0.0100231
0.00415385 0.0136154
0.00438462 0.0127051
0.00467214 0.00918049
0.004 0
0.00363636 0.00381818
0.004 0.0045
0.00433918 0.00554167
0.00459649 0.00657143
0.00375 0.0015
0.004375 0.00075
0.00405682 0.00234091
0.00436364 0.00318182
0.005 0.019
0.00484615 0.0143846
0.00553846 0.0155385
0.0045 0.0175
0.00509091 0.0164545
0.00525 0.01825
0.00533954 0.00833791
0.00558396 0.00728571
0.00469983 0.0114835
0.00485071 0.0104423
0.00512308 0.0132923
0.00519433 0.012033
0.00541927 0.00953297
0.00598783 0.00862363
0.00624193 0.00938187
0.005 0
0.00484615 0.00415385
0.00503963 0.00503237
0.00534503 0.00583333
0.0045 0.0015
0.00525 0.00075
0.00509091 0.00254545
0.00553846 0.00346154
0.00567692 0.0139077
0.006 0.019
0.00604038 0.0146558
0.00640385 0.0154038
0.00623077 0.0162308
0.00581818 0.0170909
0.0063 0.0183
0.00635088 0.006125
0.00695656 0.00706548
0.00655639 0.00771429
0.00564257 0.0107582
0.00609231 0.0129692
0.00606073 0.0116264
0.00660035 0.0103187
0.00681049 0.00847253
0.00706458 0.00923077
0.006 0
0.00665506 0.00529231
0.00574008 0.00452308
0.00581818 0.00190909
0.00654545 0.00127273
0.00623077 0.00276923
0.00645648 0.00359615
0.00733846 0.0129538
0.00692308 0.0136923
0.007 0.019
0.00709615 0.0144808
0.00726923 0.0152692
0.00715385 0.0161538
0.00692308 0.0169231
0.00654545 0.0175455
0.00733333 0.01825
0.00735672 0.00641667
0.0076817 0.00721429
0.00752882 0.00814286
0.00692713 0.0112198
0.00713279 0.0120868
0.00807692 0.012141
0.00759572 0.0105934
0.00755813 0.00987912
0.00778292 0.0089011
0.007 0
0.00727273 0.000727273
0.00752794 0.00526154
0.00705466 0.00457692
0.00761538 0.00138462
0.00692308 0.00207692
0.00720648 0.00284615
0.00737449 0.00373077
0.00796154 0.0133462
0.00796154 0.0140962
0.008 0.019
0.00813462 0.0151346
0.00807692 0.0160769
0.00761538 0.0174615
0.00830769 0.0183077
0.009 0.013
0.00836257 0.00670833
0.00842186 0.00563077
0.00855138 0.00760714
0.00936842 0.007
0.00850125 0.00857143
0.00831897 0.0112189
0.009 0.012
0.00856102 0.0102967
0.00854909 0.00928846
0.008 0
0.00830769 0.000692308
0.00836032 0.00169231
0.00815891 0.00478846
0.00804049 0.00253846
0.00821727 0.00358974
0.00926316 0.005
0.009 0.014
0.009 0.015
0.009 0.019
0.009 0.016
0.009 0.017
0.009 0.018
0.01 0.014
0.01 0.013
0.01 0.012
0.00931579 0.006
0.01 0.005
0.00997368 0.0065
0.0100263 0.0075
0.00942105 0.008
0.00947368 0.009
0.00957895 0.011
0.00952632 0.01
0.009 0
0.00905263 0.001
0.00910526 0.002
0.00921053 0.004
0.00915789 0.003
0.01 0.004
0.01 0.015
0.01 0.016
0.01 0.019
0.01 0.017
0.01 0.018
0.011 0.014
0.011 0.013
0.0104211 0.011
0.011 0.012
0.0107368 0.005
0.0106842 0.006
0.0106316 0.007
0.0105789 0.008
0.0105263 0.009
0.0104737 0.01
0.01 0
0.01 0.001
0.01 0.002
0.01 0.003
0.0107895 0.004
0.0114737 0.0045
0.012 0.014
0.011 0.015
0.012 0.015
0.011 0.016
0.011 0.019
0.011 0.017
0.011 0.018
0.0119079 0.01325
0.0118158 0.0125
0.0116974 0.01175
0.0115789 0.011
0.0114868 0.00525
0.0113684 0.007
0.0115 0.006
0.0114211 0.008
0.0114737 0.009
0.0115263 0.01
0.0122632 0.005
0.011 0
0.0110526 0.001
0.0111053 0.002
0.0111579 0.003
0.0122105 0.004
0.0121579 0.003
0.0127368 0.014
0.012 0.016
0.0127895 0.015
0.012 0.017
0.012 0.019
0.012 0.018
0.0126842 0.013
0.0126316 0.012
0.0125789 0.011
0.0125263 0.01
0.013 0.005
0.0123158 0.006
0.0123684 0.007
0.0124211 0.008
0.0124737 0.009
0.0129737 0.0065
0.013 0.004
0.012 0
0.0120526 0.001
0.0121053 0.002
0.013 0.003
0.013 0.002
0.0133684 0.0135
0.0133947 0.0145
0.0128421 0.016
0.0134211 0.0155
0.0128947 0.017
0.013 0.019
0.0129474 0.018
0.0133421 0.0125
0.0133158 0.0115
0.0132368 0.009
0.0132895 0.0105
0.0132632 0.00975
0.0137368 0.005
0.0136842 0.006
0.0130263 0.0075
0.0131316 0.00825
0.0136316 0.007
0.0137895 0.004
0.013 0
0.013 0.001
0.0138421 0.003
0.0138947 0.002
0.0145263 0.0045
0.014 0.013
0.014 0.014
0.014 0.015
0.014 0.016
0.014 0.017
0.014 0.019
0.014 0.018
0.014 0.012
0.014 0.011
0.014 0.009
0.014 0.01
0.0145 0.006
0.0145132 0.00525
0.0146316 0.007
0.014 0.008
0.014 0
0.0145263 0.0035
0.0139474 0.001
0.0145263 0.0025
0.0145263 0.0015
0.0152105 0.004
0.0152632 0.005
0.015 0.012
0.015 0.013
0.015 0.014
0.015 0.015
0.015 0.016
0.015 0.017
0.015 0.018
0.015 0.019
0.015 0.011
0.015 0.01
0.015 0.009
0.016 0.012
0.0153158 0.006
0.0153684 0.007
0.0154211 0.008
0.015 0
0.0151579 0.003
0.0150526 0.001
0.0151053 0.002
0.016 0.003
0.016 0.004
0.016 0.005
0.016 0.013
0.016 0.015
0.016 0.014
0.016 0.016
0.016 0.017
0.016 0.018
0.016 0.019
0.017 0.015
0.017 0.012
0.016 0.011
0.016 0.01
0.016 0.009
0.017 0.011
0.0161579 0.006
0.0162105 0.008
0.0161842 0.007
0.016 0
0.016 0.002
0.016 0.001
0.017 0.005
0.017 0.002
0.017 0.003
0.017 0.004
0.017 0.013
0.017 0.014
0.017 0.016
0.017 0.017
0.017 0.018
0.017 0.019
0.018 0.014
0.018 0.015
0.018 0.012
0.018 0.011
0.017 0.01
0.017 0.009
0.018 0.01
0.017 0.006
0.017 0.008
0.017 0.007
0.017 0
0.017 0.001
0.0178947 0.002
0.0177368 0.005
0.0178421 0.003
0.0177895 0.004
0.018 0.013
0.018 0.016
0.018 0.017
0.018 0.018
0.018 0.019
0.0187368 0.014
0.0187895 0.015
0.0188158 0.012
0.0187895 0.011
0.0187632 0.01
0.018 0.008
0.018 0.009
0.018 0.006
0.018 0.007
0.0185 0.005
0.018 0
0.0179474 0.001
0.0184737 0.0015
0.0185263 0.0025
0.0184868 0.00425
0.0184737 0.0035
0.019 0.013
0.0188421 0.016
0.0188947 0.017
0.0189474 0.018
0.019 0.019
0.0194211 0.0155
0.0195 0.014
0.0196316 0.012
0.02 0.015
0.0195789 0.011
0.019 0.009
0.0195263 0.01
0.019 0.008
0.019 0.006
0.019 0.007
0.0192632 0.005
0.02 0.005
0.019 0
0.0190526 0.001
0.0191053 0.002
0.0191579 0.003
0.0192105 0.004
0.0203158 0.013
0.02 0.016
0.02 0.017
0.02 0.018
0.02 0.019
0.0202632 0.014
0.0203684 0.012
0.021 0.014
0.021 0.015
0.0209737 0.0125
0.0204211 0.011
0.0204737 0.01
0.02 0.009
0.02 0.008
0.02 0.006
0.02 0.007
0.02 0.004
0.0207368 0.005
0.02 0
0.02 0.001
0.02 0.002
0.02 0.003
0.0216842 0.013
0.021 0.016
0.021 0.017
0.021 0.018
0.021 0.019
0.0209737 0.0115
0.0217368 0.014
0.0217895 0.015
0.0216316 0.012
0.0215789 0.011
0.0215263 0.01
0.021 0.009
0.021 0.008
0.021 0.007
0.021 0.006
0.0207895 0.004
0.0215 0.005
0.021 0
0.0210526 0.001
0.0211053 0.002
0.0211579 0.003
0.0223684 0.0135
0.0223421 0.0125
0.0218421 0.016
0.0218947 0.017
0.0219474 0.018
0.022 0.019
0.0224211 0.0155
0.0223947 0.0145
0.0223158 0.0115
0.0222895 0.0105
0.022 0.009
0.022 0.008
0.022 0.007
0.022 0.006
0.0222632 0.005
0.0222105 0.004
0.022 0
0.0220526 0.001
0.0221053 0.002
0.0221579 0.003
0.023 0.014
0.023 0.013
0.023 0.012
0.023 0.016
0.0228947 0.017
0.0229474 0.018
0.023 0.019
0.023 0.015
0.023 0.011
0.023 0.01
0.023 0.004
0.023 0.005
0.023 0.009
0.023 0.008
0.023 0.007
0.023 0.006
0.023 0.003
0.023 0
0.023 0.001
0.023 0.002
0.024 0.003
0.024 0.013
0.024 0.014
0.024 0.011
0.024 0.012
0.024 0.015
0.024 0.016
0.024 0.018
0.024 0.017
0.024 0.019
0.025 0.015
0.024 0.01
0.025 0.011
0.024 0.009
0.024 0.004
0.024 0.005
0.024 0.008
0.024 0.007
0.024 0.006
0.024 0
0.024 0.002
0.024 0.001
0.025 0.003
0.025 0.004
0.025 0.014
0.0248421 0.013
0.025 0.012
0.025 0.016
0.025 0.017
0.025 0.018
0.025 0.019
0.0257368 0.014
0.0257895 0.015
0.025 0.01
0.026 0.011
0.026 0.01
0.025 0.009
0.025 0.005
0.025 0.006
0.025 0.008
0.025 0.007
0.0251053 0.002
0.025 0
0.0250526 0.001
0.026 0.002
0.026 0.003
0.026 0.004
0.0256842 0.013
0.026 0.012
0.0258421 0.016
0.0258947 0.017
0.0259474 0.018
0.026 0.019
0.0263684 0.0135
0.0264211 0.0155
0.0263947 0.0145
0.026 0.009
0.027 0.012
0.027 0.009
0.027 0.011
0.027 0.01
0.026 0.008
0.026 0.005
0.026 0.006
0.026 0.007
0.026 0.001
0.026 0
0.027 0.004
0.0268947 0.002
0.027 0.003
0.027 0.013
0.027 0.018
0.027 0.016
0.027 0.017
0.027 0.019
0.027 0.014
0.027 0.015
0.027 0.008
0.028 0.008
0.028 0.012
0.028 0.011
0.028 0.009
0.028 0.01
0.027 0.007
0.027 0.005
0.027 0.006
0.027 0
0.0269474 0.001
0.028 0.004
0.028 0.003
0.028 0.002
0.028 0.013
0.0279474 0.018
0.028 0.015
0.028 0.016
0.028 0.017
0.028 0.019
0.028 0.014
0.028 0.007
0.029 0.009
0.029 0.008
0.029 0.013
0.029 0.012
0.029 0.011
0.029 0.01
0.028 0.006
0.028 0.005
0.029 0.005
0.028 0
0.028 0.001
0.029 0.004
0.029 0.003
0.029 0.002
0.029 0.014
0.029 0.015
0.029 0.018
0.029 0.016
0.029 0.017
0.029 0.019
0.029 0.007
0.0297368 0.0095
0.0297105 0.0085
0.0296842 0.0075
0.03 0.013
0.03 0.012
0.03 0.011
0.029 0.006
0.0297368 0.005
0.029 0
0.029 0.001
0.0297895 0.004
0.0298421 0.003
0.0298947 0.002
0.03 0.014
0.03 0.015
0.03 0.018
0.03 0.017
0.03 0.016
0.03 0.019
0.0296579 0.0065
0.0305263 0.01
0.0304737 0.009
0.0304211 0.008
0.0303684 0.007
0.031 0.014
0.031 0.013
0.031 0.012
0.031 0.011
0.03 0
0.0303158 0.006
0.0305 0.005
0.0305132 0.00425
0.0299474 0.001
0.0305263 0.0015
0.0305263 0.0035
0.0305263 0.0025
0.031 0.015
0.031 0.016
0.031 0.018
0.031 0.017
0.031 0.019
0.0312632 0.0095
0.0312368 0.0085
0.0312105 0.0075
0.0311842 0.0065
0.032 0.015
0.032 0.014
0.032 0.01
0.032 0.013
0.032 0.012
0.032 0.011
0.031 0
0.0312237 0.00575
0.0312632 0.005
0.0312105 0.004
0.0310526 0.001
0.0311053 0.002
0.0311579 0.003
0.032 0.016
0.032 0.017
0.032 0.019
0.032 0.018
0.032 0.009
0.032 0.008
0.032 0.007
0.032 0.006
0.033 0.014
0.033 0.015
0.033 0.009
0.033 0.013
0.033 0.01
0.033 0.012
0.033 0.011
0.032 0
0.032 0.005
0.032 0.004
0.032 0.003
0.032 0.001
0.032 0.002
0.033 0.016
0.033 0.017
0.033 0.018
0.033 0.019
0.0337895 0.015
0.033 0.008
0.033 0.007
0.033 0.006
0.033 0.005
0.0337368 0.014
0.034 0.009
0.034 0.01
0.034 0.013
0.034 0.011
0.034 0.012
0.033 0
0.033 0.004
0.033 0.003
0.0330526 0.001
0.033 0.002
0.0338421 0.016
0.0338947 0.017
0.0339474 0.018
0.034 0.019
0.0343947 0.0145
0.0344211 0.0155
0.034 0.008
0.034 0.007
0.034 0.006
0.034 0.005
0.035 0.014
0.035 0.008
0.035 0.009
0.035 0.01
0.035 0.013
0.035 0.012
0.035 0.011
0.034 0
0.034 0.004
0.034 0.003
0.034 0.001
0.034 0.002
0.035 0.016
0.035 0.017
0.035 0.019
0.035 0.018
0.035 0.015
0.035 0.007
0.035 0.006
0.035 0.005
0.036 0.014
0.036 0.007
0.036 0.013
0.036 0.008
0.036 0.009
0.036 0.01
0.036 0.012
0.036 0.011
0.035 0
0.035 0.001
0.035 0.004
0.035 0.003
0.035 0.002
0.036 0.015
0.036 0.016
0.036 0.018
0.036 0.017
0.036 0.019
0.036 0.006
0.036 0.005
0.036 0.004
0.037 0.015
0.037 0.014
0.037 0.007
0.037 0.008
0.037 0.013
0.037 0.009
0.037 0.01
0.037 0.011
0.037 0.012
0.036 0
0.036 0.001
0.036 0.003
0.036 0.002
0.037 0.016
0.037 0.017
0.037 0.018
0.037 0.019
0.037 0.006
0.037 0.005
0.037 0.004
0.0375789 0.0155
0.0376053 0.0145
0.0378158 0.007
0.0376316 0.0135
0.0377895 0.008
0.0377632 0.009
0.0376579 0.0125
0.0377368 0.00975
0.0377105 0.0105
0.0376842 0.0115
0.037 0
0.0370526 0.001
0.037 0.003
0.0371053 0.002
0.0381579 0.016
0.0381053 0.017
0.0379474 0.018
0.038 0.019
0.0378421 0.006
0.038 0.005
0.038 0.004
0.0382105 0.015
0.0382632 0.014
0.0386316 0.007
0.0385789 0.008
0.0383158 0.013
0.0385263 0.009
0.0383684 0.012
0.0384737 0.01
0.0384211 0.011
0.038 0
0.038 0.001
0.038 0.003
0.038 0.002
0.039 0.016
0.039 0.017
0.039 0.019
0.039 0.018
0.0386842 0.006
0.0387368 0.005
0.0387895 0.004
0.0396316 0.007
0.039 0.015
0.039 0.014
0.0395789 0.008
0.0395263 0.009
0.0391579 0.013
0.0394737 0.01
0.0391842 0.012
0.0392105 0.011
0.039 0
0.039 0.001
0.0388947 0.002
0.0388421 0.003
0.0395263 0.0025
0.04 0.015
0.04 0.016
0.04 0.018
0.04 0.017
0.04 0.019
0.0396842 0.006
0.0397368 0.005
0.0397895 0.004
0.0403421 0.0065
0.0403158 0.0075
0.04 0.014
0.0402895 0.0085
0.0402632 0.0095
0.04 0.013
0.04 0.011
0.04 0.012
0.04 0
0.0400526 0.001
0.0401053 0.002
0.0401579 0.003
0.041 0.015
0.041 0.016
0.041 0.017
0.041 0.018
0.041 0.019
0.0403684 0.0055
0.0403947 0.0045
0.041 0.004
0.041 0.006
0.041 0.007
0.041 0.008
0.041 0.014
0.041 0.009
0.041 0.01
0.041 0.013
0.041 0.011
0.041 0.012
0.041 0
0.041 0.001
0.041 0.002
0.041 0.003
0.042 0.015
0.042 0.016
0.042 0.017
0.0419474 0.018
0.042 0.019
0.041 0.005
0.043 0.017
0.042 0.004
0.042 0.005
0.042 0.006
0.042 0.007
0.042 0.008
0.042 0.009
0.042 0.014
0.042 0.01
0.042 0.011
0.042 0.013
0.042 0.012
0.042 0.002
0.042 0
0.042 0.001
0.042 0.003
0.043 0.014
0.043 0.016
0.043 0.015
0.043 0.019
0.043 0.018
0.0438947 0.017
0.0438421 0.016
0.0425789 0.0035
0.0426053 0.0045
0.0426316 0.0055
0.0426579 0.0065
0.0426842 0.0075
0.0427105 0.0085
0.0427368 0.0095
0.043 0.013
0.0427632 0.01025
0.0427895 0.011
0.0428158 0.012
0.043 0
0.0428947 0.002
0.0429474 0.001
0.0434737 0.0015
0.0431579 0.003
0.0437368 0.014
0.0437895 0.015
0.044 0.019
0.0439474 0.018
0.0444737 0.0175
0.0444737 0.0165
0.0444737 0.0155
0.0432105 0.004
0.0432632 0.005
0.0433158 0.006
0.0433684 0.007
0.0434211 0.008
0.0434737 0.009
0.0438421 0.013
0.0435263 0.01
0.0436316 0.012
0.0435789 0.011
0.044 0
0.0441053 0.002
0.0440526 0.001
0.0441579 0.003
0.0447368 0.014
0.0452105 0.015
0.0450526 0.018
0.045 0.019
0.0451053 0.017
0.0451579 0.016
0.0442105 0.004
0.0442632 0.005
0.0443158 0.006
0.0443684 0.007
0.0444737 0.009
0.0444211 0.008
0.0446316 0.012
0.0453684 0.0135
0.0446842 0.013
0.0445263 0.01
0.0445789 0.011
0.045 0
0.045 0.002
0.045 0.001
0.045 0.003
0.046 0.014
0.046 0.015
0.046 0.016
0.046 0.018
0.046 0.019
0.046 0.017
0.045 0.004
0.0452368 0.009
0.045 0.005
0.0451579 0.006
0.0451842 0.007
0.0452105 0.008
0.0453684 0.012
0.046 0.013
0.0454211 0.011
0.0454737 0.01
0.046 0
0.046 0.002
0.0460526 0.001
0.046 0.003
0.047 0.014
0.047 0.015
0.047 0.016
0.047 0.017
0.047 0.018
0.047 0.019
0.0460263 0.0115
0.0477895 0.015
0.046 0.004
0.046 0.009
0.046 0.008
0.0465789 0.0035
0.046 0.005
0.046 0.006
0.046 0.007
0.047 0.013
0.0466316 0.012
0.0465789 0.011
0.0465263 0.01
0.047 0
0.0470526 0.001
0.0471053 0.002
0.0471579 0.003
0.0477368 0.014
0.0478421 0.016
0.0478947 0.017
0.0479474 0.018
0.048 0.019
0.0484211 0.0155
0.0483947 0.0145
0.0466053 0.0045
0.0467105 0.0085
0.0466842 0.0075
0.0472105 0.004
0.0466316 0.0055
0.0466579 0.0065
0.0476316 0.012
0.048 0.013
0.0475263 0.01
0.0475789 0.011
0.0474737 0.009
0.048 0
0.048 0.003
0.048 0.001
0.048 0.002
0.049 0.014
0.049 0.017
0.049 0.016
0.049 0.019
0.049 0.018
0.049 0.015
0.0483158 0.0115
0.0472632 0.005
0.0474211 0.008
0.0473684 0.007
0.05 0.015
0.0484737 0.01
0.049 0.013
0.048 0.004
0.0473158 0.006
0.049 0.012
0.0485263 0.009
0.049 0.011
0.0485789 0.008
0.0487895 0.004
0.05 0.013
0.049 0
0.0489474 0.001
0.0488421 0.003
0.0488947 0.002
0.05 0.014
0.05 0.016
0.0498947 0.017
0.0505263 0.0175
0.05 0.019
0.0499474 0.018
0.048 0.005
0.0480263 0.0075
0.0479737 0.0065
0.0506053 0.0145
0.0505789 0.0155
0.0492632 0.0095
0.05 0.012
0.0487368 0.005
0.0486842 0.006
0.0486316 0.007
0.05 0.011
0.0492895 0.0085
0.05 0.01
0.0493158 0.0075
0.0494211 0.0035
0.0493947 0.0045
0.051 0.013
0.05 0
0.05 0.001
0.05 0.002
0.05 0.003
0.0512632 0.014
0.0511579 0.016
0.0511053 0.017
0.0510526 0.018
0.051 0.019
0.0512105 0.015
0.05 0.009
0.051 0.012
0.0493684 0.0055
0.0493421 0.0065
0.051 0.011
0.05 0.008
0.052 0.016
0.052 0.015
0.0507632 0.009
0.0514737 0.01
0.05 0.007
0.05 0.005
0.051 0.004
0.05 0.004
0.052 0.013
0.052 0.012
0.051 0.001
0.051 0
0.051 0.002
0.051 0.003
0.052 0.014
0.052 0.018
0.052 0.017
0.052 0.019
0.05 0.006
0.052 0.011
0.0507895 0.008
0.0528421 0.016
0.0527895 0.015
0.0515263 0.009
0.0522368 0.01
0.0515789 0.0035
0.051 0.006
0.051 0.007
0.0516053 0.0045
0.051 0.005
0.053 0.012
0.053 0.013
0.053 0.011
0.052 0
0.0519474 0.001
0.0521053 0.002
0.0521579 0.003
0.053 0.014
0.0529474 0.018
0.0528947 0.017
0.053 0.019
0.0515789 0.008
0.0536053 0.0145
0.0535263 0.0165
0.0534737 0.0155
0.053 0.01
0.0524737 0.009
0.052 0.007
0.0522105 0.004
0.052 0.006
0.0522632 0.005
0.054 0.012
0.054 0.013
0.054 0.011
0.053 0
0.0530526 0.001
0.0531579 0.003
0.0531053 0.002
0.0542632 0.014
0.054 0.018
0.0541053 0.017
0.054 0.019
0.0524211 0.008
0.0542105 0.015
0.0541579 0.016
0.0534737 0.009
0.054 0.01
0.0534211 0.008
0.053 0.007
0.0532105 0.004
0.053 0.006
0.0532632 0.005
0.055 0.014
0.055 0.013
0.055 0.011
0.055 0.012
0.055 0.01
0.054 0
0.054 0.001
0.054 0.003
0.054 0.002
0.055 0.015
0.055 0.018
0.055 0.017
0.055 0.019
0.055 0.016
0.0542368 0.0085
0.055 0.009
0.056 0.015
0.0541184 0.00775
0.054 0.007
0.054 0.004
0.054 0.006
0.054 0.005
0.0558421 0.013
0.056 0.014
0.0558158 0.012
0.0557632 0.01
0.0557895 0.011
0.0557368 0.00925
0.055 0
0.0550526 0.001
0.055 0.003
0.0551053 0.002
0.056 0.016
0.056 0.017
0.056 0.018
0.056 0.019
0.055 0.008
0.0557105 0.0085
0.0567368 0.014
0.0567895 0.015
0.055 0.007
0.055 0.006
0.055 0.004
0.055 0.005
0.0566316 0.012
0.0566842 0.013
0.0565789 0.011
0.0565263 0.01
0.0564737 0.009
0.056 0.004
0.056 0
0.056 0.001
0.056 0.003
0.056 0.002
0.0568421 0.016
0.0568947 0.017
0.0569474 0.018
0.057 0.019
0.0556842 0.0075
0.0564211 0.008
0.0573684 0.0135
0.0575263 0.0145
0.0573947 0.0155
0.0563684 0.007
0.056 0.006
0.056 0.005
0.057 0.004
0.058 0.013
0.0573684 0.012
0.0574211 0.011
0.0574737 0.01
0.0575789 0.008
0.0575263 0.009
0.057 0.003
0.057 0
0.057 0.001
0.057 0.002
0.058 0.016
0.058 0.017
0.058 0.019
0.058 0.018
0.0570263 0.0075
0.057 0.005
0.0582632 0.014
0.0582105 0.015
0.0570263 0.0065
0.0570132 0.00575
0.0576316 0.007
0.0577895 0.004
0.0577368 0.005
0.0581842 0.012
0.059 0.013
0.0582105 0.01125
0.0582368 0.0105
0.0583158 0.0075
0.0582632 0.0095
0.0582895 0.0085
0.058 0
0.0578421 0.003
0.0579474 0.001
0.0578947 0.002
0.059 0.016
0.059 0.017
0.059 0.018
0.059 0.019
0.059 0.014
0.059 0.015
0.0587895 0.004
0.0583421 0.0065
0.0576842 0.006
0.0587368 0.005
0.06 0.014
0.059 0.012
0.06 0.013
0.059 0.011
0.059 0.01
0.059 0.007
0.059 0.008
0.059 0.009
0.06 0.016
0.059 0
0.0589474 0.001
0.0588421 0.003
0.0588947 0.002
0.06 0.017
0.06 0.018
0.06 0.019
0.06 0.015
0.0593947 0.0045
0.0594211 0.0035
0.059 0.006
0.06 0.005
0.061 0.015
0.061 0.014
0.061 0.013
0.06 0.007
0.06 0.012
0.061 0.012
0.06 0.011
0.06 0.01
0.06 0.008
0.06 0.009
0.061 0.016
0.06 0
0.06 0.001
0.06 0.002
0.06 0.003
0.061 0.017
0.061 0.018
0.061 0.019
0.06 0.004
0.06 0.006
0.061 0.004
0.061 0.005
0.061 0.006
0.062 0.015
0.062 0.014
0.0618421 0.013
0.0618158 0.01225
0.061 0.007
0.061 0.011
0.0617895 0.0115
0.061 0.01
0.061 0.009
0.061 0.008
0.062 0.016
0.061 0
0.061 0.001
0.061 0.002
0.061 0.003
0.062 0.017
0.062 0.019
0.062 0.018
0.0615789 0.0035
0.0616053 0.0045
0.0627895 0.015
0.0616316 0.0055
0.0616579 0.0065
0.0627368 0.014
0.0626842 0.013
0.0626316 0.012
0.0616842 0.0075
0.0617632 0.0105
0.0625789 0.011
0.0617368 0.0095
0.0617105 0.0085
0.0628421 0.016
0.062 0
0.0620526 0.001
0.0621053 0.002
0.0621579 0.003
0.0628947 0.017
0.063 0.019
0.0629474 0.018
0.0622105 0.004
0.0622632 0.005
0.0634211 0.0155
0.0633947 0.0145
0.0623158 0.006
0.0623684 0.007
0.0633684 0.0135
0.0633421 0.0125
0.0633158 0.0115
0.0624211 0.008
0.0632895 0.0105
0.0625263 0.01
0.0624737 0.009
0.064 0.016
0.063 0
0.063 0.001
0.063 0.002
0.063 0.003
0.064 0.017
0.064 0.019
0.064 0.018
0.063 0.004
0.063 0.005
0.064 0.015
0.064 0.014
0.0631579 0.006
0.0633684 0.007
0.064 0.013
0.064 0.012
0.064 0.011
0.064 0.01
0.0634211 0.008
0.0634737 0.009
0.065 0.016
0.065 0.015
0.064 0
0.064 0.001
0.064 0.002
0.064 0.003
0.064 0.004
0.065 0.017
0.065 0.019
0.065 0.018
0.064 0.005
0.0639737 0.0075
0.0647895 0.004
0.0657895 0.015
0.065 0.014
0.0648421 0.013
0.064 0.006
0.0646316 0.007
0.0645789 0.008
0.0647895 0.011
0.0648158 0.012
0.0647632 0.01
0.0645263 0.009
0.0658421 0.016
0.0657368 0.014
0.065 0
0.0649474 0.001
0.0648947 0.002
0.0648421 0.003
0.0647368 0.005
0.0658947 0.017
0.066 0.019
0.0659474 0.018
0.0664737 0.0175
0.0653947 0.0045
0.0654211 0.0035
0.0667895 0.015
0.0667368 0.014
0.0656842 0.013
0.0656316 0.012
0.0653158 0.006
0.0653684 0.007
0.0654211 0.008
0.0655263 0.01
0.0655789 0.011
0.0654737 0.009
0.0668421 0.016
0.0666842 0.013
0.066 0.001
0.066 0
0.066 0.002
0.066 0.003
0.066 0.005
0.0671053 0.017
0.0670526 0.018
0.067 0.019
0.066 0.004
0.0674211 0.0155
0.0673947 0.0145
0.0673684 0.0135
0.0666316 0.012
0.0665789 0.011
0.0661579 0.006
0.0661842 0.00675
0.0662105 0.0075
0.0662368 0.0085
0.0665263 0.01
0.0673684 0.012
0.068 0.016
0.068 0.013
0.067 0.001
0.067 0
0.067 0.002
0.067 0.004
0.067 0.003
0.067 0.005
0.068 0.017
0.068 0.018
0.068 0.019
0.068 0.015
0.068 0.014
0.0673289 0.01125
0.0672895 0.0105
0.067 0.006
0.067 0.007
0.067 0.008
0.068 0.011
0.067 0.009
0.0688421 0.016
0.0686316 0.012
0.0687895 0.015
0.0688421 0.013
0.0687368 0.014
0.068 0
0.068 0.001
0.068 0.004
0.068 0.002
0.068 0.003
0.068 0.005
0.0688947 0.017
0.0689474 0.018
0.069 0.019
0.068 0.01
0.068 0.006
0.069 0.005
0.0697895 0.015
0.068 0.007
0.068 0.008
0.0687895 0.011
0.0687632 0.01
0.068 0.009
0.0698421 0.016
0.0696316 0.012
0.0696842 0.013
0.0697368 0.014
0.069 0
0.0690526 0.001
0.069 0.002
0.069 0.004
0.069 0.003
0.069 0.006
0.0698947 0.017
0.0699474 0.018
0.07 0.019
0.069 0.007
0.07 0.005
0.07 0.004
0.0703947 0.0145
0.0704211 0.0155
0.069 0.008
0.0695789 0.011
0.0695263 0.01
0.0694737 0.009
0.0703158 0.0115
0.071 0.016
0.0703421 0.0125
0.0703684 0.0135
0.07 0
0.07 0.001
0.07 0.002
0.07 0.003
0.07 0.006
0.071 0.017
0.071 0.019
0.071 0.018
0.07 0.007
0.0705789 0.0035
0.0706316 0.0055
0.0706053 0.0045
0.071 0.014
0.071 0.015
0.07 0.008
0.0702895 0.0105
0.0702632 0.0095
0.071 0.011
0.071 0.012
0.071 0.007
0.0718421 0.016
0.0717895 0.015
0.071 0.013
0.071 0
0.0709474 0.001
0.0711053 0.002
0.0711579 0.003
0.0713158 0.006
0.0718947 0.017
0.072 0.019
0.072 0.018
0.0712105 0.004
0.0712632 0.005
0.0717368 0.014
0.071 0.008
0.071 0.009
0.071 0.01
0.0718158 0.012
0.0717632 0.01025
0.0717895 0.011
0.0722632 0.005
0.072 0.007
0.0725263 0.0165
0.0724737 0.0155
0.0725263 0.0145
0.072 0.013
0.072 0
0.0720526 0.001
0.0721053 0.002
0.0721579 0.003
0.0723158 0.006
0.0731053 0.017
0.0730526 0.018
0.073 0.019
0.0722105 0.004
0.0726316 0.0135
0.072 0.008
0.0717368 0.0095
0.073 0.004
0.0726316 0.012
0.0725263 0.01
0.0725789 0.011
0.073 0.005
0.073 0.007
0.073 0.008
0.0732105 0.015
0.0731579 0.016
0.0732632 0.014
0.0733158 0.013
0.073 0
0.073 0.001
0.073 0.002
0.073 0.003
0.0736842 0.006
0.074 0.017
0.074 0.018
0.074 0.019
0.0724737 0.009
0.0736053 0.0045
0.0735789 0.0035
0.0733684 0.012
0.0735263 0.009
0.0734737 0.01
0.0734211 0.011
0.0742632 0.005
0.074 0.007
0.074 0.008
0.074 0.015
0.074 0.016
0.074 0.014
0.0741579 0.013
0.074 0
0.0740526 0.001
0.0741579 0.003
0.0741053 0.002
0.075 0.006
0.0748421 0.016
0.0748947 0.017
0.0749474 0.018
0.075 0.019
0.0742105 0.004
0.075 0.005
0.0741842 0.012
0.0742105 0.011
0.0742632 0.0095
0.0742368 0.01025
0.075 0.004
0.075 0.007
0.075 0.008
0.075 0.009
0.0754211 0.0155
0.0747895 0.015
0.075 0.014
0.075 0.013
0.075 0
0.0750526 0.001
0.0751579 0.003
0.0751053 0.002
0.076 0.006
0.076 0.007
0.076 0.016
0.076 0.017
0.076 0.018
0.076 0.019
0.076 0.005
0.075 0.012
0.075 0.011
0.075 0.01
0.076 0.004
0.076 0.008
0.076 0.009
0.076 0.01
0.076 0.015
0.076 0.014
0.076 0.013
0.076 0.003
0.0767368 0.005
0.076 0
0.076 0.001
0.076 0.002
0.077 0.007
0.077 0.006
0.077 0.015
0.077 0.016
0.077 0.018
0.077 0.017
0.077 0.019
0.076 0.012
0.076 0.011
0.0767895 0.004
0.077 0.008
0.077 0.009
0.077 0.01
0.077 0.014
0.077 0.013
0.077 0.012
0.0773947 0.0045
0.0768421 0.003
0.078 0.005
0.078 0.008
0.077 0
0.0770526 0.001
0.0771053 0.002
0.078 0.007
0.078 0.006
0.078 0.015
0.078 0.016
0.078 0.017
0.078 0.018
0.078 0.019
0.077 0.011
0.0774211 0.0035
0.078 0.009
0.079 0.007
0.078 0.01
0.078 0.011
0.078 0.014
0.078 0.013
0.078 0.012
0.078 0.004
0.078 0.003
0.078 0.002
0.079 0.005
0.079 0.004
0.079 0.008
0.078 0
0.0780526 0.001
0.079 0.014
0.079 0.006
0.079 0.015
0.079 0.016
0.079 0.019
0.079 0.017
0.079 0.018
0.079 0.009
0.0798158 0.007
0.079 0.01
0.079 0.011
0.079 0.013
0.079 0.012
0.079 0.003
0.079 0.002
0.0797368 0.005
0.0797895 0.004
0.08 0.008
0.08 0.009
0.079 0.001
0.079 0
0.08 0.013
0.08 0.014
0.08 0.006
0.08 0.015
0.08 0.016
0.08 0.019
0.08 0.018
0.08 0.017
0.0806316 0.007
0.08 0.01
0.08 0.011
0.08 0.012
0.0798421 0.003
0.0798947 0.002
0.0806316 0.0055
0.0805263 0.0045
0.0805263 0.0035
0.081 0.008
0.081 0.009
0.08 0
0.0799474 0.001
0.081 0.012
0.081 0.013
0.081 0.014
0.0813158 0.006
0.081 0.015
0.081 0.016
0.081 0.019
0.081 0.018
0.081 0.017
0.0813684 0.007
0.0820263 0.0065
0.081 0.01
0.081 0.011
0.0805263 0.0025
0.0804737 0.0015
0.0812632 0.005
0.082 0.005
0.0812105 0.004
0.0811579 0.003
0.082 0.008
0.082 0.009
0.082 0.01
0.081 0
0.0810526 0.001
0.082 0.012
0.082 0.015
0.082 0.013
0.082 0.014
0.0826842 0.006
0.082 0.016
0.082 0.017
0.082 0.019
0.082 0.018
0.0826316 0.007
0.082 0.011
0.0811053 0.002
0.083 0.005
0.083 0.004
0.082 0.004
0.082 0.003
0.082 0.002
0.083 0.008
0.083 0.011
0.083 0.009
0.083 0.01
0.082 0
0.082 0.001
0.083 0.012
0.083 0.015
0.083 0.014
0.083 0.013
0.0836316 0.007
0.0836842 0.006
0.083 0.016
0.083 0.017
0.083 0.019
0.083 0.018
0.0837368 0.005
0.0837895 0.004
0.083 0.003
0.083 0.002
0.0836711 0.00775
0.0837895 0.0115
0.0837105 0.0085
0.0837632 0.01
0.0837763 0.01075
0.0837368 0.00925
0.0843684 0.0055
0.083 0
0.083 0.001
0.084 0.015
0.0838158 0.0125
0.084 0.014
0.0839079 0.01325
0.0843684 0.007
0.085 0.006
0.084 0.018
0.084 0.016
0.084 0.017
0.084 0.019
0.0843947 0.0045
0.0844211 0.0035
0.0838421 0.003
0.0838947 0.002
0.0844211 0.008
0.0846316 0.012
0.0845789 0.011
0.0844737 0.009
0.0845263 0.01
0.085 0.005
0.084 0
0.0839474 0.001
0.0853026 0.00775
0.085 0.016
0.085 0.015
0.085 0.014
0.0846842 0.013
0.0853684 0.007
0.0860263 0.0065
0.0860132 0.00575
0.085 0.018
0.085 0.017
0.085 0.019
0.085 0.004
0.085 0.003
0.085 0.002
0.0853421 0.0125
0.0852368 0.0085
0.0853158 0.0115
0.0852895 0.0105
0.0852632 0.0095
0.086 0.005
0.085 0
0.085 0.001
0.086 0.017
0.086 0.008
0.086 0.016
0.086 0.015
0.086 0.014
0.086 0.013
0.0866316 0.007
0.0866842 0.006
0.087 0.005
0.086 0.019
0.086 0.018
0.086 0.004
0.086 0.003
0.086 0.002
0.086 0.012
0.086 0.009
0.086 0.011
0.086 0.01
0.087 0.004
0.086 0
0.086 0.001
0.087 0.016
0.087 0.017
0.087 0.008
0.087 0.015
0.087 0.014
0.087 0.013
0.087 0.012
0.0876053 0.0045
0.0873684 0.007
0.0875 0.006
0.0882632 0.005
0.087 0.019
0.087 0.018
0.0868421 0.003
0.0868947 0.002
0.087 0.011
0.087 0.009
0.087 0.01
0.088 0.009
0.087 0
0.0875789 0.0035
0.0869474 0.001
0.0877895 0.015
0.0878421 0.016
0.0878947 0.017
0.0884211 0.008
0.0877368 0.014
0.088 0.013
0.088 0.012
0.0882105 0.004
0.089 0.004
0.089 0.005
0.0883684 0.007
0.0883158 0.006
0.088 0.019
0.0879474 0.018
0.0874737 0.0025
0.0875263 0.0015
0.088 0.011
0.088 0.01
0.0887368 0.0095
0.0889737 0.0075
0.088 0
0.0881579 0.003
0.0880526 0.001
0.0884737 0.0145
0.0884737 0.0155
0.0884737 0.0175
0.0884737 0.0165
0.0886842 0.0115
0.0895789 0.008
0.0895263 0.009
0.0886316 0.0135
0.0886579 0.0125
0.0896053 0.0045
0.0895789 0.0035
0.089 0.003
0.0896579 0.0055
0.0889737 0.0065
0.089 0.019
0.0890526 0.018
0.0881053 0.002
0.0887105 0.0105
0.0894737 0.01
0.0896316 0.007
0.089 0
0.089 0.002
0.089 0.001
0.0893684 0.012
0.0892632 0.014
0.0892105 0.015
0.0891579 0.016
0.0891053 0.017
0.0894211 0.011
0.0904211 0.008
0.0905263 0.01
0.0904737 0.009
0.0893158 0.013
0.0902632 0.005
0.0902105 0.004
0.0901579 0.003
0.0901053 0.002
0.0903158 0.006
0.0912632 0.005
0.09 0.018
0.09 0.019
0.0903684 0.007
0.09 0
0.0900526 0.001
0.0899737 0.0125
0.0899737 0.0115
0.0913684 0.007
0.09 0.014
0.09 0.015
0.09 0.016
0.09 0.017
0.0905789 0.011
0.0914211 0.008
0.0915263 0.01
0.0914737 0.009
0.0906842 0.013
0.0910526 0.001
0.092 0.004
0.0912105 0.004
0.0911579 0.003
0.0911053 0.002
0.0913158 0.006
0.092 0.005
0.091 0.019
0.091 0.018
0.091 0
0.0906316 0.012
0.0919737 0.0065
0.0919737 0.0075
0.0908421 0.016
0.0907368 0.014
0.0907895 0.015
0.091 0.017
0.0915789 0.011
0.0925789 0.008
0.0925263 0.009
0.0924737 0.01
0.0915263 0.0135
0.0915789 0.01275
0.092 0
0.092 0.001
0.0926053 0.0045
0.0925789 0.0035
0.092 0.003
0.092 0.002
0.0926842 0.006
0.0932632 0.005
0.092 0.019
0.0920526 0.018
0.0916316 0.012
0.0926316 0.007
0.0933421 0.0065
0.0915789 0.0165
0.0914737 0.0155
0.0915263 0.0145
0.0921053 0.017
0.0922632 0.014
0.0923684 0.012
0.0924211 0.011
0.0934211 0.008
0.0934737 0.009
0.0935263 0.01
0.0923158 0.013
0.093 0
0.0930526 0.001
0.0932105 0.004
0.0931579 0.003
0.0931053 0.002
0.094 0.004
0.094 0.005
0.094 0.006
0.093 0.018
0.093 0.019
0.094 0.007
0.0921579 0.016
0.0922105 0.015
0.093 0.017
0.093 0.014
0.093 0.015
0.0929737 0.0125
0.0929737 0.0115
0.0935789 0.011
0.0942105 0.008
0.0942368 0.00875
0.0942895 0.0105
0.0942632 0.0095
0.0936842 0.013
0.094 0
0.094 0.001
0.094 0.003
0.094 0.002
0.095 0.004
0.095 0.005
0.095 0.006
0.095 0.007
0.0938947 0.017
0.0939474 0.018
0.094 0.019
0.093 0.016
0.0938421 0.016
0.0937895 0.015
0.0937368 0.014
0.0936316 0.012
0.0943158 0.0115
0.095 0.008
0.095 0.009
0.095 0.011
0.095 0.01
0.0946842 0.013
0.095 0
0.095 0.001
0.095 0.002
0.095 0.003
0.0955789 0.0035
0.0956053 0.0045
0.0956316 0.0055
0.0956579 0.0065
0.0956842 0.0075
0.0948421 0.016
0.0948947 0.017
0.0949474 0.018
0.095 0.019
0.0947895 0.015
0.0947368 0.014
0.0954211 0.0155
0.095 0.012
0.0957105 0.0085
0.0957895 0.011
0.0957368 0.0095
0.0957632 0.01025
0.0956842 0.013
0.096 0
0.0960526 0.001
0.0961053 0.002
0.0961579 0.003
0.0962632 0.005
0.0962105 0.004
0.0963684 0.007
0.0963158 0.006
0.0964211 0.008
0.096 0.016
0.096 0.017
0.096 0.018
0.096 0.019
0.0953947 0.0145
0.096 0.014
0.096 0.015
0.0958158 0.012
0.0967895 0.015
0.0964737 0.009
0.0965789 0.011
0.0965263 0.01
0.0966842 0.013
0.097 0
0.0970526 0.001
0.0971579 0.003
0.0971053 0.002
0.0972632 0.005
0.0972105 0.004
0.0973684 0.007
0.0973158 0.006
0.0974211 0.008
0.0980263 0.0075
0.097 0.019
0.0968421 0.016
0.0968947 0.017
0.0969474 0.018
0.0967368 0.014
0.0966316 0.012
0.098 0.005
0.0974211 0.0155
0.0973684 0.0135
0.0973947 0.0145
0.0974737 0.009
0.0975789 0.011
0.0975263 0.01
0.0976316 0.012
0.098 0.013
0.098 0
0.098 0.001
0.098 0.003
0.098 0.002
0.098 0.004
0.0979737 0.0065
0.0986579 0.0055
0.0985789 0.008
0.0986316 0.007
0.098 0.019
0.098 0.018
0.098 0.016
0.098 0.017
0.0986053 0.0045
0.098 0.015
0.098 0.014
0.0985263 0.009
0.0984211 0.011
0.0984737 0.01
0.0983684 0.012
0.0988421 0.013
0.0994737 0.009
0.0988947 0.002
0.099 0
0.0989474 0.001
0.0988421 0.003
0.0992105 0.004
0.0992632 0.005
0.0993158 0.006
0.0994211 0.008
0.0993684 0.007
0.099 0.019
0.099 0.018
0.099 0.015
0.099 0.017
0.099 0.016
0.099 0.014
0.0989737 0.0115
0.0994211 0.0025
0.0995263 0.01
0.0996842 0.013
0.0995789 0.011
0.0996316 0.012
0.100211 0.008
0.100237 0.009
0.100263 0.00975
0.1 0
0.1 0.002
0.1 0.001
0.100158 0.003
0.100211 0.004
0.100263 0.005
0.100158 0.006
0.100184 0.007
0.0997368 0.014
0.1 0.015
0.1 0.019
0.1 0.018
0.1 0.016
0.1 0.017
0.100368 0.0135
0.100289 0.0105
0.100342 0.0125
0.100316 0.0115
0.101 0.005
0.101 0.007
0.101 0.008
0.101 0.009
0.101 0.01
0.101 0
0.101 0.002
0.101 0.001
0.101 0.004
0.101 0.003
0.101 0.006
0.101 0.014
0.101 0.015
0.101 0.019
0.101 0.018
0.101 0.017
0.101 0.016
0.101 0.013
0.101 0.011
0.101 0.012
0.101737 0.005
0.101895 0.00675
0.101789 0.0075
0.101776 0.00825
0.101763 0.009
0.101737 0.00975
0.101711 0.0105
0.102 0.013
0.101842 0.003
0.102 0
0.101947 0.001
0.101895 0.002
0.101789 0.004
0.102 0.006
0.102 0.014
0.102 0.015
0.102 0.019
0.102 0.018
0.102 0.017
0.102 0.016
0.101684 0.0115
0.102368 0.012
0.103 0.015
0.102474 0.0045
0.102632 0.0055
0.102632 0.007
0.102579 0.008
0.102526 0.009
0.102474 0.01
0.102421 0.011
0.103026 0.0125
0.103013 0.01325
0.103 0
0.102842 0.003
0.102947 0.001
0.102895 0.002
0.103211 0.004
0.103316 0.006
0.103 0.014
0.103 0.016
0.103 0.019
0.103 0.018
0.103 0.017
0.102974 0.0115
0.103579 0.0155
0.103605 0.0145
0.103263 0.005
0.103368 0.007
0.103421 0.008
0.103474 0.009
0.103526 0.01
0.103579 0.011
0.103632 0.012
0.103684 0.013
0.104 0
0.104 0.001
0.104 0.003
0.104 0.002
0.104 0.004
0.104092 0.00575
0.104184 0.0065
0.104263 0.014
0.104158 0.016
0.104105 0.017
0.104 0.019
0.104053 0.018
0.104211 0.015
0.104 0.005
0.104211 0.0075
0.104237 0.0085
0.105 0.007
0.104474 0.01
0.104368 0.012
0.104421 0.011
0.1045 0.013
0.105 0.014
0.105 0
0.105 0.001
0.105 0.002
0.105 0.004
0.105 0.003
0.105 0.005
0.105 0.006
0.105 0.015
0.105 0.016
0.105 0.017
0.105 0.018
0.105 0.019
0.105 0.008
0.105 0.009
0.105474 0.01
0.106 0.007
0.106 0.006
0.105421 0.011
0.105316 0.013
0.105368 0.012
0.106 0.014
0.106 0
0.105947 0.001
0.105842 0.003
0.105895 0.002
0.106421 0.0035
0.105789 0.004
0.106 0.005
0.106 0.015
0.106 0.016
0.106 0.017
0.106 0.018
0.106 0.019
0.106211 0.011
0.106 0.008
0.106 0.009
0.106237 0.01
0.107 0.005
0.106789 0.0075
0.106895 0.00675
0.107 0.006
0.106184 0.012
0.106158 0.013
0.107 0.015
0.107 0.014
0.107 0
0.107 0.001
0.107 0.002
0.107 0.003
0.107 0.004
0.107 0.016
0.107 0.017
0.107 0.018
0.107 0.019
0.108 0.004
0.107 0.012
0.107 0.011
0.106763 0.0085
0.107 0.01
0.108 0.005
0.107579 0.008
0.107632 0.007
0.108 0.006
0.107 0.013
0.108 0.016
0.108 0.015
0.108 0.014
0.108 0
0.108 0.001
0.108 0.002
0.108 0.003
0.108 0.017
0.108 0.018
0.108 0.019
0.108605 0.0045
0.108579 0.0035
0.107658 0.0125
0.107684 0.0115
0.107711 0.0105
0.107526 0.009
0.109 0.016
0.109263 0.005
0.109 0.006
0.108526 0.009
0.108579 0.008
0.108632 0.007
0.108316 0.013
0.109 0.015
0.109 0.014
0.109 0
0.109053 0.001
0.109158 0.003
0.109105 0.002
0.109 0.017
0.109 0.018
0.109 0.019
0.109211 0.004
0.108368 0.012
0.108421 0.011
0.108474 0.01
0.11 0.016
0.11 0.017
0.109237 0.01
0.11 0.006
0.11 0.005
0.11 0.004
0.109368 0.007
0.109474 0.009
0.109421 0.008
0.109158 0.013
0.109184 0.01225
0.11 0.015
0.11 0.014
0.11 0
0.110158 0.003
0.110053 0.001
0.110105 0.002
0.11 0.018
0.11 0.019
0.109211 0.0115
0.109224 0.01075
0.110789 0.015
0.110842 0.016
0.110895 0.017
0.11 0.01
0.111 0.004
0.110105 0.00675
0.110842 0.006
0.111 0.005
0.110211 0.0075
0.110237 0.0085
0.11 0.013
0.11 0.012
0.110737 0.014
0.111 0
0.111 0.003
0.111 0.002
0.111 0.001
0.110947 0.018
0.111 0.019
0.11 0.011
0.111395 0.0145
0.111421 0.0155
0.111 0.009
0.111 0.01
0.112 0.016
0.112 0.017
0.111 0.011
0.111 0.012
0.111789 0.004
0.111737 0.005
0.111 0.007
0.111684 0.006
0.111 0.008
0.111 0.013
0.112 0.014
0.112 0
0.111947 0.001
0.111842 0.003
0.111895 0.002
0.112 0.019
0.112 0.018
0.112 0.015
0.111684 0.0075
0.112421 0.0035
0.112 0.009
0.112 0.01
0.112789 0.015
0.112842 0.016
0.112895 0.017
0.112 0.012
0.112 0.011
0.112368 0.0045
0.112434 0.00525
0.1125 0.006
0.112368 0.007
0.112421 0.008
0.112 0.013
0.112737 0.014
0.113 0
0.113 0.001
0.113 0.002
0.113 0.003
0.113 0.019
0.112947 0.018
0.113 0.004
0.112737 0.0095
0.112763 0.0105
0.113474 0.0145
0.113474 0.0155
0.113526 0.0165
0.113474 0.0175
0.112816 0.012
0.112789 0.01125
0.113263 0.005
0.113316 0.006
0.113368 0.007
0.113421 0.008
0.113474 0.009
0.113 0.013
0.113632 0.0135
0.114 0
0.114 0.001
0.114 0.002
0.114 0.003
0.114 0.004
0.114 0.019
0.114053 0.018
0.113526 0.01
0.113579 0.011
0.114263 0.014
0.114211 0.015
0.114158 0.016
0.114105 0.017
0.113632 0.012
0.114 0.005
0.114158 0.006
0.114184 0.007
0.114211 0.008
0.114237 0.009
0.114263 0.00975
0.114316 0.013
0.115 0
0.115 0.001
0.115 0.002
0.115 0.003
0.115 0.004
0.115 0.019
0.115 0.018
0.114316 0.0115
0.114289 0.0105
0.115 0.014
0.115 0.015
0.115 0.016
0.115 0.017
0.115 0.012
0.115 0.005
0.115895 0.017
0.115 0.006
0.115 0.007
0.115 0.008
0.115 0.009
0.115 0.01
0.115684 0.013
0.116 0
0.116 0.001
0.116 0.002
0.116 0.003
0.116 0.004
0.116 0.005
0.116 0.019
0.115947 0.018
0.115 0.011
0.115737 0.014
0.115789 0.015
0.115842 0.016
0.116526 0.0175
0.115789 0.011
0.115816 0.012
0.116 0.006
0.116526 0.0165
0.116 0.007
0.116 0.008
0.116 0.009
0.116 0.01
0.116487 0.01375
0.1165 0.013
0.117 0
0.117 0.001
0.117 0.002
0.117 0.003
0.117 0.004
0.117 0.005
0.117 0.019
0.117053 0.018
0.116474 0.0145
0.116526 0.0155
0.117105 0.017
0.116579 0.011
0.116632 0.012
0.117 0.006
0.117158 0.016
0.117 0.007
0.117 0.008
0.117263 0.014
0.117 0.009
0.117 0.01
0.117316 0.013
0.118 0
0.118 0.001
0.118 0.002
0.118 0.003
0.118 0.004
0.118 0.005
0.118 0.019
0.118 0.018
0.117211 0.015
0.118 0.017
0.117368 0.012
0.117421 0.011
0.118 0.006
0.118 0.016
0.118 0.007
0.118 0.008
0.118 0.015
0.118 0.014
0.118158 0.013
0.118 0.009
0.118 0.01
0.118184 0.01225
0.119 0
0.119 0.001
0.119 0.002
0.119 0.003
0.119 0.005
0.119 0.004
0.119 0.019
0.119 0.018
0.119 0.017
0.119 0.016
0.118211 0.0115
0.118105 0.01075
0.119 0.006
0.119 0.015
0.119 0.007
0.119 0.008
0.119 0.014
0.119 0.013
0.119 0.009
0.119 0.01
0.119 0.012
0.12 0.001
0.12 0
0.12 0.002
0.12 0.003
0.12 0.006
0.12 0.004
0.12 0.005
0.12 0.019
0.120053 0.018
0.120105 0.017
0.12 0.016
0.119 0.011
0.12 0.007
0.12 0.015
0.12 0.008
0.12 0.009
0.12 0.014
0.12 0.013
0.12 0.01
0.12 0.011
0.12 0.012
0.121 0
0.121 0.001
0.121 0.002
0.121 0.006
0.121 0.003
0.121 0.005
0.121 0.004
0.121 0.018
0.121 0.019
0.121 0.015
0.121 0.017
0.121 0.016
0.121 0.007
0.121 0.014
0.121 0.008
0.121 0.009
0.121 0.013
0.121 0.012
0.121 0.01
0.121 0.011
0.122 0
0.122 0.001
0.122 0.002
0.122 0.003
0.122 0.007
0.122 0.006
0.122 0.004
0.122 0.005
0.122 0.015
0.122 0.019
0.122 0.018
0.122 0.016
0.122 0.017
0.122 0.008
0.122 0.014
0.122 0.009
0.122 0.01
0.122 0.013
0.122 0.012
0.122 0.011
0.123 0
0.123 0.001
0.123 0.002
0.123 0.003
0.123 0.007
0.123 0.006
0.123 0.005
0.123 0.004
0.123 0.015
0.123 0.014
0.123158 0.016
0.123 0.019
0.123053 0.018
0.123105 0.017
0.123789 0.004
0.123 0.008
0.123 0.013
0.123 0.009
0.123 0.01
0.123 0.012
0.123 0.011
0.124 0
0.123947 0.001
0.123895 0.002
0.123842 0.003
0.124 0.007
0.124 0.006
0.123737 0.005
0.124 0.015
0.124 0.014
0.124 0.013
0.124 0.016
0.124 0.017
0.124 0.019
0.124 0.018
0.124421 0.0035
0.124395 0.0045
0.124 0.008
0.124 0.012
0.124 0.009
0.124 0.01
0.124 0.011
0.125 0
0.125 0.001
0.125 0.002
0.125 0.007
0.125 0.003
0.125 0.006
0.125 0.005
0.125 0.014
0.125 0.015
0.125 0.012
0.125 0.013
0.125 0.016
0.125 0.017
0.125 0.018
0.125 0.019
0.125 0.004
0.125 0.008
0.125789 0.015
0.125 0.011
0.125 0.009
0.125 0.01
0.126 0
0.126 0.001
0.126 0.002
0.126 0.003
0.126 0.008
0.126 0.007
0.126 0.004
0.126 0.006
0.126 0.005
0.126 0.012
0.125737 0.014
0.126 0.013
0.125842 0.016
0.125895 0.017
0.125947 0.018
0.126 0.019
0.126 0.009
0.126395 0.0145
0.126421 0.0155
0.126 0.011
0.126 0.01
0.127 0
0.127 0.001
0.127 0.002
0.127 0.011
0.127 0.009
0.127 0.003
0.127 0.008
0.127 0.007
0.127 0.006
0.127 0.004
0.127 0.005
0.127 0.012
0.127 0.014
0.127 0.013
0.127 0.019
0.127 0.016
0.127 0.017
0.127 0.018
0.127 0.015
0.127 0.01
0.128 0.014
0.128 0.015
0.127579 0.0035
0.127789 0.011
0.128 0
0.128053 0.001
0.128105 0.002
0.127763 0.01025
0.127737 0.0095
0.127711 0.0085
0.128158 0.003
0.127684 0.0075
0.127658 0.0065
0.127632 0.0055
0.127605 0.0045
0.127816 0.012
0.128 0.013
0.128 0.019
0.128 0.016
0.128 0.017
0.128 0.018
0.128579 0.0155
0.128632 0.0135
0.128605 0.0145
0.128211 0.004
0.128579 0.011
0.129 0
0.129 0.001
0.129 0.002
0.128526 0.01
0.128474 0.009
0.128421 0.008
0.129 0.003
0.128368 0.007
0.128316 0.006
0.128263 0.005
0.128632 0.012
0.129316 0.013
0.129158 0.016
0.129 0.019
0.129105 0.017
0.129053 0.018
0.129211 0.015
0.129263 0.014
0.129 0.004
0.129316 0.0115
0.13 0.014
0.129289 0.0105
0.13 0
0.13 0.001
0.13 0.002
0.129263 0.0095
0.129237 0.0085
0.129211 0.0075
0.13 0.003
0.129184 0.0065
0.129 0.005
0.129092 0.00575
0.130158 0.013
0.13 0.012
0.13 0.016
0.13 0.017
0.13 0.019
0.13 0.018
0.13 0.015
0.13 0.004
0.13 0.011
0.131 0.014
0.131 0.015
0.13 0.01
0.131 0
0.131053 0.001
0.131105 0.002
0.13 0.009
0.13 0.007
0.13 0.008
0.131158 0.003
0.130789 0.004
0.13 0.006
0.13 0.005
0.131 0.013
0.131 0.012
0.131 0.011
0.131 0.016
0.131 0.017
0.131 0.018
0.131 0.019
0.131 0.01
0.131737 0.014
0.131789 0.015
0.131 0.009
0.132 0
0.132053 0.001
0.132105 0.002
0.132158 0.003
0.131 0.008
0.131 0.006
0.131 0.007
0.131605 0.0045
0.132211 0.004
0.131 0.005
0.131842 0.013
0.131816 0.012
0.131789 0.011
0.131763 0.01025
0.131842 0.016
0.131895 0.017
0.131947 0.018
0.132 0.019
0.131737 0.0095
0.132737 0.014
0.132789 0.015
0.132 0.008
0.133 0
0.133 0.001
0.133 0.002
0.133 0.003
0.133 0.004
0.132 0.007
0.132 0.006
0.132263 0.005
0.132684 0.013
0.132632 0.012
0.132579 0.011
0.132526 0.01
0.132842 0.016
0.132895 0.017
0.132947 0.018
0.133 0.019
0.132474 0.009
0.133368 0.0135
0.133395 0.0145
0.133421 0.0155
0.133 0.005
0.134 0.004
0.134 0.013
0.133 0.008
0.134 0
0.134 0.001
0.134 0.002
0.134 0.003
0.133 0.007
0.133 0.006
0.133368 0.012
0.133421 0.011
0.133474 0.01
0.134 0.016
0.134 0.017
0.134 0.019
0.134 0.018
0.133526 0.009
0.134 0.014
0.134 0.015
0.134 0.005
0.134184 0.012
0.134579 0.0035
0.134605 0.0045
0.135 0.013
0.135 0.014
0.134 0.007
0.134263 0.0095
0.134 0.008
0.135 0
0.135053 0.001
0.135105 0.002
0.135158 0.003
0.134 0.006
0.134211 0.01125
0.134237 0.0105
0.135 0.016
0.134895 0.017
0.135 0.019
0.134947 0.018
0.135 0.015
0.134632 0.0055
0.135 0.012
0.135211 0.004
0.135263 0.005
0.135658 0.0125
0.135632 0.0135
0.136263 0.014
0.135789 0.015
0.135 0.007
0.135 0.01
0.135 0.008
0.135 0.009
0.136 0
0.136 0.002
0.136 0.001
0.136 0.003
0.135316 0.006
0.135 0.011
0.135842 0.016
0.135895 0.017
0.136 0.019
0.135947 0.018
0.135684 0.0115
0.136421 0.0155
0.136 0.005
0.136 0.004
0.136368 0.012
0.136316 0.013
0.137 0.014
0.137 0.015
0.136 0.007
0.136 0.008
0.136 0.01
0.136 0.009
0.137 0
0.136842 0.003
0.136947 0.001
0.136895 0.002
0.136789 0.004
0.136684 0.006
0.136421 0.011
0.137 0.016
0.137 0.017
0.137 0.019
0.137 0.018
0.136737 0.005
0.137026 0.0125
0.136974 0.0115
0.137789 0.015
0.137684 0.013
0.137737 0.014
0.137395 0.0035
0.137 0.007
0.137 0.01
0.137 0.008
0.137 0.009
0.138 0
0.138 0.001
0.138 0.003
0.138 0.002
0.137368 0.0055
0.137474 0.0045
0.138 0.006
0.137579 0.011
0.138 0.019
0.137842 0.016
0.137895 0.017
0.137947 0.018
0.137632 0.012
0.138 0.007
0.138421 0.0155
0.138316 0.0115
0.138395 0.0145
0.138342 0.0125
0.138368 0.0135
0.138211 0.004
0.138 0.008
0.138 0.01
0.138 0.009
0.139 0.019
0.139 0
0.1394 0.000884579
0.139 0.002
0.139 0.003
0.138263 0.005
0.139 0.006
0.139 0.011
0.139 0.018
0.139 0.016
0.139 0.017
0.139 0.007
0.139 0.015
0.139 0.012
0.139 0.014
0.139 0.013
0.1398 0.00176916
0.139 0.004
0.139949 0.0181296
0.139 0.008
0.139 0.01
0.139 0.009
0.139876 0.0107046
0.14 0.019
0.14 0
0.140149 0.000812662
0.1398 0.00326916
0.1402 0.00265374
0.139 0.005
0.139795 0.00575836
0.140055 0.00699971
0.140033 0.0118421
0.140265 0.0175062
0.139797 0.0154286
0.139716 0.016539
0.1399 0.00796485
0.139991 0.0146395
0.139927 0.0128409
0.139927 0.0136709
0.140548 0.00169724
0.139997 0.00420653
0.140897 0.0182593
0.139998 0.00892552
0.139998 0.00967198
0.14091 0.0107499
0.141067 0.0116841
0.141 0.019
0.141 0
0.140897 0.000740746
0.140799 0.00792972
0.140599 0.00353831
0.141048 0.0022566
0.141109 0.00699943
0.140192 0.00513755
0.140849 0.00609141
0.140854 0.0126818
0.140433 0.016578
0.141149 0.017367
0.140809 0.0146199
0.140594 0.0158573
0.140982 0.0136195
0.14131 0.00144723
0.140995 0.00441307
0.141866 0.018156
0.142016 0.0174294
0.140995 0.0088511
0.14119 0.00976942
0.141847 0.0106271
0.141779 0.0125231
0.142413 0.0118059
0.142 0.019
0.142 0
0.141866 0.000843972
0.141676 0.00789544
0.141658 0.00376334
0.142308 0.00220001
0.14187 0.0029377
0.142164 0.00699914
0.141774 0.00613712
0.141384 0.00527509
0.141971 0.0134297
0.141391 0.0162854
0.142167 0.0167029
0.141714 0.0144299
0.141552 0.0153577
0.14195 0.00440986
0.142871 0.00074073
0.142943 0.0171203
0.142825 0.0180184
0.141965 0.00877866
0.142252 0.00965756
0.142771 0.0105061
0.143243 0.0115153
0.142667 0.0125266
0.142922 0.0132472
0.143 0.019
0.143 0
0.142746 0.00146232
0.142553 0.00786117
0.143004 0.00669666
0.142516 0.00354463
0.143081 0.00267939
0.142695 0.00582919
0.142386 0.00514233
0.142602 0.0142434
0.143268 0.0164601
0.142312 0.015883
0.142457 0.0150632
0.142951 0.00427709
0.143401 0.00573299
0.143615 0.000957512
0.144088 0.0165781
0.143719 0.0175377
0.143858 0.0182593
0.142935 0.00870623
0.143315 0.0095457
0.143694 0.0103852
0.144074 0.0112246
0.143562 0.0123806
0.143477 0.0140595
0.143872 0.0130648
0.144 0.019
0.144 0
0.143647 0.00181416
0.143787 0.00834598
0.143503 0.00748986
0.143844 0.00639418
0.143296 0.00339499
0.143921 0.00278011
0.143387 0.00500956
0.143681 0.014899
0.143592 0.0157998
0.143766 0.00441966
0.144106 0.00563678
0.14436 0.00117429
0.144742 0.0162262
0.144592 0.0170686
0.144598 0.0182593
0.144816 0.0107975
0.144563 0.00994234
0.14407 0.00919789
0.144453 0.0120641
0.144823 0.0128823
0.144337 0.013879
0.144824 0.0146589
0.145 0.019
0.145 0
0.145091 0.00074073
0.144546 0.00216523
0.144639 0.00843479
0.14412 0.0077324
0.144452 0.00711883
0.144671 0.00609664
0.144145 0.00382975
0.144818 0.00299648
0.144369 0.00487938
0.144892 0.0153839
0.144927 0.00534135
0.14518 0.00146232
0.145435 0.0165413
0.14518 0.0175377
0.145585 0.0182593
0.145469 0.00830239
0.145377 0.0114471
0.145558 0.0103704
0.145305 0.00921968
0.145561 0.0122995
0.145746 0.0131513
0.145192 0.0136992
0.145561 0.0145162
0.146 0.019
0.146 0
0.146103 0.000981606
0.145423 0.00250762
0.145376 0.0074258
0.145485 0.00651534
0.145485 0.00580332
0.145042 0.00404612
0.145715 0.00321285
0.145334 0.00475136
0.145931 0.0153331
0.146203 0.00193144
0.1463 0.01615
0.146363 0.01819
0.145881 0.0170686
0.1463 0.0117167
0.1463 0.00817
0.1463 0.00905667
0.1463 0.01083
0.1463 0.00994333
0.1463 0.0126033
0.1463 0.0143767
0.1463 0.01349
0.147 0.019
0.147 0
0.147033 0.00121404
0.1463 0.00285
0.1463 0.00728333
0.1463 0.00639667
0.1463 0.00551
0.1463 0.00373667
0.1463 0.00462333
0.147064 0.015675
0.147064 0.0147929
0.147064 0.002375
0.146833 0.00768562
0.147064 0.016625
0.147033 0.0177858
0.148 0.019
0.147064 0.0121464
0.147064 0.0112643
0.146871 0.0086267
0.147064 0.0095
0.147064 0.0103821
0.148 0
0.147064 0.0130286
0.147064 0.0139107
0.148032 0.0179336
0.148032 0.00106639
0.148066 0.00216264
0.147064 0.003325
0.147382 0.00718566
0.147301 0.00619735
0.147222 0.0052399
0.147143 0.00428245
0.148066 0.0154626
0.147977 0.0143937
0.147465 0.00818026
0.148066 0.0168374
0.149 0.019
0.147801 0.0122619
0.147881 0.011156
0.148066 0.00895794
0.147833 0.0101824
0.149 0
0.147889 0.0133248
0.148561 0.0138225
0.148292 0.00804798
0.14915 0.0169727
0.149074 0.0179978
0.149074 0.00100221
0.14915 0.00202728
0.148066 0.00353736
0.148066 0.00678971
0.148066 0.00570559
0.148066 0.00462148
0.14915 0.0153273
0.149233 0.0143202
0.15 0.019
0.150108 0.0170461
0.148601 0.0122857
0.148756 0.01104
0.148867 0.00916984
0.148657 0.00996822
0.1494 0.00865302
0.150108 0.00195387
0.15 0
0.149317 0.0133131
0.14915 0.00685124
0.14915 0.00791074
0.150055 0.0180068
0.150055 0.000993201
0.14915 0.00367272
0.14915 0.00579173
0.14915 0.00473223
0.150108 0.0152539
0.150108 0.0142949
0.1494 0.0123094
0.151 0.019
0.151038 0.0170864
0.149481 0.0113297
0.149562 0.01035
0.149642 0.00937486
0.150108 0.00854102
0.151038 0.00191362
0.151 0
0.150108 0.00662306
0.150108 0.0133359
0.150108 0.0123769
0.150108 0.00758204
0.151019 0.0180432
0.151519 0.000956811
0.150108 0.00374613
0.150185 0.00470175
0.150263 0.00565738
0.151038 0.0152136
0.151119 0.0142625
0.150647 0.0128388
0.152 0.019
0.152 0.0171
0.15042 0.0113694
0.150651 0.0104355
0.150573 0.00947988
0.150844 0.00854825
0.152 0.0019
0.152 0
0.151038 0.00664319
0.151199 0.0133114
0.151279 0.0123602
0.151038 0.00759546
0.152495 0.01805
0.152495 0.000949999
0.151038 0.00569092
0.151038 0.00378638
0.151038 0.00473865
0.152 0.0152
0.152 0.0141636
0.152992 0.019
0.152989 0.0171
0.151359 0.0114091
0.151439 0.0104579
0.151519 0.00950681
0.151599 0.00855568
0.152989 0.0019
0.152992 0
0.152 0.00587273
0.152 0.00690909
0.152 0.0131273
0.152 0.0120909
0.152 0.00794545
0.153983 0.01805
0.153487 0.00095
0.152997 0.0152
0.152 0.00483636
0.152 0.0038
0.152997 0.0141636
0.152997 0.0131273
0.153984 0.019
0.153981 0.0171
0.152 0.0110545
0.152 0.0100182
0.152258 0.00924431
0.154973 0.0171
0.153981 0.0019
0.153984 0
0.154975 0.019
0.152997 0.00690909
0.152997 0.00587273
0.152997 0.00794545
0.152997 0.0120909
0.152997 0.0110545
0.152997 0.00898182
0.15547 0.01805
0.154479 0.00095
0.153997 0.0152
0.152997 0.00483636
0.152997 0.0038
0.153997 0.0141636
0.153997 0.0131273
0.152997 0.0100182
0.155965 0.0171
0.153815 0.00587273
0.154973 0.0019
0.154975 0
0.155967 0.019
0.153997 0.00794545
0.153724 0.00690909
0.153997 0.00898182
0.153997 0.0120909
0.153997 0.0110545
0.153997 0.0100182
0.156958 0.01805
0.15547 0.00095
0.154996 0.0152
0.154906 0.0141636
0.153906 0.00483636
0.153997 0.0038
0.154815 0.0131273
0.155451 0.0136455
0.156957 0.0171
0.154406 0.00639091
0.154451 0.00535455
0.155965 0.0019
0.155967 0
0.156959 0.019
0.154996 0.00794545
0.154996 0.00690909
0.154996 0.00898182
0.154996 0.0120909
0.154996 0.0110545
0.154996 0.0100182
0.157949 0.0171
0.15795 0.01805
0.156462 0.00095
0.155996 0.0152
0.156087 0.0141636
0.154996 0.00483636
0.154996 0.0038
0.155996 0.0120909
0.156178 0.0131273
0.154996 0.00587273
0.156957 0.0019
0.156959 0
0.157951 0.019
0.155996 0.00587273
0.155996 0.00794545
0.155996 0.00690909
0.155996 0.00898182
0.155996 0.0110545
0.155996 0.0100182
0.158941 0.0171
0.158942 0.01805
0.157454 0.00095
0.156996 0.0152
0.156996 0.0141636
0.155996 0.0038
0.155996 0.00483636
0.157178 0.0131273
0.156996 0.0110545
0.157268 0.0120909
0.156814 0.00587273
0.157949 0.0019
0.157951 0
0.158943 0.019
0.156996 0.00794545
0.156723 0.00690909
0.156996 0.00898182
0.156996 0.0100182
0.159933 0.0171
0.159934 0.01805
0.158446 0.00095
0.157995 0.0141636
0.157995 0.0152
0.156996 0.0038
0.156905 0.00483636
0.157995 0.0131273
0.157995 0.0120909
0.157995 0.0110545
0.157405 0.00639091
0.15745 0.00535455
0.158813 0.0131273
0.158941 0.0019
0.158943 0
0.159935 0.019
0.157995 0.00898182
0.157995 0.00794545
0.157995 0.00690909
0.158677 0.0105364
0.157995 0.0100182
0.160925 0.0171
0.160926 0.01805
0.159438 0.00095
0.158904 0.0141636
0.158995 0.0152
0.157995 0.0038
0.158086 0.00483636
0.158722 0.0120909
0.159359 0.0110545
0.157995 0.00587273
0.15945 0.0136455
0.159404 0.0126091
0.159933 0.0019
0.159935 0
0.158995 0.00690909
0.158995 0.00587273
0.160926 0.019
0.158768 0.00898182
0.158813 0.00794545
0.15945 0.0100182
0.161917 0.0171
0.161918 0.01805
0.16043 0.00095
0.159995 0.0141636
0.159995 0.0152
0.158995 0.00483636
0.158995 0.0038
0.159995 0.0120909
0.160177 0.0110545
0.159995 0.0131273
0.160925 0.0019
0.160926 0
0.159631 0.00794545
0.159722 0.00690909
0.159813 0.00587273
0.161918 0.019
0.15954 0.00898182
0.160222 0.0100182
0.162909 0.0171
0.16291 0.01805
0.161918 0.00095
0.160994 0.0141636
0.160994 0.0152
0.159995 0.0038
0.159904 0.00483636
0.160994 0.0131273
0.160994 0.0120909
0.160994 0.0110545
0.161917 0.0019
0.161918 0
0.162909 0.0019
0.160313 0.00846364
0.16291 0
0.160358 0.00742727
0.160404 0.00639091
0.16054 0.00535455
0.16291 0.019
0.160994 0.0100182
0.160994 0.00898182
0.163901 0.0171
0.163902 0.01805
0.163406 0.00095
0.161903 0.0141636
0.161994 0.0152
0.160994 0.0038
0.161085 0.00483636
0.161994 0.0131273
0.161994 0.0120909
0.161994 0.0110545
0.162812 0.0131273
0.163901 0.0019
0.160994 0.00794545
0.163902 0
0.160994 0.00690909
0.161176 0.00587273
0.163902 0.019
0.161994 0.0100182
0.161994 0.00898182
0.164893 0.0171
0.164893 0.01805
0.164398 0.00095
0.162903 0.0141636
0.162994 0.0152
0.162085 0.00483636
0.161994 0.0038
0.162721 0.0120909
0.162994 0.0110545
0.163448 0.0136455
0.163403 0.0126091
0.164893 0.0019
0.161994 0.00794545
0.164894 0
0.161994 0.00690909
0.162176 0.00587273
0.164894 0.019
0.162994 0.0100182
0.162994 0.00898182
0.165885 0.0171
0.165885 0.01805
0.165885 0.00095
0.163993 0.0141636
0.163993 0.0152
0.162994 0.00483636
0.162994 0.0038
0.163857 0.0102773
0.163993 0.0110545
0.163993 0.0120909
0.163993 0.0131273
0.162994 0.00587273
0.165885 0.0019
0.162994 0.00794545
0.165886 0
0.162994 0.00690909
0.165886 0.019
0.163721 0.0095
0.163675 0.00846364
0.166877 0.0171
0.166877 0.01805
0.166877 0.0019
0.166877 0.00095
0.164993 0.0141636
0.164993 0.0131273
0.164993 0.0152
0.163812 0.00587273
0.163903 0.00483636
0.163993 0.0038
0.164539 0.0100182
0.164993 0.0110545
0.164993 0.0120909
0.16363 0.00742727
0.164448 0.00535455
0.166877 0
0.164266 0.00690909
0.166877 0.019
0.164448 0.00898182
0.164357 0.00794545
0.167869 0.0171
0.167869 0
0.167869 0.01805
0.167869 0.0019
0.168365 0.00095
0.165851 0.0121743
0.165744 0.0129978
0.165744 0.0140342
0.165993 0.0152
0.164993 0.0038
0.164993 0.00587273
0.164993 0.00483636
0.165531 0.0097074
0.165894 0.0105365
0.165958 0.0113508
0.164993 0.00690909
0.167869 0.019
0.165308 0.00859308
0.165744 0.00652035
0.16558 0.00755671
0.168861 0.0171
0.168861 0
0.168861 0.01805
0.168861 0.0019
0.169357 0.00095
0.166924 0.011647
0.166548 0.0127481
0.166495 0.0139048
0.166992 0.0152
0.165744 0.00457738
0.165993 0.0038
0.166119 0.0058078
0.166795 0.0100184
0.166481 0.00911138
0.167267 0.0106699
0.168861 0.019
0.166614 0.00642306
0.166168 0.00820433
0.166345 0.00729752
0.169853 0.0171
0.169853 0
0.169853 0.019
0.170374 0.0181377
0.169853 0.0019
0.170374 0.000862323
0.167739 0.0113214
0.167352 0.0124983
0.167423 0.0137197
0.16766 0.0145095
0.167992 0.0152
0.166495 0.00509524
0.166992 0.0038
0.167246 0.00574287
0.167478 0.00867129
0.167696 0.00950038
0.168175 0.0104554
0.167109 0.00703832
0.167028 0.00781559
0.171 0.0171
0.171 0
0.171 0.019
0.171 0.0019
0.168654 0.0114104
0.168744 0.0144238
0.168854 0.0122394
0.168139 0.0129796
0.168328 0.013819
0.168992 0.0152
0.16766 0.00449049
0.167992 0.0038
0.168078 0.00518098
0.167887 0.00742685
0.167997 0.00639049
0.168488 0.00856778
0.168609 0.00948816
0.169546 0.0104876
0.169522 0.00947595
0.170285 0.0107592
0.169569 0.0114993
0.169664 0.012438
0.169496 0.0141666
0.168996 0.0131285
0.169991 0.0152
0.168992 0.0038
0.168618 0.00780294
0.168744 0.00457622
0.168496 0.00587147
0.168747 0.00703811
0.169498 0.00846427
0.170249 0.00924164
0.171 0.010019
0.171 0.0152
0.171 0.0110571
0.170332 0.0117476
0.171 0.0141711
0.170248 0.0128713
0.170248 0.0136499
0.169991 0.0038
0.169661 0.00448895
0.169498 0.00768573
0.169496 0.00535244
0.169331 0.00656195
0.171 0.00898098
0.170249 0.00833335
0.171 0.0120951
0.171 0.0131332
0.171 0.0038
0.171 0.00482886
0.170331 0.00517789
0.170165 0.00725244
0.170248 0.00612866
0.171 0.00794293
0.171 0.00586684
0.171 0.00690488
