0.038 0.0019
0.038 0
0.0368529 0.00095
0.0368529 0.0019
0.036853 0
0.0358612 0
0.0358609 0.0019
0.035861 0.00095
0.0348689 0.0019
0.0348693 0
0.0348691 0.00095
0.033877 0.0019
0.0338775 0
0.0333813 0.00095
0.032885 0.0019
0.0328857 0
0.0318934 0.00095
0.031893 0.0019
0.0309011 0.0019
0.0318938 0
0.030902 0
0.0309015 0.00095
0.0299091 0.0019
0.0299102 0
0.0294137 0.00095
0.0289171 0.0019
0.0289183 0
0.0284218 0.00095
0.0279252 0.0019
0.0269332 0.0019
0.0279265 0
0.038 0.0038
0.0269339 0.00095
0.0259412 0.0019
0.0269347 0
0.0259428 0
0.038 0.00690488
0.038 0.00482886
0.038 0.00586684
0.0369914 0.0038
0.038 0.00794293
0.0371655 0.00725244
0.038 0.0120951
0.038 0.0131332
0.0249493 0.0019
0.0254461 0.00095
0.0239573 0.0019
0.024951 0
0.037248 0.00612866
0.036496 0.00483342
0.0373306 0.00517789
0.0359917 0.0038
0.038 0.0110571
0.038 0.00898098
0.038 0.010019
0.0363309 0.00656195
0.0364983 0.00768573
0.0372847 0.00824084
0.038 0.0152
0.0371655 0.0117476
0.038 0.0141711
0.0371985 0.0127161
0.037248 0.0136499
0.0239582 0.00095
0.0229653 0.0019
0.0239592 0
0.0229673 0
0.0357441 0.00457622
0.0359962 0.00587147
0.0339924 0.0038
0.0349921 0.0038
0.0372491 0.0106666
0.0372491 0.00924165
0.0357474 0.00703811
0.0355597 0.00781588
0.0364983 0.00846427
0.0369914 0.0152
0.0364983 0.0113143
0.0363309 0.012438
0.0359962 0.0131285
0.0366612 0.0145111
0.036496 0.0136476
0.0224704 0.00095
0.0219734 0.0019
0.0219755 0
0.0346618 0.00518098
0.0349965 0.00639049
0.0329928 0.0038
0.0338273 0.00449049
0.0364983 0.0103643
0.0364983 0.00941427
0.0348088 0.00752404
0.035372 0.00859365
0.0356536 0.0109201
0.0359917 0.0152
0.0357474 0.0119619
0.0351387 0.0129796
0.0355955 0.013958
0.0214785 0.00095
0.0209814 0.0019
0.0209837 0
0.0342457 0.00613213
0.0334948 0.00535476
0.0341518 0.00713031
0.0319931 0.0038
0.032744 0.00457738
0.0338702 0.00800996
0.0355972 0.00972505
0.0346962 0.00908583
0.0349684 0.010479
0.0348088 0.011476
0.0349921 0.0152
0.0343523 0.0124983
0.0346603 0.0145095
0.0344234 0.0137197
0.0204866 0.00095
0.0199895 0.0019
0.0199918 0
0.0309934 0.0038
0.032744 0.00561374
0.0334948 0.00673657
0.0329942 0.00742713
0.0319931 0.00587273
0.0309934 0.00483636
0.0319022 0.00483636
0.0329317 0.00849589
0.0335659 0.0120171
0.0337952 0.00939662
0.0342832 0.0100379
0.0338702 0.01099
0.0328941 0.0097074
0.0339924 0.0152
0.0335481 0.0127481
0.0334948 0.0139048
0.019 0.0019
0.019 0.00095
0.019 0
0.018 0
0.0299938 0.0038
0.0289941 0.0038
0.0299938 0.00483636
0.0319931 0.00690909
0.0319931 0.00794545
0.0309934 0.00587273
0.0309934 0.00690909
0.0319931 0.00898182
0.0327795 0.012054
0.0329317 0.0112814
0.0329317 0.0105041
0.0319931 0.0100182
0.0329928 0.0152
0.032744 0.0129978
0.032744 0.0140342
0.0180384 0.00191362
0.0175465 0.000993201
0.017 0
0.0279944 0.0038
0.0289941 0.00483636
0.0280853 0.00483636
0.0309934 0.00898182
0.029812 0.00587273
0.0309934 0.00794545
0.0299938 0.00690909
0.0309934 0.0100182
0.0319931 0.0120909
0.0319931 0.0110545
0.0309934 0.0110545
0.0319931 0.0152
0.0319931 0.0131273
0.0319931 0.0141636
0.0269948 0.0038
0.0171078 0.00195387
0.0160742 0.00100221
0.016 0
0.0269039 0.00483636
0.0289941 0.00587273
0.0278127 0.00587273
0.0301074 0.00975909
0.0299938 0.00898182
0.0289941 0.00690909
0.0296302 0.00794545
0.030221 0.0105364
0.0312661 0.0120909
0.0309934 0.0131273
0.0301074 0.0113136
0.0309934 0.0152
0.0310843 0.0141636
0.0259951 0.00483636
0.0259951 0.0038
0.0150324 0.0010664
0.01615 0.00202728
0.015 0
0.0138575 0.000814855
0.0269948 0.00587273
0.0282671 0.00690909
0.0269948 0.00690909
0.0294485 0.0100182
0.0290395 0.00846364
0.029244 0.00924091
0.0283579 0.00794545
0.0293576 0.0110545
0.0301755 0.0131273
0.0299938 0.0120909
0.0299938 0.0152
0.0299938 0.0141636
0.0258134 0.00587273
0.0249954 0.00483636
0.0249954 0.0038
0.0137192 0.00160577
0.0150657 0.00216264
0.014 0
0.013 0
0.0131033 0.000981606
0.0259951 0.00690909
0.0276309 0.00794545
0.0266313 0.00794545
0.0286306 0.0110545
0.0285397 0.0100182
0.0280399 0.0105364
0.0284488 0.00898182
0.0289941 0.0120909
0.0291759 0.0131273
0.0289941 0.0152
0.0289032 0.0141636
0.0239958 0.0038
0.0249954 0.00690909
0.0249954 0.00587273
0.0239958 0.00483636
0.0130851 0.00199963
0.0140637 0.002375
0.0123672 0.0013627
0.012 0
0.012451 0.00239349
0.0256316 0.00794545
0.0269948 0.00898182
0.0259951 0.00898182
0.0279944 0.0120909
0.0273583 0.0110545
0.0274492 0.0100182
0.0279944 0.0131273
0.0279944 0.0152
0.0279944 0.0141636
0.0243593 0.00794545
0.0229961 0.0038
0.0219965 0.0038
0.0242684 0.00690909
0.023814 0.00587273
0.0229961 0.00587273
0.0229961 0.00483636
0.0133 0.00285
0.011631 0.00174379
0.0115978 0.000740746
0.011 0
0.0111363 0.00252258
0.0125011 0.00327948
0.0115957 0.0033818
0.0249954 0.00898182
0.0259951 0.0100182
0.0272674 0.0120909
0.0263586 0.0110545
0.0249954 0.0100182
0.0269948 0.0131273
0.0269948 0.0152
0.0270856 0.0141636
0.0209968 0.0038
0.0239958 0.00898182
0.0236323 0.00794545
0.0219965 0.00483636
0.0229961 0.00690909
0.0221782 0.00587273
0.0199971 0.0038
0.0140637 0.003325
0.0133545 0.00376607
0.0103823 0.000635492
0.0106769 0.00166337
0.01 0
0.0104942 0.00286103
0.0125024 0.00403197
0.0107435 0.00383991
0.0114236 0.00427949
0.0239958 0.0100182
0.0259951 0.0152
0.025359 0.0110545
0.0259951 0.0131273
0.0259951 0.0120909
0.0246319 0.0110545
0.0259951 0.0141636
0.0209059 0.00483636
0.0199971 0.00483636
0.0229961 0.0100182
0.0228144 0.00794545
0.0229961 0.00898182
0.0209968 0.00587273
0.0219965 0.00690909
0.0219965 0.00794545
0.019 0.0038
0.0180384 0.00378638
0.019 0.00483636
0.0150657 0.00353736
0.0134091 0.00468214
0.0140637 0.00420714
0.0171078 0.00374613
0.01615 0.00367272
0.00977835 0.00125687
0.00981526 0.00222817
0.009 0
0.00886562 0.000843972
0.00985216 0.00319947
0.0121036 0.00471906
0.0127836 0.00515864
0.0114979 0.00514107
0.00988907 0.00417078
0.0108179 0.00470149
0.023814 0.0110545
0.0229961 0.0110545
0.0249954 0.0152
0.0247228 0.0120909
0.0251772 0.0131273
0.0239958 0.0120909
0.0249046 0.0141636
0.0199971 0.00587273
0.0222236 0.0100182
0.0219965 0.00898182
0.0199971 0.00690909
0.0207242 0.00690909
0.0209968 0.00794545
0.0180384 0.00473865
0.0171078 0.00470511
0.0188397 0.00570227
0.0134636 0.00559821
0.0149775 0.00460626
0.0140637 0.00508929
0.0162333 0.00467981
0.00890256 0.00167987
0.0089395 0.00251576
0.008 0
0.00801041 0.000795981
0.00897644 0.00335166
0.0116948 0.00584094
0.0124974 0.0061188
0.0108922 0.00556307
0.00901338 0.00418755
0.00928703 0.00500735
0.00995586 0.00553446
0.0229961 0.0120909
0.0221782 0.0110545
0.0239958 0.0152
0.0239958 0.0131273
0.0239958 0.0141636
0.019 0.00690909
0.0214512 0.0100182
0.0205424 0.00898182
0.0199971 0.00794545
0.0178833 0.00569763
0.0171078 0.00566409
0.0180384 0.00664319
0.0133 0.00639667
0.0140637 0.00597143
0.0150657 0.00570559
0.01615 0.00579173
0.00803712 0.00179249
0.00806382 0.002789
0.007 0
0.00715521 0.000747991
0.00722955 0.00150199
0.00801912 0.00396357
0.0124974 0.00682814
0.0112935 0.00658867
0.0104947 0.00622086
0.0081377 0.00484894
0.00846608 0.00544869
0.00927173 0.00590224
0.0228144 0.0131273
0.0219965 0.0120909
0.0213603 0.0110545
0.0229961 0.0152
0.0229961 0.0141636
0.0186795 0.00760454
0.0204515 0.0100182
0.0197712 0.00898182
0.019 0.00898182
0.0171078 0.00662306
0.0177282 0.00760888
0.0140637 0.00685357
0.0133 0.00728333
0.0150657 0.00678971
0.01615 0.00685124
0.00730389 0.00225599
0.0100971 0.00687865
0.00678771 0.00274513
0.00702486 0.00373958
0.006 0
0.0063 0.0007
0.00654395 0.00172297
0.00726202 0.00473403
0.0126312 0.00764289
0.0117029 0.00752606
0.0109043 0.0072041
0.00764513 0.00589003
0.00907547 0.00691527
0.0083603 0.00640265
0.0219965 0.0141636
0.0219965 0.0131273
0.0212694 0.0120909
0.0203606 0.0110545
0.0219965 0.0152
0.0196345 0.0110545
0.0180384 0.00854773
0.019 0.0100182
0.0188365 0.0107534
0.0185192 0.00950681
0.0164806 0.00767031
0.0171078 0.00854102
0.0133 0.00817
0.0140637 0.00773571
0.0150657 0.00787383
0.00986445 0.00758466
0.005 0
0.00650718 0.00425726
0.00602146 0.00224546
0.00627003 0.00326281
0.00525 0.00075
0.0056 0.0014
0.00637925 0.00552984
0.00599361 0.00477366
0.0129506 0.00880625
0.0122668 0.00829227
0.0112038 0.00844081
0.0105051 0.00793997
0.00682417 0.00633136
0.00759724 0.00682352
0.00897208 0.00781341
0.00831241 0.00733614
0.0210877 0.0141636
0.0211785 0.0131273
0.0202698 0.0120909
0.0209968 0.0152
0.019 0.0120909
0.0175731 0.00952012
0.0180384 0.0114045
0.0180384 0.0104523
0.0166423 0.00962514
0.01615 0.00897025
0.0140637 0.00861786
0.0150657 0.00895794
0.0136818 0.0092625
0.00963175 0.00829067
0.004 0
0.00428571 0.000714286
0.00575235 0.0037805
0.00511073 0.00252273
0.00466667 0.00155556
0.00583129 0.00601699
0.00548004 0.00529006
0.00505336 0.00446004
0.0126013 0.00944249
0.0119025 0.00894165
0.0109823 0.00923805
0.010307 0.00876436
0.00875844 0.00864137
0.00598584 0.00678205
0.00754935 0.00775702
0.00688672 0.00733517
0.00815389 0.0081992
0.020088 0.0141636
0.0199971 0.0131273
0.0199971 0.0152
0.019 0.0131273
0.0182788 0.0123602
0.0167211 0.0105775
0.0171078 0.011418
0.0155586 0.0101036
0.0145466 0.00982514
0.0133 0.00994333
0.0140637 0.0103821
0.00942592 0.00910601
0.003 0
0.00333333 0.000833333
0.00425139 0.00424226
0.00375 0.0015
0.00462668 0.00363002
0.0042 0.0028
0.00375 0.00225
0.00356552 0.00493785
0.00528334 0.00650413
0.00458083 0.00622622
0.0125545 0.0103649
0.0118638 0.00998815
0.0107609 0.0100353
0.0098293 0.0100187
0.00875069 0.00935355
0.00788513 0.00899208
0.00514283 0.00723524
0.00590154 0.00774071
0.00694927 0.00833897
0.019 0.0141636
0.019 0.0152
0.0180384 0.0133091
0.0168783 0.0124788
0.01615 0.0110893
0.01615 0.0121488
0.0150657 0.0111262
0.0133 0.01083
0.0140637 0.0112643
0.00874294 0.0100657
0.002 0
0.00225 0.00075
0.00266667 0.00133333
0.00344943 0.00402448
0.00285714 0.00214286
0.00333333 0.00311111
0.00368162 0.00585122
0.00289081 0.00537561
0.00277874 0.00463225
0.00444033 0.00695733
0.00368162 0.00657441
0.00429982 0.00768844
0.0118251 0.0110346
0.0124396 0.0113188
0.0103647 0.0107073
0.0110949 0.010871
0.009125 0.0106873
0.00793204 0.00974493
0.00701182 0.00934278
0.00519904 0.00811837
0.00581724 0.00869936
0.0181185 0.0142625
0.0180384 0.0152136
0.0171078 0.0133359
0.01615 0.0132083
0.0153614 0.0122472
0.0140637 0.0121464
0.0133 0.0117167
0.0145466 0.0126997
0.00832997 0.0106174
0.001 0
0.0015 0.001
0.002 0.002
0.00266667 0.00388889
0.0025 0.003
0.00276821 0.00613623
0.0021 0.0049
0.00368162 0.0072976
0.00276821 0.0069281
0.00414527 0.00869193
0.00345682 0.00814164
0.0110876 0.0115803
0.0118527 0.0119341
0.0126178 0.0122879
0.00950707 0.011309
0.010318 0.0116298
0.00616163 0.0096137
0.00872791 0.0114898
0.00707437 0.0103466
0.00472835 0.00928828
0.00531144 0.00988462
0.0170313 0.0143288
0.0171078 0.0152539
0.01615 0.0142678
0.0133 0.0126033
0.0150657 0.0132944
0.0139 0.0129268
0.0076464 0.0110623
0 0
0 0.001
0.000666667 0.00133333
0.0015 0.0045
0.00075 0.00225
0.00133333 0.00266667
0.001875 0.00375
0.00184547 0.00642416
0.00133333 0.00544444
0.00276821 0.00771996
0.00184547 0.0072854
0.00351302 0.00903183
0.0025952 0.00860484
0.0112858 0.0123369
0.0119356 0.0128591
0.0126178 0.0131746
0.00955467 0.0120614
0.0107188 0.0127398
0.00356922 0.00992202
0.00879045 0.0124936
0.00604116 0.0104712
0.00784393 0.0119864
0.0068974 0.0114792
0.00428858 0.0102589
0.00500795 0.0105958
0.01615 0.0153273
0.0150657 0.0143785
0.0133 0.01349
0.0140637 0.0139107
0 0.002
0 0.005
0.000714286 0.00428571
0 0.003
0.000666667 0.00333333
0 0.006
0.000922737 0.00671208
0.00184547 0.00814664
0.000922737 0.0076427
0.00265287 0.00949657
0.00173013 0.00906989
0.0112534 0.0134303
0.0124478 0.0140467
0.00985847 0.0130808
0.0103001 0.0136915
0.00362542 0.0108122
0.00271054 0.0103883
0.00887517 0.0132173
0.00802624 0.0129258
0.00542384 0.0116509
0.00616062 0.011565
0.00707971 0.0124186
0.00627987 0.0124763
0.00455273 0.0116766
0.0150657 0.0154626
0.0141427 0.0147176
0.0133 0.0143767
0 0.004
0 0.007
0 0.008
0.000922737 0.00857332
0.000865066 0.00953495
0.0017878 0.00996162
0.00368162 0.0117024
0.0107418 0.0143021
0.0124478 0.0149974
0.0115957 0.0146034
0.00943592 0.0137855
0.00988907 0.0145728
0.00276821 0.01128
0.00184547 0.0108534
0.0081377 0.0137629
0.00726202 0.013358
0.00548004 0.012534
0.00637925 0.0134702
0.00368162 0.0124256
0.00458083 0.0127738
0.0140637 0.015675
0.0133 0.0152633
0 0.009
0 0.01
0.000922737 0.0104267
0.00276821 0.0120719
0.0124478 0.01582
0.0107435 0.0151601
0.0115957 0.0156182
0.00901338 0.0144901
0.00920463 0.0153034
0.00985216 0.0156296
0.00184547 0.0117146
0.000922737 0.0113573
0.0081377 0.0145392
0.00726202 0.014266
0.00650074 0.0142051
0.00548004 0.0137099
0.00436749 0.0138444
0.00276821 0.0128638
0.00368162 0.0131488
0.0133 0.01615
0 0.011
0.00184547 0.0125758
0.012435 0.0165413
0.0104218 0.0160211
0.0111363 0.0164774
0.00831968 0.0154434
0.00895803 0.0161412
0.00981526 0.0166863
0 0.012
0.0007 0.0127
0.0075132 0.0152924
0.00662222 0.0149399
0.00583779 0.01474
0.00505336 0.01454
0.0021 0.0141
0.00359081 0.0143244
0.00289081 0.0136244
0.012881 0.0170686
0.0140637 0.016625
0.00131163 0.0131213
0.0115918 0.0170686
0.0121801 0.0175377
0.0106769 0.0173366
0.0125847 0.0182593
0.0133646 0.0181858
0.00777645 0.0159168
0.00823005 0.0165843
0.00868364 0.0172518
0.00977835 0.0177431
0 0.013
0.000777778 0.0136667
0.0015 0.0145
0.00692772 0.0156651
0.00598243 0.0156139
0.00462668 0.01537
0.0035 0.0155
0.00233333 0.015
0.0140325 0.0177858
0.0150657 0.0168374
0.013 0.019
0.0113597 0.0178257
0.0103823 0.0183645
0.012 0.019
0.014 0.019
0.0145108 0.0183861
0.01 0.019
0.00723323 0.0163902
0.00772524 0.0172982
0.00801041 0.018204
0.00886562 0.018156
0 0.014
0.00142857 0.0154286
0.000714286 0.0147143
0.00624467 0.0168224
0.0042 0.0162
0.00532481 0.0163067
0.003 0.016
0.00214286 0.0161429
0.0155685 0.0179978
0.01615 0.0169727
0.011 0.019
0.015 0.019
0.009 0.019
0.00375 0.01675
0.00676685 0.0173446
0.00715521 0.018252
0.008 0.019
0.00133333 0.0163333
0 0.015
0.000666667 0.0156667
0.0056 0.0176
0.00466667 0.017
0.00285714 0.0168571
0.016 0.019
0.0016 0.0172
0.0165798 0.0179978
0.0171078 0.0170461
0.00401786 0.0175179
0.0024 0.0178
0.0063 0.0183
0.007 0.019
0.00075 0.01675
0 0.016
0.00525 0.01825
0.00428571 0.0182857
0.00333333 0.0181667
0.017 0.019
0.0015 0.018
0.000666667 0.0176667
0.0175465 0.0180068
0.0180384 0.0170864
0.003 0.019
0.002 0.019
0.006 0.019
0 0.017
0.005 0.019
0.004 0.019
0.018 0.019
0.001 0.019
0 0.018
0.019 0.0171
0.019 0.01805
0.019 0.019
0 0.019
0.0199895 0.0171
0.0199918 0.019
0.0204866 0.01805
0.0209814 0.0171
0.0209837 0.019
0.0214785 0.01805
0.0219734 0.0171
0.0219755 0.019
0.0229663 0.01805
0.0229653 0.0171
0.0229673 0.019
0.0239573 0.0171
0.0239582 0.01805
0.0239592 0.019
0.0249493 0.0171
0.0249501 0.01805
0.024951 0.019
0.0259412 0.0171
0.025942 0.01805
0.0259428 0.019
0.0269332 0.0171
0.0269339 0.01805
0.0269347 0.019
0.0279252 0.0171
0.0279265 0.019
0.0284218 0.01805
0.0289171 0.0171
0.0289183 0.019
0.0299096 0.01805
0.0299091 0.0171
0.0299102 0.019
0.0309011 0.0171
0.0309015 0.01805
0.030902 0.019
0.0318938 0.019
0.031893 0.0171
0.0323894 0.01805
0.0328857 0.019
0.032885 0.0171
0.0338772 0.01805
0.0338775 0.019
0.033877 0.0171
0.0348693 0.019
0.0353651 0.01805
0.0348689 0.0171
0.0358612 0.019
0.036357 0.01805
0.0358609 0.0171
0.036853 0.019
0.0373736 0.0181376
0.0368529 0.0171
0.038 0.019
0.038 0.0171
