0 0.0021301
0 0.00249857
0 0.00177512
9.35816e-05 0.00199331
0.000112508 0.00233999
0 0.00286703
0.000144464 0.00267505
0 0.00142506
5.60016e-05 0.00155005
0.000108611 0.00165928
0.000222107 0.00214732
0.000200239 0.00182228
0.00029183 0.0024486
0 0.00323496
0.000172817 0.00301445
0 0
0 0.0036
0 0.000335263
0 0.00069412
0 0.00106117
0.000362994 0.00277999
0.000113722 0.00128902
0.000222461 0.0014649
0.000500186 0.00220496
0.000357782 0.00198089
0.000355705 0.00167403
0.000570881 0.00257449
0.000258012 0.0033358
0.000423076 0.00306804
9.65313e-05 0.000243243
0.000190829 0
0.000351017 0.0036
0.000108772 0.000582889
0.000122835 0.00094526
0.00071755 0.00294186
0.000302385 0.00113659
0.000466334 0.00143372
0.00078455 0.00232052
0.000821377 0.0019985
0.0005839 0.00180786
0.000902443 0.00262373
0.000622283 0.00330456
0.000219039 0.000410992
0.000364684 0.000258426
0.00050357 0
0.000710051 0.0036
0.000251203 0.000762665
0.00105884 0.00293925
0.00100966 0.00326114
0.000509289 0.000889221
0.000647574 0.00120444
0.000805972 0.00156194
0.00110494 0.0022728
0.00108421 0.00186159
0.00122025 0.00264326
0.000456081 0.000566131
0.000675141 0.000300248
0.000864844 0
0.00106917 0.0036
0.00137081 0.00202244
0.00140145 0.00300828
0.00141594 0.00334136
0.000854457 0.000921913
0.000788112 0.000619282
0.0010253 0.00118337
0.00110616 0.00151481
0.00144821 0.00235889
0.00138214 0.00167151
0.00152281 0.00266828
0.00102924 0.000341986
0.00122612 0
0.00142829 0.0036
0.00165076 0.00180194
0.0016886 0.00214763
0.00191183 0.00193362
0.00220314 0.00190773
0.00177923 0.00286216
0.00177854 0.00320789
0.00178741 0.0036
0.00117145 0.000719727
0.0013241 0.00105156
0.00139133 0.00133628
0.00181682 0.00248779
0.00170042 0.00147105
0.00137447 0.000335836
0.00158739 0
0.00197689 0.00163691
0.0020239 0.00221895
0.00251425 0.00188938
0.00230104 0.00159129
0.00235659 0.00218611
0.00150473 0.000856766
0.00215014 0.00301979
0.00209854 0.00273215
0.00214337 0.0033447
0.00214653 0.0036
0.00159071 0.000583411
0.00172469 0.0011418
0.00220692 0.0024868
0.00205152 0.00131696
0.00176757 0.000306584
0.00194867 0
0.00263405 0.00160675
0.00285086 0.00190249
0.00268649 0.00217656
0.00243253 0.00128152
0.00250521 0.00247135
0.00182562 0.000845962
0.00249622 0.00319578
0.00250441 0.00279626
0.00250565 0.0036
0.00200695 0.000605508
0.00213731 0.000972354
0.00213979 0.000310387
0.00230994 0
0.00299721 0.00165511
0.00283782 0.00139661
0.00303439 0.00217132
0.00323672 0.00188601
0.00279013 0.00247677
0.002735 0.00109411
0.00246106 0.000936656
0.00283701 0.00302976
0.00285739 0.00334552
0.00292606 0.00273259
0.00286477 0.0036
0.00240454 0.000609592
0.00248207 0.000288938
0.00267122 0
0.00326518 0.00148403
0.00305623 0.00120163
0.00311589 0.00245759
0.00338901 0.00228329
0.00357787 0.00169356
0.00353533 0.0019987
0.0030646 0.000917213
0.0027658 0.000742008
0.00319319 0.00293731
0.00322005 0.00323234
0.00322389 0.0036
0.00333022 0.00266974
0.00281706 0.000365002
0.00303249 0
0.00338018 0.00115932
0.00366603 0.0013709
0.00362861 0.00260605
0.00374026 0.00226136
0.00395976 0.00166636
0.00388054 0.0019555
0.003105 0.000590344
0.00336895 0.000836855
0.00358301 0.0036
0.00393149 0.00251815
0.00357291 0.00299373
0.00359117 0.0033376
0.00324032 0.000296571
0.00339377 0
0.00367585 0.000947018
0.00392672 0.00115373
0.00405537 0.00139629
0.0039155 0.00285862
0.00411269 0.0022287
0.00429154 0.00191677
0.00433562 0.00154672
0.00348635 0.000576072
0.00394212 0.0036
0.00422697 0.00258894
0.00397856 0.00324877
0.00364279 0.000291301
0.00375504 0
0.0040557 0.000876546
0.0038317 0.000605432
0.00431694 0.00114907
0.00422824 0.0029972
0.00447641 0.00228558
0.0046773 0.00204649
0.00464506 0.00171453
0.00464217 0.00135153
0.00430124 0.0036
0.00442832 0.00279922
0.00461046 0.00257673
0.00441468 0.00329032
0.00403462 0.000289976
0.00411632 0
0.0041811 0.000558232
0.00440115 0.000766113
0.0046667 0.000984713
0.00463653 0.00299717
0.00492906 0.00238465
0.00497834 0.00211556
0.00500426 0.00183231
0.00498511 0.00153006
0.00495406 0.00118504
0.00466036 0.0036
0.00486284 0.0027351
0.00447759 0
0.00481644 0.00330029
0.00448028 0.000322016
0.00470458 0.000615745
0.00501068 0.000793671
0.00502135 0.00302338
0.00527858 0.00209843
0.00518004 0.00270879
0.00532902 0.00244329
0.0053684 0.0017306
0.00529779 0.0013925
0.00523668 0.00107208
0.00501948 0.0036
0.00483886 0
0.00521277 0.00330224
0.00495984 0.000354294
0.00543119 0.000847585
0.00525531 0.000566911
0.00540386 0.00300451
0.00558362 0.00229179
0.00564329 0.00198428
0.00554076 0.00270926
0.00577374 0.00175176
0.00565941 0.00148245
0.00557987 0.00116876
0.0053786 0.0036
0.00520014 0
0.00560249 0.00327981
0.0054064 0.000297537
0.00564196 0.000594507
0.00582092 0.000919025
0.00581396 0.00294293
0.00589964 0.00221289
0.0058151 0.00253408
0.00607511 0.00194888
0.00603668 0.00158005
0.00594593 0.0012477
0.00573772 0.0036
0.00556141 0
0.00607668 0.00267624
0.00635577 0.00171237
0.00597793 0.00327412
0.00581671 0.000313031
0.00602655 0.000639413
0.00622302 0.000983942
0.00621149 0.0029753
0.00620206 0.00233235
0.00644897 0.002042
0.00629409 0.00135034
0.00609684 0.0036
0.00592269 0
0.00640735 0.00264219
0.00661553 0.00150663
0.0067104 0.00181964
0.00636485 0.00328145
0.00620694 0.000317565
0.00639574 0.000630458
0.00658495 0.00118002
0.00658906 0.000901323
0.00659278 0.00295917
0.00659916 0.00233729
0.00686233 0.00209986
0.00645596 0.0036
0.00628396 0
0.00674294 0.00264682
0.00688856 0.00131254
0.00694419 0.00159985
0.00710087 0.00182428
0.00675143 0.00325573
0.00662065 0.00030082
0.00677784 0.000655383
0.00695713 0.00103027
0.00699495 0.00287287
0.0069794 0.0024278
0.00724969 0.00214022
0.00681508 0.0036
0.00664524 0
0.00720897 0.0013953
0.00739604 0.00173252
0.00711998 0.00325321
0.00700651 0
0.00700369 0.000387101
0.0071023 0.000744235
0.0073563 0.00102144
0.00736774 0.00294513
0.00728013 0.00255515
0.0075932 0.00199438
0.00756359 0.00230292
0.0071742 0.0036
0.00754581 0.00139406
0.00774869 0.00171202
0.00753332 0.0036
0.0075338 0.00330728
0.0073091 0.000273399
0.00736779 0
0.00736341 0.000594273
0.00771867 0.00109992
0.00763276 0.000748338
0.00774085 0.00299675
0.00761071 0.00265913
0.00791634 0.0020715
0.00785835 0.0024023
0.00790446 0.00139637
0.00806733 0.00170169
0.00789244 0.0036
0.00795251 0.00330424
0.00766426 0.000341164
0.00772906 0
0.00794938 0.000854923
0.00809892 0.00109407
0.00793008 0.000558303
0.00796868 0.00269802
0.00810576 0.0030109
0.00821209 0.001988
0.00819238 0.0023545
0.00826024 0.00139239
0.0084094 0.00170652
0.00825156 0.0036
0.00833915 0.00331337
0.00809894 0.000290573
0.00809034 0
0.00826082 0.000689849
0.008413 0.00104612
0.00830865 0.00269976
0.00843109 0.00302139
0.00848585 0.00209389
0.00855201 0.00243966
0.0086038 0.00138702
0.0087041 0.00179539
0.00861067 0.0036
0.00871108 0.00323317
0.00848391 0.000343865
0.00845161 0
0.00862255 0.000704257
0.00870813 0.00100965
0.00864988 0.00281631
0.00883584 0.00216705
0.00887179 0.0025629
0.00890522 0.00117782
0.00891139 0.00151066
0.00902524 0.00185196
0.00896979 0.0036
0.00880658 0.000417329
0.00897391 0.00291911
0.00902332 0.00322929
0.00881289 0
0.00902154 0.000797926
0.0092465 0.00209529
0.00910843 0.00236646
0.00923222 0.00267393
0.00917658 0.00121051
0.00920837 0.00155195
0.00938254 0.00179673
0.00932891 0.0036
0.00926855 0.00333085
0.009085 0.000375885
0.00936285 0.00299884
0.00917416 0
0.00938685 0.000986777
0.00936653 0.000615123
0.00964219 0.00206652
0.00945596 0.00237827
0.00959935 0.00269757
0.00949396 0.00138794
0.00965292 0.0017118
0.00968803 0.0036
0.00958891 0.00328593
0.00939579 0.000279922
0.00977877 0.00298586
0.00953543 0
0.00966034 0.000759286
0.00973164 0.00110514
0.0097243 0.000395482
0.00981195 0.0023975
0.010023 0.00213161
0.00993449 0.00181863
0.0099894 0.00269808
0.00984882 0.00145778
0.00994803 0.00328521
0.0100472 0.0036
0.0101865 0.00298532
0.00989671 0
0.00998662 0.000783088
0.0100686 0.00119991
0.0100659 0.000367993
0.0102012 0.00241466
0.0104081 0.00212307
0.0102603 0.00187695
0.0101869 0.00157059
0.0103812 0.00270053
0.010313 0.00328332
0.0104063 0.0036
0.0106138 0.002999
0.010258 0
0.0103231 0.000637741
0.0103347 0.00100005
0.0104185 0.00137359
0.0103859 0.000281046
0.0105877 0.00238758
0.0105686 0.00175514
0.0107599 0.00206678
0.0107222 0.00267109
0.0106486 0.00331756
0.0107654 0.0036
0.0109877 0.0028258
0.0109804 0.0032249
0.0106193 0
0.010637 0.000447097
0.0106457 0.000822397
0.0106892 0.00117517
0.0107579 0.00150801
0.0109693 0.00242626
0.0110172 0.00175473
0.0110689 0.00209156
0.0111245 0.0036
0.0112721 0.00296296
0.0113182 0.00261307
0.01137 0.00325465
0.0109805 0
0.0108893 0.00028362
0.0109499 0.000640655
0.010993 0.00100127
0.0110527 0.00136424
0.0113061 0.00230384
0.0113881 0.00196464
0.0113814 0.00157199
0.0114836 0.0036
0.0115903 0.00283455
0.0116269 0.00233044
0.0117092 0.00325535
0.0112138 0.000382228
0.0113418 0
0.0112891 0.000787134
0.0113507 0.00116515
0.0117102 0.00183618
0.0116878 0.00136768
0.0118427 0.0036
0.0118846 0.00258358
0.0118832 0.00296517
0.0119878 0.00154161
0.0119631 0.00219645
0.0120857 0.00324817
0.0115196 0.000267016
0.0115692 0.000586621
0.0117031 0
0.0116513 0.000959076
0.0120492 0.00189779
0.0120096 0.00111891
0.0122019 0.0036
0.0121392 0.00282831
0.0122159 0.00244523
0.012313 0.00176636
0.0122973 0.00140758
0.0123736 0.00212666
0.0124457 0.00332528
0.0123897 0.00301291
0.0118587 0.000326725
0.0119187 0.000689981
0.0120644 0
0.0122132 0.000790942
0.0123982 0.00111262
0.012561 0.0036
0.0124189 0.00268669
0.0125882 0.00242799
0.0125841 0.00162265
0.0126622 0.00191043
0.0126769 0.00135609
0.0127967 0.00220905
0.0126954 0.0030766
0.0128311 0.00331442
0.0127094 0.0027758
0.0122111 0.000363952
0.0124256 0
0.0125512 0.000842153
0.0124532 0.000559058
0.0127785 0.00104071
0.0129201 0.0036
0.0129425 0.00253855
0.0129492 0.00165468
0.0130057 0.00196287
0.0130163 0.00133623
0.0131897 0.00224115
0.0130228 0.00294556
0.0131773 0.00327813
0.0126225 0.000295319
0.0127869 0
0.0127969 0.000613816
0.0130161 0.000808198
0.0131171 0.0010502
0.0132792 0.0036
0.0132452 0.00265264
0.0133132 0.00186238
0.0133042 0.00153769
0.0133538 0.00118193
0.0134475 0.00240216
0.013587 0.00137642
0.0135865 0.0020747
0.0134035 0.00297631
0.0135475 0.00327952
0.0130014 0.000295404
0.0131482 0
0.0131649 0.000547943
0.0133765 0.000789793
0.0136383 0.0036
0.0136107 0.00270305
0.0136699 0.00168037
0.0136395 0.00101965
0.0137473 0.00239791
0.0138708 0.00130973
0.0139119 0.00188182
0.0139544 0.0022031
0.0138144 0.00296605
0.0139051 0.00327126
0.0134259 0.000349414
0.0135095 0
0.0136865 0.000634014
0.0139975 0.0036
0.013977 0.00262765
0.0140858 0.00158103
0.0139407 0.000915508
0.0141683 0.00117249
0.0138707 0
0.0142431 0.00198255
0.0142311 0.0023565
0.014225 0.00297989
0.014216 0.00330594
0.0138613 0.000279543
0.0140209 0.000557043
0.0143566 0.0036
0.0142847 0.00268095
0.0144371 0.0013935
0.0143955 0.00170989
0.0142548 0.000750761
0.0144345 0.000989098
0.014232 0
0.0145158 0.00225963
0.0146094 0.0019867
0.0145452 0.00258789
0.0146409 0.00294937
0.0145356 0.00326848
0.0143312 0.000342458
0.0147157 0.0036
0.0146634 0.0011715
0.0147132 0.00167536
0.0148314 0.00139688
0.0145852 0.00061605
0.0147475 0.00086754
0.0145933 0
0.0148321 0.00266922
0.014845 0.00231249
0.0149322 0.00197266
0.0149075 0.00326857
0.0150356 0.00294503
0.0147829 0.000332665
0.0150748 0.0036
0.0149927 0.00106522
0.0150624 0.00164533
0.0151785 0.00134561
0.0150098 0.000671148
0.0149546 0
0.0151107 0.00256264
0.0152236 0.0022041
0.0152451 0.0018881
0.0153076 0.00322638
0.0153569 0.00283044
0.0152 0.000320693
0.0154339 0.0036
0.0153169 0.000966594
0.0154442 0.00163297
0.0154684 0.0013132
0.0153671 0.000597065
0.0153158 0
0.0153904 0.00247141
0.0156771 0
0.027 0
0.015628 0.00225996
0.0155437 0.00198249
0.0156606 0.00296879
0.0156879 0.00327666
0.0156496 0.00260926
0.0156798 0.00032272
0.0157931 0.0036
0.0156438 0.000722983
0.015662 0.00108672
0.0157793 0.00144889
0.0157615 0.00176932
0.0160384 0
0.027 0.00036
0.0269484 0.000194218
0.0268135 0.000202483
0.0267175 0
0.027 0.0036
0.0159199 0.00272801
0.0159451 0.00239743
0.0159371 0.00205601
0.0160629 0.00300162
0.0160092 0.00332009
0.0160059 0.000577834
0.0161731 0.000304414
0.0161522 0.0036
0.0159149 0.000877606
0.0160018 0.00115962
0.0160591 0.0017227
0.0161099 0.00142509
0.0163997 0
0.026781 0.00036
0.0266225 0.000179732
0.0263769 0
0.0267235 0.0036
0.0268188 0.00339962
0.0269414 0.00339121
0.027 0.00324
0.0162245 0.00263739
0.026445 0.000176747
0.0162555 0.0022644
0.0162947 0.00193211
0.0164862 0.00288835
0.0163415 0.00325189
0.0162502 0.000884225
0.0164206 0.000605138
0.0166068 0.000314477
0.0165113 0.0036
0.0163592 0.00120243
0.0163726 0.00158021
0.0167609 0
0.0264923 0.00036
0.0260329 0
0.0262615 0.000185848
0.026638 0.00342159
0.026383 0.0036
0.0267859 0.00324
0.0165255 0.00248211
0.0264534 0.00342234
0.0260838 0.000176076
0.016582 0.00210135
0.0166299 0.00177215
0.0168227 0.00263012
0.0166874 0.00325511
0.0168472 0.00294521
0.0166332 0.000960156
0.0168136 0.000639326
0.0170093 0.000321581
0.0168704 0.0036
0.0166293 0.00138548
0.0171222 0
0.0261342 0.00036
0.0256889 0
0.0259086 0.000186318
0.0264899 0.00324
0.0260383 0.0036
0.0262649 0.00341547
0.0168053 0.00228072
0.0172295 0.0036
0.0257326 0.00017424
0.0260838 0.00342142
0.0168685 0.00122415
0.0169649 0.00196544
0.0169283 0.00160652
0.0171753 0.00275721
0.0170819 0.00235301
0.0170706 0.0032052
0.0170552 0.000958816
0.0171859 0.000634376
0.0173786 0.000280441
0.0174835 0
0.0257758 0.00036
0.0253449 0
0.0255569 0.000185784
0.0261326 0.00324
0.0256935 0.0036
0.0259097 0.00341479
0.0175887 0.0036
0.0173653 0.00331766
0.0171444 0.00136996
0.0257339 0.00342517
0.02538 0.000176149
0.0173501 0.00245223
0.0173081 0.00173259
0.0173228 0.00207345
0.0176087 0.00263737
0.0174311 0.00298523
0.0173552 0.00112974
0.0174697 0.000864614
0.0175119 0.000561942
0.0177316 0.00033052
0.0178447 0
0.0254173 0.00036
0.0250009 0
0.0252053 0.000186485
0.0257744 0.00324
0.0253488 0.0036
0.0255584 0.00341434
0.017676 0.00327693
0.0179478 0.0036
0.01746 0.00141796
0.0175894 0.00226194
0.0253824 0.00342545
0.0250284 0.000175676
0.0176795 0.00158123
0.0177041 0.00193872
0.0178706 0.00230229
0.0178083 0.00293203
0.0179971 0.0026432
0.017714 0.00114248
0.0178378 0.000728875
0.0180561 0.000356192
0.018206 0
0.0250588 0.00036
0.0248535 0.000187625
0.0246569 0
0.0254161 0.00324
0.0252067 0.00341411
0.025004 0.0036
0.0179611 0.00322161
0.0183069 0.0036
0.0182157 0.00331433
0.0179976 0.00169776
0.0179486 0.00136859
0.0250304 0.00342579
0.0246765 0.000175621
0.0181402 0.00201832
0.0181815 0.00234637
0.0182172 0.00294626
0.0183718 0.00259152
0.0180774 0.001039
0.0182066 0.00068492
0.0184077 0.000326407
0.0185673 0
0.0247004 0.00036
0.024313 0
0.0245019 0.000186404
0.0250579 0.00324
0.0248547 0.00341341
0.0246593 0.0036
0.018666 0.0036
0.0185177 0.00321881
0.0183153 0.00172028
0.0182739 0.00137668
0.0189286 0
0.0246775 0.0034241
0.0243246 0.000177432
0.0184812 0.00221626
0.0185762 0.00191085
0.0185918 0.0028264
0.0187197 0.00244589
0.0184408 0.000980524
0.0185355 0.000632668
0.0187839 0.000363923
0.0243419 0.00036
0.023969 0
0.0241505 0.000186635
0.0246997 0.00324
0.0243145 0.0036
0.0245026 0.0034138
0.0188466 0.00333067
0.0190251 0.0036
0.018859 0.00302912
0.0186289 0.0015893
0.0185675 0.00128581
0.0191173 0.000284224
0.0192898 0
0.024325 0.00342235
0.0239734 0.000175277
0.0188654 0.00209439
0.0189733 0.00173802
0.0189431 0.00267416
0.0190958 0.00233925
0.0188162 0.000761685
0.0187846 0.00106064
0.0191231 0.000612917
0.0239835 0.000359976
0.023625 0
0.0237961 0.000188354
0.0243415 0.00324
0.0239698 0.0036
0.0241508 0.00341382
0.0192006 0.00325739
0.0193843 0.0036
0.0191613 0.00291927
0.0189051 0.0013644
0.0194472 0.000368801
0.0196511 0
0.0239729 0.00342461
0.0236104 0.000173606
0.0192606 0.00201163
0.0193677 0.0017233
0.0192045 0.00139954
0.0193082 0.00261314
0.0194609 0.00228141
0.019124 0.00101343
0.0194369 0.000772469
0.023625 0.00036
0.0234177 0.000206644
0.0232637 0
0.0239832 0.00324001
0.0237932 0.00341091
0.023625 0.0036
0.0195688 0.00328589
0.0194804 0.00295503
0.0197434 0.0036
0.0197891 0.000276245
0.0197492 0.000592523
0.0200124 0
0.027 0.00072
0.0269964 0.00072
0.023598 0.00343273
0.0232275 0.000194026
0.0207349 0
0.0197158 0.00195562
0.0195259 0.00142366
0.0196947 0.00165313
0.0194755 0.00113206
0.0196435 0.00262451
0.0197658 0.00228194
0.0197659 0.000972096
0.0231964 0.000391413
0.0230178 0.000203809
0.0229025 0
0.023625 0.00324
0.0234077 0.00338869
0.0232659 0.0036
0.0198471 0.00301984
0.0199127 0.00332591
0.0201025 0.0036
0.0201098 0.000361265
0.0200228 0.000763074
0.0203737 0
0.0269978 0.000722425
0.027 0.000723589
0.0269927 0.00072
0.0269949 0.000722856
0.020645 0.00024906
0.0209607 0.000263874
0.0210962 0
0.0198967 0.00275011
0.0225413 0
0.0231761 0.003393
0.0200676 0.00214982
0.0201724 0.00185772
0.0199804 0.00164828
0.0198559 0.00133182
0.0199998 0.00248859
0.0201083 0.00114388
0.0228968 0.000434386
0.0228417 0.000253899
0.0226762 0.000205606
0.0231964 0.00320859
0.0229103 0.0036
0.0201852 0.00282503
0.0202279 0.00324163
0.0204616 0.0036
0.0204738 0.000428471
0.0203094 0.000643041
0.0203229 0.000932607
0.0269968 0.000726112
0.027 0.000727177
0.0269913 0.000722933
0.0269891 0.00072
0.0269936 0.000725624
0.0208446 0.000543505
0.0212351 0.000385045
0.0214575 0
0.0224334 0.0002161
0.02218 0
0.0229549 0.00335672
0.0208207 0.0036
0.0218188 0
0.02043 0.0021146
0.0203064 0.00243821
0.0205355 0.00178968
0.0202796 0.00148392
0.0204907 0.00119242
0.022709 0.00036594
0.0227335 0.000468567
0.0225579 0.00035662
0.022897 0.00316573
0.0227152 0.0033942
0.0225824 0.0036
0.0205061 0.00268025
0.0204455 0.00301341
0.0206317 0.00327496
0.0206424 0.000820513
0.0269935 0.000728977
0.0269972 0.000730295
0.027 0.000730766
0.0269903 0.000726325
0.0269877 0.000723198
0.0269855 0.00072
0.0210505 0.000804424
0.0213927 0.000674621
0.0216179 0.000346922
0.0222444 0.00031483
0.0224093 0.000386653
0.0219724 0.000287936
0.0227812 0.003255
0.0209703 0.00335301
0.0211798 0.0036
0.021539 0.0036
0.0269868 0.000726409
0.0226636 0.00318793
0.0224785 0.00046209
0.0206726 0.00237779
0.0207918 0.00209394
0.0206952 0.00148418
0.020898 0.00178298
0.0208359 0.00115256
0.0225914 0.000451549
0.0226294 0.000504292
0.0227335 0.00313143
0.0225849 0.00326276
0.0224646 0.00337457
0.0222564 0.0036
0.0208628 0.00261674
0.0207474 0.00289873
0.0209487 0.00306163
0.0269885 0.00072968
0.0269949 0.000733465
0.0269918 0.000731457
0.027 0.000734355
0.0269839 0.000723642
0.0269818 0.00072
0.0213675 0.000989704
0.0211272 0.00117604
0.0216758 0.000711697
0.0219259 0.000544716
0.022349 0.000471687
0.0221734 0.000482237
0.0212445 0.00317903
0.0215265 0.00333782
0.0218981 0.0036
0.0269837 0.000727756
0.0225417 0.00317428
0.022599 0.0031319
0.0225056 0.000519412
0.0224326 0.000540772
0.027 0.000741532
0.027 0.000745121
0.027 0.000737944
0.027 0.000748832
0.0210959 0.00238464
0.0211209 0.00208787
0.0210985 0.00150404
0.0212415 0.00183068
0.022545 0.00054
0.0226319 0.00309663
0.0224289 0.00319635
0.0222744 0.00328715
0.0220526 0.00333587
0.0211544 0.00278655
0.0269845 0.000732102
0.0269899 0.000733829
0.0269928 0.000736703
0.0269964 0.000737531
0.0269803 0.000724287
0.0269781 0.00072
0.0216664 0.00107943
0.0214276 0.00135597
0.0219443 0.000855694
0.0221771 0.000683334
0.0223342 0.000595613
0.0215051 0.00294449
0.0218 0.00319941
0.0269795 0.000728819
0.0224922 0.00312548
0.0225738 0.00309749
0.0225305 0.0030968
0.0224682 0.000620732
0.0269971 0.000741472
0.026996 0.000745756
0.027 0.000752687
0.026996 0.000749547
0.0226339 0.000577319
0.0269872 0.000735351
0.0223051 0.00315221
0.0224808 0.00308182
0.0214391 0.00252756
0.0214777 0.00214187
0.0214994 0.00172289
0.0225839 0.000672503
0.0225749 0.00307331
0.0224096 0.00309567
0.0220935 0.00311389
0.0269841 0.00073675
0.0269795 0.000733767
0.0269893 0.000738
0.026993 0.000741397
0.026976 0.000724728
0.0269737 0.00072
0.0219775 0.00121987
0.0217464 0.00148886
0.0222068 0.0009636
0.0223947 0.000762083
0.0218799 0.00294559
0.0217097 0.00268499
0.0269746 0.000729906
0.0225423 0.00307612
0.0225081 0.003067
0.0269917 0.000747203
0.027 0.000756759
0.0269942 0.000752196
0.0269972 0.000755351
0.0227335 0.000611433
0.022281 0.00306194
0.022457 0.00304699
0.0225256 0.00305855
0.0269801 0.000739137
0.0218292 0.002355
0.021833 0.00192905
0.0227492 0.000804691
0.0225918 0.000835442
0.022545 0.00306
0.0223602 0.00301245
0.0221846 0.00293737
0.0269853 0.000740941
0.0269741 0.000736182
0.0269888 0.000742765
0.0269693 0.000725632
0.026968 0.00072
0.0223242 0.00130457
0.0220596 0.00158722
0.0224444 0.00100903
0.0220197 0.00271106
0.0269689 0.000731814
0.0225158 0.00303786
0.0269873 0.000747832
0.0269895 0.000752264
0.027 0.000761712
0.0269944 0.000757233
0.0228902 0.000644514
0.0224424 0.00299312
0.0224947 0.00301359
0.0225421 0.00304469
0.0269742 0.000742168
0.0269804 0.000743855
0.0222099 0.00250797
0.0221699 0.00219263
0.0221929 0.00190166
0.0229488 0.000938997
0.0226782 0.00111866
0.022576 0.00304621
0.022381 0.00291758
0.0222994 0.0027798
0.0269832 0.000746681
0.026967 0.000737959
0.0269602 0.00072
0.0269612 0.000729715
0.0223995 0.001669
0.0226515 0.00143063
0.0225454 0.00299264
0.0225678 0.00302104
0.0269846 0.000755793
0.026983 0.000751412
0.0269894 0.000758612
0.027 0.000768564
0.026994 0.000764133
0.0231964 0.000688587
0.022498 0.0029472
0.0269682 0.000746454
0.0269769 0.000747937
0.027 0.000778047
0.0225227 0.00236909
0.0224904 0.00265627
0.0225447 0.00204795
0.0230078 0.00127707
0.0232862 0.000978868
0.0226364 0.00302181
0.0224982 0.00284056
0.026977 0.000755301
0.0269583 0.00074119
0.0269499 0.00072
0.026951 0.000733308
0.0226869 0.00176761
0.0229335 0.00158757
0.0226351 0.00297594
0.0225979 0.00291919
0.0269788 0.000761739
0.0269852 0.000764647
0.0269904 0.00077167
0.023625 0.00072
0.0269713 0.000753537
0.02696 0.000753704
0.027 0.000791788
0.0269882 0.000782818
0.027 0.00119044
0.027 0.00105263
0.027 0.00116483
0.027 0.000927128
0.027 0.00112806
0.027 0.0010851
0.027 0.000908423
0.027 0.00102735
0.027 0.00088747
0.0269974 0.000997337
0.027 0.00100589
0.027 0.00121167
0.027 0.000986098
0.027 0.000814107
0.022756 0.00259272
0.0228796 0.00229391
0.0226626 0.00279868
0.0229272 0.00194672
0.0232068 0.00166643
0.0233479 0.0012965
0.0236393 0.0009977
0.0227335 0.00298857
0.0269693 0.000770041
0.0269655 0.000763522
0.0269456 0.000750255
0.0269349 0.00072
0.0269371 0.000732506
0.0227314 0.00290573
0.0269781 0.000774431
0.0239882 0.000719999
0.0269519 0.000766235
0.0269864 0.000801865
0.0269753 0.000794078
0.0269972 0.00119183
0.0269967 0.00105525
0.0269968 0.00115701
0.0269945 0.000918091
0.027 0.000945667
0.0269961 0.000933067
0.0269968 0.00110366
0.0269921 0.000900986
0.0269965 0.00102114
0.027 0.000865021
0.026993 0.000875221
0.0269953 0.00098604
0.027 0.00123236
0.0269971 0.00121743
0.027 0.000965728
0.0269869 0.00082531
0.027 0.00084067
0.027 0.00140196
0.027 0.00130486
0.027 0.00125363
0.027 0.0015914
0.027 0.00138276
0.027 0.00136064
0.027 0.00133447
0.0230535 0.00262264
0.022881 0.00280352
0.0232129 0.00207258
0.023216 0.00237666
0.0234661 0.0019195
0.0235318 0.001596
0.023664 0.0013037
0.0239393 0.00113943
0.0228867 0.0029566
0.026964 0.000786222
0.0269512 0.000783317
0.0269316 0.000772708
0.0269268 0.000747129
0.0269103 0.00072
0.0242221 0.0010482
0.0243514 0.000719997
0.026973 0.000830176
0.0269625 0.00080939
0.0269935 0.00119073
0.0269931 0.00108464
0.0269921 0.00102851
0.0269936 0.00114255
0.0269905 0.000932724
0.0269941 0.000954152
0.0269839 0.000915433
0.0269856 0.00088352
0.0269868 0.000853504
0.0269904 0.00098471
0.0269974 0.00124385
0.0269946 0.00122719
0.027 0.00141987
0.0269976 0.00140119
0.027 0.00127766
0.0269976 0.00130593
0.0269967 0.00126672
0.0269971 0.00158197
0.027 0.00156058
0.0269963 0.00161606
0.027 0.00162251
0.0269972 0.00137434
0.026997 0.00134042
0.027 0.00166771
0.027 0.00152066
0.027 0.00173486
0.027 0.00147214
0.027 0.00144022
0.023406 0.00264133
0.0231964 0.00291141
0.0235404 0.00230278
0.0237127 0.00209952
0.0237992 0.00183121
0.023878 0.00153113
0.0241576 0.00144486
0.0269454 0.000813149
0.0269274 0.00080809
0.0269 0.000754051
0.0269063 0.000790403
0.0268735 0.00072
0.0244271 0.001319
0.02457 0.00102838
0.0247146 0.00072
0.0269528 0.000848234
0.0269729 0.000877056
0.0269901 0.00122078
0.0269885 0.00115005
0.0269874 0.00107433
0.0269833 0.00101298
0.0269846 0.000958366
0.0269733 0.000932371
0.0269932 0.00125184
0.0269965 0.00142226
0.0269943 0.00139794
0.0269952 0.00128861
0.0269941 0.00131759
0.0269918 0.00127604
0.026994 0.00157703
0.0269967 0.00153931
0.026993 0.00163759
0.0269967 0.00167135
0.026994 0.00136228
0.0269965 0.0014854
0.0269969 0.00174524
0.027 0.00180863
0.0269969 0.0014476
0.027 0.00194825
0.027 0.00197354
0.027 0.00186353
0.027 0.0019248
0.027 0.00203566
0.027 0.00200229
0.027 0.00189849
0.023625 0.00288
0.0237666 0.00256109
0.0239594 0.00219737
0.02412 0.0018377
0.0244689 0.00163695
0.0269234 0.000857065
0.0268877 0.000836256
0.0268618 0.000786041
0.0268095 0.00072
0.0247383 0.0013601
0.0249235 0.00105494
0.0250778 0.00072
0.0269531 0.000912843
0.0269864 0.00125898
0.0269837 0.00120374
0.0269778 0.00111171
0.026969 0.000999586
0.0269928 0.00144013
0.0269894 0.00139554
0.0269885 0.00130512
0.0269905 0.00134346
0.0269924 0.00151119
0.0269904 0.00158934
0.0269928 0.00170537
0.026988 0.00166226
0.0269938 0.00177969
0.0269968 0.00182255
0.0269975 0.00194973
0.0269971 0.00198531
0.0269964 0.00188061
0.0269966 0.00191851
0.027 0.00207279
0.0269967 0.00205258
0.0269966 0.00201937
0.0243711 0.00193627
0.027 0.00211387
0.0268013 0.000790878
0.0239891 0.00287999
0.0240764 0.00250207
0.0243393 0.00222431
0.0246485 0.00193677
0.0248546 0.00165985
0.0269192 0.000924954
0.0268772 0.000905526
0.0268196 0.00087332
0.026694 0.00072
0.0250929 0.00139347
0.0252862 0.00108587
0.025441 0.00072
0.0269387 0.00101275
0.0269787 0.00129555
0.0269746 0.00122435
0.0269598 0.00112245
0.0269867 0.0014535
0.0269829 0.00137062
0.026986 0.0015477
0.0269887 0.00177879
0.0269818 0.0016761
0.0269929 0.00185156
0.0269944 0.00195451
0.0269936 0.00199715
0.0269929 0.00190998
0.0269962 0.00209264
0.0269934 0.00203086
0.0269928 0.00205825
0.0269973 0.00214167
0.027 0.00216166
0.0267247 0.000842884
0.027 0.00225993
0.027 0.00220563
0.027 0.00223772
0.0269943 0.00212531
0.0243532 0.00288
0.0243419 0.00262629
0.0247353 0.00222375
0.0245942 0.00250003
0.0249891 0.00194893
0.025239 0.00171255
0.0268822 0.00102731
0.0268065 0.000992368
0.0267027 0.00097477
0.0265705 0.000910243
0.0264854 0.00072
0.0254529 0.00147303
0.025624 0.000971883
0.025626 0.00123863
0.0258042 0.00072
0.0269269 0.00117626
0.0269593 0.00125727
0.0269695 0.00136545
0.0269773 0.00149496
0.0269806 0.00183507
0.026988 0.0018873
0.0269719 0.00168142
0.0269899 0.0019567
0.0269886 0.00200473
0.0269915 0.00209385
0.0269884 0.00203295
0.0269877 0.00206686
0.0269963 0.00218547
0.0269936 0.00215454
0.0269974 0.00226401
0.027 0.00227901
0.0269969 0.00222546
0.0269899 0.00213323
0.027 0.0023696
0.027 0.00229741
0.027 0.00240793
0.0269949 0.00227839
0.0261669 0.00072
0.027 0.00234262
0.027 0.00241854
0.027 0.00231828
0.027 0.00239252
0.0269947 0.00224741
0.0269923 0.00218105
0.0247173 0.00288
0.0248981 0.00256683
0.0250634 0.00226917
0.0253286 0.0020098
0.0256186 0.00178213
0.0268714 0.00119014
0.0267902 0.00117555
0.0266967 0.00112305
0.0265237 0.00115596
0.0263143 0.00101913
0.0258526 0.00143853
0.0259737 0.00108083
0.0269421 0.00136908
0.0268958 0.00138016
0.0269591 0.00150904
0.0269674 0.00187488
0.0269815 0.00195598
0.0269552 0.00172091
0.0269818 0.00203744
0.0269846 0.00211047
0.026992 0.00222483
0.0269875 0.00216266
0.0269963 0.00230139
0.026997 0.00237025
0.0269972 0.00240852
0.0269917 0.0022849
0.0269962 0.00233682
0.0269963 0.00242272
0.027 0.00242824
0.0269962 0.00239161
0.026986 0.00221307
0.027 0.0024381
0.027 0.00245203
0.0269935 0.00236177
0.0250814 0.00288
0.0252428 0.00259347
0.0253699 0.00232074
0.0256311 0.00217201
0.0259788 0.00169101
0.0258717 0.0019938
0.0267989 0.00143418
0.026613 0.00135376
0.0262572 0.00137001
0.026926 0.00161275
0.0268695 0.00163841
0.0269372 0.0018495
0.0269551 0.00196018
0.0269715 0.00200377
0.0269753 0.00210068
0.0269794 0.00217669
0.026986 0.00228191
0.0269909 0.00233137
0.0269924 0.00238409
0.0269931 0.0024057
0.0269956 0.00243779
0.0269918 0.00242662
0.0269748 0.00225419
0.0269972 0.0024471
0.0269974 0.00246752
0.027 0.00247418
0.0269885 0.00236837
0.027 0.00252192
0.027 0.00249933
0.0269785 0.00231219
0.0254455 0.00288
0.0256136 0.00254382
0.0259529 0.00230582
0.0262571 0.00169501
0.0261614 0.00201257
0.0267032 0.00162743
0.0268033 0.00183179
0.0265039 0.00163596
0.0268938 0.00190733
0.0269329 0.00204184
0.0269592 0.00209131
0.0269657 0.00218886
0.0269828 0.00235547
0.0269866 0.00239912
0.0269902 0.00245318
0.0269943 0.00246209
0.0269854 0.00243356
0.0269715 0.00235005
0.0269587 0.00228288
0.0269964 0.00249311
0.0269967 0.00252263
0.027 0.00254117
0.027 0.00255969
0.0258096 0.00288
0.0259178 0.00262532
0.0263492 0.00229092
0.0261808 0.00252179
0.0264462 0.00198175
0.0266486 0.0019346
0.0267453 0.00213817
0.0268445 0.00214239
0.0269054 0.00219051
0.0269414 0.00221866
0.0269758 0.00240858
0.0269818 0.00246991
0.0269911 0.00249829
0.0269547 0.00236205
0.026997 0.00255505
0.0269937 0.0025365
0.027 0.00257894
0.027 0.00265947
0.027 0.00259902
0.027 0.00263997
0.027 0.00261958
0.0269968 0.00261356
0.0261729 0.00288
0.02661 0.00226919
0.026418 0.00263446
0.0265902 0.00250736
0.0267768 0.00237634
0.0268703 0.00239308
0.0269287 0.0023817
0.026962 0.00244472
0.0269731 0.00251435
0.0269844 0.00253539
0.0269897 0.00255457
0.0269941 0.00257329
0.0269953 0.00259432
0.0269965 0.00265631
0.027 0.00267941
0.0269961 0.00263428
0.0269929 0.00261605
0.0269113 0.00251538
0.0264896 0.00288
0.0267392 0.00251745
0.0266353 0.00272363
0.026745 0.00265569
0.0268432 0.0025459
0.0269527 0.0025269
0.0269755 0.00258532
0.0269882 0.00259545
0.0269914 0.00264492
0.0269952 0.00267878
0.027 0.00270286
0.0268982 0.00262206
0.0269393 0.00262161
0.0266954 0.00288
0.0268468 0.00266021
0.0267706 0.00278505
0.0268288 0.00273647
0.0269657 0.00264727
0.0269832 0.00264902
0.0269913 0.00269657
0.027 0.00273165
0.0269113 0.00269074
0.0269454 0.00270153
0.0269644 0.00272367
0.0268792 0.00278607
0.0268842 0.00274404
0.0268091 0.00288
0.0269137 0.00274399
0.0268514 0.00282256
0.0269801 0.00271664
0.0269899 0.0027407
0.027 0.00276387
0.0269444 0.00275275
0.0269701 0.00276345
0.0269037 0.0028188
0.0269186 0.00279006
0.0268716 0.00288
0.0269424 0.00278896
0.0268939 0.00285198
0.0269866 0.00277895
0.027 0.00279252
0.0269589 0.00278917
0.0269737 0.00279484
0.0269351 0.00282162
0.0269209 0.00284233
0.026949 0.00281266
0.0269817 0.00280751
0.0269066 0.00288
0.0269668 0.00281387
0.0269248 0.00286194
0.0269918 0.00281082
0.027 0.00281204
0.0269546 0.00283312
0.0269402 0.00284289
0.0269655 0.00282797
0.0269817 0.00282249
0.027 0.00282404
0.0269304 0.00288
0.0269761 0.00283151
0.0269423 0.00285745
0.0269439 0.00286917
0.0269915 0.00282643
0.0269687 0.00283945
0.0269642 0.00284581
0.0269541 0.00284956
0.0269764 0.00284107
0.0269846 0.00283487
0.027 0.00283265
0.0269951 0.00283218
0.027 0.00283915
0.0269705 0.00285271
0.0269478 0.00288
0.026983 0.00284383
0.0269561 0.0028626
0.026957 0.00287162
0.0269896 0.00284063
0.0269752 0.00284888
0.0269646 0.0028575
0.026981 0.00284958
0.0269954 0.0028395
0.0269966 0.0028446
0.027 0.00284387
0.0269743 0.00285738
0.0269594 0.00288
0.0269879 0.00284907
0.0269852 0.00285263
0.0269655 0.00286665
0.026966 0.0028733
0.0269924 0.00284717
0.0269814 0.00285538
0.0269709 0.002863
0.0269964 0.00284878
0.027 0.0028477
0.0269762 0.00286387
0.0269796 0.00285954
0.0269677 0.00288
0.0269899 0.00285394
0.0269874 0.00285752
0.0269731 0.00286967
0.0269716 0.00287494
0.0269934 0.00285177
0.0269855 0.00286055
0.026997 0.00285252
0.027 0.00285129
0.0269787 0.0028676
0.0269818 0.0028636
0.0269737 0.00288
0.0269939 0.00285595
0.0269915 0.00285837
0.0269899 0.00286176
0.0269783 0.0028723
0.0269759 0.0028757
0.0269866 0.00286405
0.0269973 0.00285643
0.027 0.00285488
0.0269835 0.00286665
0.0269818 0.00286979
0.0269781 0.00288
0.0269936 0.0028608
0.0269962 0.00285947
0.026993 0.00286396
0.0269902 0.00286586
0.0269828 0.00287316
0.0269799 0.00287618
0.026987 0.00286765
0.027 0.00285847
0.0269847 0.00286997
0.0269818 0.00288
0.0269964 0.00286347
0.027 0.00286206
0.0269936 0.00286704
0.0269902 0.00286927
0.0269831 0.002877
0.0269871 0.00287181
0.0269856 0.00287547
0.0269854 0.00288
0.027 0.00286565
0.0269968 0.00286747
0.0269938 0.00287038
0.026991 0.00287257
0.0269887 0.0028745
0.0269879 0.00287749
0.0269891 0.00288
0.027 0.00286923
0.026997 0.00287144
0.026994 0.0028738
0.0269913 0.00287658
0.0269927 0.00288
0.027 0.00287282
0.0269971 0.00287466
0.0269946 0.00287708
0.0269964 0.00288
0.027 0.00287641
0.0269977 0.00287773
0.027 0.00288
