0.057 0.019
0.057 0.0171
0.055853 0.019
0.0558529 0.01805
0.0558529 0.0171
0.0548612 0.019
0.054861 0.01805
0.0548609 0.0171
0.0538693 0.019
0.0538691 0.01805
0.0538689 0.0171
0.0528775 0.019
0 0.019
0.0528772 0.01805
0.052877 0.0171
0.0518857 0.019
0.051885 0.0171
0 0.018
0.001 0.019
0 0.017
0 0.015
0 0.016
0.00075 0.0175
0 0.014
0.0518853 0.01805
0.0508938 0.019
0.050893 0.0171
0.00133333 0.0183333
0.002 0.019
0.000714286 0.0147143
0.00075 0.01675
0.000833333 0.0156667
0.0015 0.0175
0 0.013
0.00075 0.01375
0.0015 0.0145
0.0503975 0.01805
0.049902 0.019
0.0499011 0.0171
0 0.01
0 0.009
0 0.008
0 0.007
0 0.011
0 0.012
0.000692308 0.0106923
0 0.004
0 0.003
0 0.002
0.00225 0.01825
0.00266667 0.0176667
0.003 0.019
0.001875 0.01525
0.002 0.017
0.00166667 0.0163333
0.0007 0.0127
0.0014 0.0134
0.0021 0.0141
0.0494056 0.01805
0.0489102 0.019
0.0489091 0.0171
0.000692308 0.00976923
0.000692308 0.00830769
0.000727273 0.00727273
0 0.006
0.0007 0.0063
0 0.005
0.00075 0.0116667
0.00138462 0.0105385
0 0
0.000666667 0.00333333
0.000714286 0.00428571
0 0.001
0.00075 0.00225
0.00075 0.0015
0.00333333 0.0183333
0.00285714 0.0168571
0.00357143 0.0175714
0.004 0.019
0.0028 0.0148
0.0025 0.016
0.00145455 0.0124545
0.00218182 0.0131818
0.00290909 0.0139091
0.0484137 0.01805
0.0479183 0.019
0.0479171 0.0171
0.00155769 0.00963462
0.00173077 0.00873077
0.00138462 0.00761538
0.00145455 0.00654545
0.000777778 0.00533333
0.00207692 0.0113077
0.00221538 0.0102923
0.001 0
0.00166667 0.00266667
0.0015 0.00375
0.00155556 0.00466667
0.00133333 0.000666667
0.0015 0.0015
0.002 0.002
0.00428571 0.0182857
0.00375 0.01675
0.0045 0.0175
0.005 0.019
0.00363636 0.0146364
0.00381818 0.0153636
0.00445455 0.0160909
0.00276923 0.0120769
0.00311538 0.0127692
0.00346154 0.0134615
0.0474218 0.01805
0.0469265 0.019
0.0469252 0.0171
0.00235385 0.00927692
0.00207692 0.00801923
0.00207692 0.00692308
0.00227778 0.005
0.00218182 0.00581818
0.00306593 0.010978
0.0032044 0.00996264
0.002 0
0.00225 0.003125
0.00233333 0.004
0.00304167 0.00433333
0.00225 0.00075
0.00285714 0.00214286
0.00266667 0.00133333
0.00525 0.01825
0.0049 0.0169
0.0056 0.0176
0.00534266 0.016007
0.006 0.019
0.00415385 0.0141538
0.00484615 0.0148462
0.00380769 0.0118974
0.00438462 0.0130513
0.0464299 0.01805
0.0459347 0.019
0.0459332 0.0171
0.00308571 0.00852527
0.00294231 0.0071891
0.00276923 0.00623077
0.003 0.00533333
0.00405494 0.0106484
0.00398242 0.00887253
0.00404176 0.00959121
0.003 0
0.003 0.003
0.0035 0.0035
0.00375 0.00466667
0.00375 0.00225
0.00333333 0.000666667
0.00357143 0.00142857
0.0063 0.0183
0.00581818 0.0168182
0.00654545 0.0175455
0.00553846 0.0151538
0.00623077 0.0159231
0.007 0.019
0.00512308 0.0137231
0.00576346 0.0141692
0.00530769 0.0129744
0.00454945 0.0111978
0.00492857 0.0120861
0.045438 0.01805
0.0449428 0.019
0.0449412 0.0171
0.00381758 0.00777363
0.00380769 0.00635897
0.00377885 0.00551282
0.00504396 0.0103187
0.00471429 0.00812088
0.00487912 0.00921978
0.004 0
0.004625 0.00505556
0.0042 0.0028
0.0045 0.004
0.0045 0.0015
0.00428571 0.000714286
0.00727273 0.0182727
0.00692308 0.0166923
0.00761538 0.0176154
0.00640385 0.0146154
0.00715385 0.0152821
0.008 0.019
0.00609231 0.0132923
0.00623077 0.0122308
0.00588462 0.0115385
0.0444461 0.01805
0.043951 0.019
0.0439493 0.0171
0.00454945 0.00702198
0.00465385 0.00590171
0.00543956 0.00741758
0.00603297 0.00998901
0.00583516 0.00913187
0.00563736 0.00827473
0.0055 0.00544444
0.005 0
0.0054 0.0044
0.00509091 0.00218182
0.00553846 0.00346154
0.00509091 0.00290909
0.00544444 0.00133333
0.00825 0.0183333
0.00796154 0.0163462
0.00830769 0.0173077
0.00726923 0.0140769
0.00830769 0.0155641
0.00807692 0.014641
0.009 0.019
0.00706154 0.0128615
0.00715385 0.0118205
0.00659341 0.0109048
0.0434542 0.01805
0.0429592 0.019
0.0429573 0.0171
0.00588462 0.00661538
0.00632967 0.00781319
0.00702198 0.00965934
0.00721978 0.00820879
0.00667582 0.00873626
0.006375 0.00583333
0.0063 0.0048
0.006 0
0.00640385 0.00409615
0.00581818 0.00218182
0.00623077 0.00276923
0.00654545 0.00145455
0.00636364 0.000727273
0.009 0.018
0.009 0.016
0.009 0.017
0.00813462 0.0135385
0.00978947 0.015
0.009 0.015
0.009 0.014
0.01 0.019
0.0100526 0.018
0.00803077 0.0124308
0.00749176 0.0104194
0.00796154 0.0111795
0.0424623 0.01805
0.0419673 0.019
0.0419653 0.0171
0.00692308 0.00674359
0.00759066 0.00754029
0.00810989 0.00943956
0.00810989 0.0086044
0.0072 0.0058
0.00726923 0.00473077
0.00731056 0.00384295
0.007 0
0.00715385 0.00284615
0.00692308 0.00207692
0.0075 0.00133333
0.0103947 0.0145
0.01 0.017
0.0104211 0.0155
0.00984211 0.016
0.009 0.013
0.00973684 0.014
0.011 0.014
0.011 0.018
0.012 0.019
0.011 0.019
0.011 0.017
0.009 0.012
0.00855494 0.0102198
0.009 0.011
0.0409755 0.019
0.0414704 0.01805
0.0409734 0.0171
0.00796154 0.00687179
0.00855494 0.0078022
0.009 0.009
0.0081 0.0056
0.00813462 0.00461538
0.00821727 0.00358974
0.008 0
0.00825 0.000666667
0.00796154 0.00253846
0.00830263 0.00166667
0.011 0.015
0.011 0.016
0.0117368 0.014
0.01 0.013
0.0110132 0.01325
0.0103684 0.012
0.013 0.019
0.013 0.018
0.012 0.018
0.012 0.017
0.01 0.011
0.00952632 0.01
0.0399837 0.019
0.0404785 0.01805
0.0399814 0.0171
0.0389918 0.019
0.009 0.006
0.009 0.007
0.00942105 0.008
0.01 0.009
0.009 0.005
0.00921053 0.004
0.009 0.003
0.009 0
0.00905263 0.001
0.00910526 0.002
0.0123684 0.0135
0.0123947 0.0145
0.0117895 0.015
0.012 0.016
0.0116842 0.013
0.0110263 0.0125
0.011 0.011
0.014 0.019
0.0139474 0.018
0.013 0.017
0.013 0.016
0.011 0.01
0.011 0.009
0.0389906 0.01805
0.0389895 0.0171
0.038 0.019
0.00984211 0.006
0.01 0.007
0.0105789 0.008
0.01 0.005
0.01 0.004
0.01 0.003
0.01 0
0.01 0.001
0.01 0.002
0.015 0.019
0.013 0.013
0.013 0.014
0.013 0.015
0.012 0.011
0.012 0.012
0.013 0.012
0.015 0.018
0.0141053 0.017
0.0138421 0.016
0.0114211 0.008
0.012 0.01
0.012 0.009
0.038 0.0171
0.037 0.019
0.038 0.01805
0.0106842 0.006
0.0113684 0.007
0.011 0.005
0.011 0.004
0.0111579 0.003
0.011 0
0.0111053 0.002
0.0109474 0.001
0.016 0.019
0.016 0.018
0.018 0.019
0.017 0.019
0.014 0.013
0.014 0.014
0.014 0.015
0.013 0.011
0.014 0.012
0.015 0.017
0.015 0.015
0.015 0.016
0.019 0.019
0.02 0.019
0.0122105 0.008
0.0121842 0.007
0.0137105 0.0105
0.013 0.008
0.013 0.01
0.013 0.009
0.0370384 0.0170864
0.036 0.019
0.0365465 0.0180068
0.012 0.006
0.012 0.005
0.012 0.004
0.012 0.003
0.012 0
0.012 0.002
0.012 0.001
0.0169474 0.018
0.016 0.017
0.018 0.018
0.0148421 0.013
0.015 0.014
0.015 0.012
0.0144737 0.01
0.0144211 0.011
0.0158421 0.016
0.0157895 0.015
0.0190526 0.018
0.0200526 0.018
0.021 0.019
0.013 0.007
0.013 0.006
0.014 0.008
0.014 0.009
0.0361078 0.0170461
0.035 0.019
0.0355798 0.0179978
0.034 0.019
0.013 0.005
0.0127895 0.004
0.014 0.005
0.0134211 0.0035
0.0128421 0.003
0.013 0
0.013 0.002
0.013 0.001
0.022 0.019
0.024 0.019
0.023 0.019
0.0171053 0.017
0.018 0.017
0.0168421 0.016
0.0188947 0.017
0.015 0.009
0.016 0.014
0.0158158 0.012
0.0156842 0.013
0.0155789 0.011
0.0155263 0.01
0.0174211 0.0155
0.0167895 0.015
0.021 0.018
0.0201053 0.017
0.0219474 0.018
0.014 0.006
0.014 0.007
0.015 0.008
0.025 0.019
0.027 0.019
0.026 0.019
0.03515 0.0169727
0.0348061 0.0179657
0.0340324 0.0179336
0.033 0.019
0.0147368 0.005
0.014 0.004
0.014 0.003
0.014 0
0.014 0.002
0.014 0.001
0.023 0.018
0.025 0.018
0.024 0.018
0.018 0.016
0.0191579 0.016
0.016 0.009
0.017 0.014
0.0165789 0.011
0.0166316 0.012
0.0166842 0.013
0.0165263 0.01
0.018 0.015
0.018 0.014
0.021 0.017
0.0201579 0.016
0.0221053 0.017
0.015 0.006
0.0153684 0.007
0.016 0.008
0.028 0.019
0.029 0.019
0.032 0.019
0.03 0.019
0.031 0.019
0.0258998 0.0181154
0.0268973 0.0182593
0.0278228 0.017898
0.0340657 0.0168374
0.0330325 0.017786
0.0321033 0.0180184
0.0155 0.005
0.0152105 0.004
0.015 0.003
0.015 0
0.0151053 0.002
0.0150526 0.001
0.0257997 0.0172308
0.023 0.017
0.0248947 0.017
0.024 0.017
0.019 0.015
0.0202105 0.015
0.0167632 0.009
0.018 0.013
0.0174211 0.011
0.0173684 0.012
0.0174737 0.01
0.019 0.014
0.021 0.015
0.021 0.016
0.023 0.016
0.0221579 0.016
0.0163158 0.006
0.0163684 0.007
0.0170789 0.00725
0.017 0.008
0.0287456 0.0175377
0.0288711 0.0182593
0.0298361 0.0181559
0.0313506 0.0181388
0.0305978 0.0182593
0.0313934 0.0173283
0.0265484 0.0173028
0.027415 0.0170859
0.0283079 0.0168
0.0330637 0.016625
0.0322033 0.0170686
0.0162632 0.005
0.017 0.005
0.0162105 0.004
0.016 0.003
0.0161053 0.002
0.016 0
0.0160526 0.001
0.0261995 0.0163463
0.0238421 0.016
0.0248421 0.016
0.02 0.014
0.021 0.014
0.0175263 0.009
0.019 0.013
0.0186316 0.012
0.0182105 0.011
0.0185263 0.01
0.02 0.013
0.022 0.015
0.0237895 0.015
0.023 0.015
0.022 0.014
0.0174474 0.00575
0.0171579 0.0065
0.018 0.007
0.018 0.008
0.0290064 0.0166492
0.0296769 0.0173366
0.031435 0.0165413
0.030631 0.0172562
0.0273148 0.0161537
0.0283358 0.0159618
0.0323 0.01615
0.017 0.004
0.0177368 0.005
0.0175789 0.0035
0.017 0.003
0.017 0.002
0.017 0.001
0.017 0
0.0257207 0.0157308
0.0265994 0.0154617
0.0247895 0.015
0.021 0.013
0.019 0.008
0.019 0.009
0.021 0.012
0.0193684 0.012
0.019 0.011
0.0194737 0.01
0.0201842 0.012
0.023 0.014
0.0237368 0.014
0.0223158 0.013
0.0196316 0.007
0.0183158 0.006
0.0188158 0.007
0.0317234 0.0158198
0.0290868 0.0156962
0.0298214 0.0163176
0.0306364 0.015986
0.0282304 0.0150962
0.0274325 0.0153246
0.0330637 0.015675
0.0323 0.0152633
0.019 0.005
0.0182105 0.004
0.019 0.004
0.0181579 0.003
0.018 0.002
0.018 0.001
0.018 0
0.0243684 0.0135
0.0269948 0.0145869
0.0259974 0.0142935
0.025 0.014
0.022 0.012
0.02 0.009
0.02 0.008
0.0204737 0.01
0.0215789 0.011
0.0204211 0.011
0.0236842 0.013
0.023 0.012
0.021 0.008
0.0206316 0.007
0.0196842 0.006
0.0273844 0.0137249
0.0315289 0.0150342
0.0290283 0.0148679
0.0298377 0.0154307
0.0305026 0.0150533
0.0282063 0.0142964
0.0340657 0.0154626
0.0330637 0.0147929
0.0323 0.0143767
0.03515 0.0153273
0.0197368 0.005
0.019 0.003
0.0197895 0.004
0.0203684 0.0055
0.019 0.001
0.019 0.002
0.019 0
0.025 0.013
0.0265896 0.0134833
0.0259247 0.0129543
0.0224211 0.011
0.022 0.01
0.021 0.009
0.0212368 0.01
0.024 0.012
0.0232105 0.011
0.0217895 0.008
0.0213684 0.007
0.021 0.006
0.0277741 0.0128629
0.0313344 0.0142486
0.029387 0.0139904
0.0303689 0.0141206
0.0286947 0.0129904
0.0323 0.01349
0.0339775 0.0143937
0.0330637 0.0139107
0.0350514 0.0142555
0.0361078 0.0152539
0.0360313 0.0143288
0.0205263 0.0045
0.0198421 0.003
0.0203947 0.0035
0.0212632 0.005
0.02 0.001
0.02 0.002
0.02 0
0.0257614 0.0122387
0.025 0.012
0.0265227 0.0124774
0.023 0.01
0.022 0.009
0.0225789 0.008
0.024 0.011
0.0237632 0.01
0.025 0.011
0.0226316 0.007
0.022 0.006
0.022 0.005
0.0271208 0.0120006
0.0281637 0.0120009
0.0309271 0.0136586
0.0314853 0.0131967
0.0294006 0.0131768
0.0301065 0.0133632
0.0290039 0.0121232
0.0323 0.0126033
0.0329 0.0129268
0.0338892 0.0133248
0.0359548 0.0134038
0.0349529 0.0131837
0.0370384 0.0152136
0.0370384 0.0142614
0.0368833 0.0133024
0.0212105 0.004
0.021 0.003
0.022 0.004
0.0209474 0.001
0.021 0.002
0.021 0
0.0260546 0.0113336
0.0267987 0.0110703
0.0234737 0.009
0.0234211 0.008
0.0245263 0.01
0.0242368 0.009
0.0254989 0.010164
0.0233684 0.007
0.023 0.006
0.0227368 0.005
0.027676 0.0106108
0.0285533 0.0111388
0.0306705 0.0129034
0.0314853 0.0124847
0.0298441 0.0126058
0.0295033 0.0112853
0.0323 0.0117167
0.0330637 0.0121464
0.0340657 0.0122103
0.0361078 0.0123769
0.0348543 0.0121118
0.0368058 0.0123467
0.038 0.0152
0.038 0.0141636
0.038 0.0131273
0.023 0.004
0.022 0.003
0.022 0.001
0.022 0.002
0.022 0
0.0267987 0.0100827
0.027965 0.00997478
0.0242237 0.00825
0.0242105 0.0075
0.025 0.009
0.0259978 0.00932802
0.0241053 0.00675
0.024 0.006
0.024 0.005
0.0289353 0.0102938
0.0314693 0.0113654
0.0304525 0.0118812
0.0297872 0.010654
0.0323 0.01083
0.0329884 0.0114802
0.0337163 0.0112302
0.0347557 0.01104
0.0361078 0.011418
0.0361078 0.010459
0.0370384 0.0114045
0.038 0.0120909
0.0389971 0.0152
0.0388158 0.0131273
0.0389065 0.0141636
0.0387252 0.0120909
0.0231579 0.003
0.0242105 0.004
0.024 0.003
0.0231053 0.002
0.023 0.001
0.023 0
0.02719 0.00923058
0.0284649 0.00916783
0.025 0.008
0.025 0.007
0.0259548 0.00812506
0.0267528 0.00859078
0.025 0.006
0.025 0.005
0.0293148 0.0094543
0.0314693 0.0106976
0.0306386 0.0105652
0.0303211 0.00961915
0.0323 0.00994333
0.0330637 0.0103821
0.0340657 0.0100421
0.03515 0.0100298
0.0370384 0.0104523
0.0361078 0.0095
0.038 0.0110545
0.0399968 0.0152
0.0399059 0.0141636
0.039815 0.0131273
0.0396333 0.0115727
0.0389971 0.0110545
0.025 0.004
0.024 0.002
0.025 0.003
0.024 0.001
0.024 0
0.0257875 0.00446009
0.0278474 0.00797953
0.0287708 0.00829718
0.0258612 0.00630136
0.0260335 0.00715794
0.027067 0.00731587
0.0259912 0.00519026
0.0296942 0.00861483
0.0314314 0.0095005
0.0323 0.00905667
0.0305628 0.00876211
0.0330637 0.0095
0.033785 0.00920875
0.0345586 0.00889641
0.0355616 0.00865005
0.0377911 0.0102352
0.0404512 0.0136455
0.0402694 0.0120909
0.0375192 0.00950681
0.0370384 0.00854773
0.0385439 0.0100182
0.036418 0.00756863
0.0409965 0.0152
0.0409965 0.0141636
0.0409965 0.0131273
0.0399968 0.0100182
0.0403603 0.0110545
0.0257592 0.00348564
0.025 0.002
0.025949 0.00261041
0.025 0
0.025 0.001
0.0267788 0.00465035
0.026575 0.00392017
0.0292431 0.00748473
0.0284126 0.00719411
0.0269825 0.00538052
0.0277788 0.00647691
0.026854 0.00631818
0.0300737 0.00777535
0.0315579 0.00862956
0.0326273 0.00834643
0.0309067 0.00766036
0.0334645 0.00818026
0.03446 0.0078246
0.0354806 0.00767031
0.0377458 0.00876477
0.0412691 0.0120909
0.0363405 0.006613
0.0371996 0.00775481
0.0384532 0.00898182
0.038 0.00794545
0.0394515 0.00898182
0.0370384 0.00664319
0.0405421 0.00898182
0.0419961 0.0141636
0.0419961 0.0152
0.0419961 0.0131273
0.04136 0.0110545
0.0414508 0.0100182
0.0266551 0.00299577
0.0259487 0.00137037
0.0266078 0.00191724
0.026 0
0.0276662 0.00447571
0.0273612 0.00338113
0.0295617 0.00678289
0.0286703 0.00630296
0.0279712 0.00557029
0.0304531 0.00693588
0.0317397 0.00754536
0.0325727 0.00743036
0.0314857 0.00672508
0.0330637 0.00685357
0.0340657 0.00678971
0.03515 0.00685124
0.0419961 0.0120909
0.0419507 0.0105364
0.0415417 0.00898182
0.0353166 0.0056869
0.0370384 0.00569092
0.0361078 0.00566409
0.038 0.00690909
0.0393606 0.00794545
0.0389971 0.00690909
0.0399514 0.00846364
0.0378397 0.00570227
0.0409965 0.00794545
0.0429958 0.0152
0.0429958 0.0141636
0.0429958 0.0131273
0.0427231 0.0120909
0.0425414 0.0100182
0.0426323 0.0110545
0.0424505 0.00898182
0.027267 0.00246411
0.0272367 0.00138061
0.0268973 0.000740746
0.027 0
0.0286865 0.00489205
0.0280725 0.00376264
0.0281231 0.00285881
0.0298724 0.00593521
0.0292795 0.00541363
0.030823 0.00611767
0.0325182 0.00651429
0.0318928 0.00611754
0.0333008 0.00619735
0.0340657 0.00570559
0.0419961 0.00794545
0.03515 0.00473223
0.0361078 0.00470511
0.0370384 0.00473865
0.0389971 0.00587273
0.0399968 0.00690909
0.038 0.00483636
0.0409965 0.00690909
0.0419961 0.00690909
0.0439954 0.0141636
0.0439954 0.0152
0.0439954 0.0131273
0.0439954 0.0120909
0.0433593 0.0110545
0.0435411 0.00898182
0.0434502 0.0100182
0.0429958 0.00794545
0.0280063 0.0021606
0.0288849 0.00233648
0.0278656 0.000843972
0.028 0
0.0294019 0.00421381
0.0291202 0.00319719
0.0301039 0.00432145
0.029954 0.00513533
0.0311922 0.00530075
0.0323 0.00551
0.0332217 0.0052399
0.0340657 0.00462148
0.0429958 0.00690909
0.038 0.0038
0.03515 0.00367272
0.0361078 0.00374613
0.0370384 0.00378638
0.04395 0.0105364
0.0389971 0.00483636
0.0409965 0.00587273
0.0399968 0.00587273
0.0389971 0.0038
0.0418144 0.00587273
0.0429958 0.00587273
0.0449951 0.0152
0.0449951 0.0141636
0.0449951 0.0131273
0.0447225 0.0120909
0.0446316 0.0110545
0.0439954 0.00794545
0.0449951 0.00898182
0.0445407 0.0100182
0.0439954 0.00690909
0.0300332 0.00268581
0.0296468 0.00181416
0.0286151 0.000792351
0.0287456 0.00146232
0.029 0
0.0308845 0.0029381
0.0301173 0.00353556
0.0308059 0.0044291
0.0315615 0.00448383
0.0323 0.00462333
0.0330637 0.00420714
0.0340657 0.00353736
0.0399968 0.00483636
0.0453132 0.0105364
0.0429958 0.00483636
0.0409056 0.00483636
0.0399968 0.0038
0.042087 0.00483636
0.0441772 0.00587273
0.0439046 0.00483636
0.0459948 0.0152
0.045813 0.0131273
0.0460856 0.0141636
0.0457221 0.0120909
0.0459948 0.0110545
0.0449951 0.00794545
0.0457676 0.00898182
0.0459948 0.0100182
0.0452677 0.00690909
0.030546 0.00216523
0.0301223 0.00127745
0.0293646 0.00074073
0.03 0
0.031435 0.0024587
0.0314983 0.00347127
0.0323 0.00373667
0.0330637 0.003325
0.0429958 0.0038
0.0464037 0.0126091
0.0409965 0.0038
0.0419961 0.0038
0.0439954 0.0038
0.0451769 0.00587273
0.0449951 0.00483636
0.0469944 0.0152
0.0469944 0.0131273
0.0469944 0.0141636
0.0469944 0.0120909
0.0468127 0.0110545
0.0459948 0.00690909
0.0459948 0.00794545
0.04654 0.00898182
0.0469944 0.0100182
0.0459948 0.00587273
0.031 0
0.0311801 0.00146232
0.0305978 0.000740746
0.031881 0.00193144
0.0323 0.00285
0.032 0
0.0449951 0.0038
0.04654 0.00535455
0.0459948 0.00483636
0.0477215 0.0120909
0.0479941 0.0152
0.0479941 0.0131273
0.0479941 0.0141636
0.0476306 0.0110545
0.0467218 0.00690909
0.0469944 0.00794545
0.0484485 0.0100182
0.0479941 0.00898182
0.0471762 0.00587273
0.0327192 0.00160577
0.0321033 0.000981606
0.0330637 0.002375
0.033 0
0.0483576 0.0115727
0.0459948 0.0038
0.0479941 0.00794545
0.0470853 0.00483636
0.0469944 0.0038
0.0489938 0.0120909
0.0489938 0.0131273
0.0489938 0.0152
0.0489938 0.0141636
0.0489938 0.0110545
0.049539 0.0100182
0.0479941 0.00690909
0.0489938 0.00898182
0.0479941 0.00483636
0.0479941 0.00587273
0.0335255 0.0010664
0.0340657 0.00216264
0.034 0
0.0489938 0.00794545
0.0496299 0.0115727
0.0479941 0.0038
0.0502661 0.0120909
0.0499934 0.0131273
0.0499934 0.0152
0.0499934 0.0141636
0.0499934 0.00898182
0.0503569 0.0110545
0.0504478 0.0100182
0.0489938 0.00587273
0.0492664 0.00690909
0.0499934 0.00794545
0.0489938 0.00483636
0.0345685 0.00100221
0.03515 0.00202728
0.035 0
0.0489938 0.0038
0.0512579 0.0112164
0.0509931 0.0120909
0.0509931 0.0131273
0.0509931 0.0141636
0.0509931 0.0152
0.0509931 0.00898182
0.0515227 0.0103419
0.0499934 0.00483636
0.0499934 0.00690909
0.0499934 0.00587273
0.0509931 0.00690909
0.0509931 0.00794545
0.0499934 0.0038
0.0355798 0.00100221
0.0361078 0.00195387
0.036 0
0.0518941 0.0092926
0.051744 0.0144226
0.0520641 0.0114592
0.0525976 0.0106656
0.051744 0.0124797
0.0521194 0.0131922
0.0519928 0.0152
0.0519317 0.00849589
0.0527952 0.00960338
0.0509022 0.00483636
0.0508113 0.00587273
0.0515108 0.00635844
0.051744 0.00721126
0.0509931 0.0038
0.0365465 0.000993201
0.0370384 0.00191362
0.037 0
0.0528327 0.00880667
0.0524948 0.0139048
0.0536962 0.00991417
0.0536725 0.0109894
0.0528702 0.011702
0.0529954 0.0124366
0.0532457 0.0132571
0.0529924 0.0152
0.0518051 0.00468825
0.0528702 0.00800996
0.0537525 0.0087191
0.0526825 0.00724351
0.0520285 0.0058078
0.0524948 0.00647706
0.0519928 0.0038
0.0375192 0.000956811
0.038 0.0019
0.038 0
0.0536603 0.0145095
0.0545972 0.00927495
0.0545972 0.0102249
0.0547474 0.0113131
0.0538345 0.0117994
0.0539965 0.0126095
0.0543283 0.013819
0.0539921 0.0152
0.0527081 0.00454014
0.0546536 0.00807988
0.0538088 0.00752404
0.0539738 0.00677223
0.0532457 0.00574287
0.0529924 0.0038
0.0384947 0.00095
0.0389895 0.0019
0.0389918 0
0.0547441 0.0144238
0.0554983 0.00958573
0.0554983 0.00863573
0.0554983 0.0105357
0.0554983 0.0113143
0.054854 0.0122394
0.0549962 0.0131285
0.055496 0.0136476
0.0549917 0.0152
0.0536603 0.00449049
0.0554983 0.00768573
0.0541387 0.00602042
0.0547474 0.00703811
0.0543283 0.00518098
0.0539921 0.0038
0.0394866 0.00095
0.0399814 0.0019
0.0399837 0
0.0556612 0.0145111
0.056248 0.0136499
0.0562491 0.00975835
0.0562847 0.00824084
0.0562847 0.0107592
0.0561655 0.0117476
0.0561985 0.0127161
0.0559914 0.0152
0.0547441 0.00457622
0.0561655 0.00725244
0.0553309 0.00656195
0.0549962 0.00587147
0.055496 0.00535244
0.0549917 0.0038
0.0404785 0.00095
0.0409734 0.0019
0.0409755 0
0.057 0.0141711
0.057 0.0131332
0.057 0.00898098
0.057 0.010019
0.057 0.00794293
0.057 0.0110571
0.057 0.0120951
0.057 0.0152
0.0556612 0.00448895
0.057 0.00690488
0.056248 0.00535013
0.056248 0.00612866
0.0559914 0.0038
0.0414704 0.00095
0.0419653 0.0019
0.0419673 0
0.057 0.00482886
0.057 0.00586684
0.057 0.0038
0.0429573 0.0019
0.0424623 0.00095
0.0429592 0
0.0439493 0.0019
0.0434542 0.00095
0.043951 0
0.0449412 0.0019
0.0444461 0.00095
0.0449428 0
0.0459347 0
0.0459332 0.0019
0.0459339 0.00095
0.0469265 0
0.0469252 0.0019
0.0474218 0.00095
0.0479183 0
0.0479171 0.0019
0.0484137 0.00095
0.0489102 0
0.0489091 0.0019
0.0494056 0.00095
0.049902 0
0.0499011 0.0019
0.0503975 0.00095
0.0508938 0
0.050893 0.0019
0.0513894 0.00095
0.0518857 0
0.051885 0.0019
0.0528772 0.00095
0.0528775 0
0.052877 0.0019
0.0538689 0.0019
0.0538693 0
0.0538691 0.00095
0.0548609 0.0019
0.055357 0.00095
0.0548612 0
0.0558529 0.0019
0.0563736 0.000862324
0.055853 0
0.057 0.0019
0.057 0
