0 0.00999977
0 0.00700116
0 0.00900023
0 0.0080007
0.000739967 0.00727336
0.000704435 0.00976945
0 0.0109993
0.000704435 0.0106921
0 0.0119988
0 0.00400256
0 0.0050021
0 0.00600163
0 0.00100396
0 0
0 0.00300303
0 0.00200349
0.000677177 0.00133566
0.00129484 0.00654603
0.000704435 0.00830791
0.00140887 0.00761558
0.00140887 0.0095643
0.00140887 0.0105387
0.00140887 0.0113844
0.000739967 0.0117266
0 0.0129984
0.000678178 0.0127767
0.000677928 0.00333547
0.000726512 0.00428751
0.00076295 0.00525143
0.00194226 0.00581869
0.00101353 0
0.00121982 0.00240154
0.00203378 0.00200128
0.00152478 0.00150151
0.00152365 0.000750757
0.00211331 0.00692326
0.00176109 0.00873096
0.00225419 0.00795402
0.00211331 0.00984633
0.00211331 0.0108207
0.00203491 0.0122498
0 0.0139979
0.00194226 0.0131813
0.00076295 0.0137486
0.00145302 0.00357293
0.0015259 0.00450122
0.00281774 0.00623093
0.00258968 0.00509135
0.00203153 0
0.00254279 0.00300082
0.00271171 0.00166737
0.00228716 0.000750757
0.00281774 0.00720529
0.00327059 0.00789026
0.00281774 0.00915401
0.00271321 0.0129998
0.00281774 0.0120771
0.00281774 0.0101284
0.00281774 0.0111027
0 0.0149974
0.000726512 0.0147125
0.00213649 0.0140992
0.0015259 0.0144988
0.00372344 0.00648365
0.00271271 0.00388954
0.00332975 0.00479573
0.00352218 0.0055386
0.00339089 0.00311163
0.00304955 0
0.00381475 0.00225061
0.00363256 0.00142917
0.00338964 0.000667094
0.00402534 0.00754225
0.00372344 0.00857523
0.00372344 0.00944519
0.00352218 0.0128463
0.00339152 0.0137499
0.00372344 0.0117804
0.00372344 0.010806
0 0.015997
0.00135586 0.0156653
0.00284865 0.0147993
0.00228885 0.015249
0.00369984 0.014636
0.00462915 0.00673638
0.00446142 0.00594884
0.00388452 0.00363668
0.00406982 0.00450012
0.00469623 0.0050514
0.00427297 0.00280047
0.00406757 0
0.0045777 0.00150041
0.00435907 0.000714585
0.00422661 0.0141537
0.00462915 0.00799645
0.00462915 0.00886642
0.00462915 0.00973638
0.00462915 0.0105093
0.00446142 0.0128719
0.00462915 0.0114836
0 0.0169965
0.00121982 0.0165985
0.00203378 0.016499
0.00254279 0.0159992
0.00339089 0.0158884
0.0044398 0.0153633
0.00553485 0.00741767
0.00540067 0.00602574
0.00493105 0.00415395
0.00569418 0.0051956
0.00517936 0.00218201
0.00563548 0.00346163
0.00517977 0.00290934
0.0056973 0.00140023
0.00508559 0
0.00534065 0.000750204
0.00516586 0.0136411
0.00493105 0.0143847
0.00540067 0.0128975
0.00583675 0.0083847
0.0053839 0.00910907
0.00553485 0.0111869
0.00553485 0.0100276
0.00540067 0.0118975
0 0.017996
0.000677177 0.0176643
0.00182973 0.017399
0.00271171 0.0173326
0.00317849 0.0167494
0.00453194 0.0160907
0.00406907 0.0166663
0.00542643 0.0159999
0.00563548 0.0151539
0.00644055 0.00724183
0.00633992 0.0062693
0.0059877 0.00436547
0.00662169 0.00529237
0.00651603 0.00359622
0.00591974 0.00218201
0.00633992 0.0027693
0.00665971 0.00145467
0.00640946 0.000700116
0.0061036 0
0.0059877 0.0140385
0.00633992 0.0129231
0.0065915 0.00829677
0.00613865 0.00935172
0.00633992 0.0114231
0.00644055 0.0103188
0.00680954 0.012186
0 0.019
0.00101353 0.019
0.00152365 0.0182492
0.00243964 0.0181995
0.00338964 0.0183329
0.00363256 0.0175708
0.00498514 0.0168997
0.0045777 0.0174996
0.00610473 0.0167499
0.00651603 0.0148655
0.00633992 0.0159231
0.00746701 0.00586158
0.00727916 0.00717953
0.00734625 0.00820884
0.00704435 0.00457698
0.00766954 0.00505004
0.00739657 0.00373081
0.00727916 0.0028462
0.00704435 0.00207698
0.00774879 0.00138465
0.00739967 0.000727336
0.00712162 0
0.00704435 0.0136924
0.00727916 0.0129488
0.0068934 0.00926379
0.00727916 0.0109488
0.00734625 0.00987917
0.00784255 0.0117116
0.00304955 0.019
0.00203153 0.019
0.00406757 0.019
0.00435907 0.0182854
0.00534065 0.0182498
0.00582678 0.0175453
0.00704435 0.0166924
0.00665971 0.0175453
0.00739657 0.014577
0.0076084 0.0153526
0.00782023 0.0161282
0.00829472 0.0055231
0.00831234 0.00643079
0.00825196 0.00774728
0.00825196 0.00860442
0.00827711 0.00386541
0.00827711 0.00461541
0.00821841 0.0029231
0.00810101 0.00203849
0.00845322 0.000692326
0.00813964 0
0.00827711 0.0142885
0.00827711 0.0135385
0.00840594 0.0124744
0.00825196 0.00943958
0.00821841 0.0104744
0.00887556 0.0112372
0.00508559 0.019
0.0061036 0.019
0.0064742 0.0182727
0.00739967 0.0182727
0.00774879 0.0176153
0.00836129 0.0153077
0.00848894 0.0165641
0.00908327 0.0062154
0.00915766 0.005
0.00915766 0.007
0.00915766 0.008
0.00915766 0.009
0.00915766 0.003
0.00915766 0.004
0.00915766 0.002
0.00915766 0.001
0.00915766 0
0.00937198 0.015
0.00915766 0.014
0.00915766 0.013
0.00953272 0.012
0.00915766 0.01
0.0095863 0.011
0.00712162 0.019
0.00980062 0.0135
0.00813964 0.019
0.00845322 0.0183077
0.00845322 0.0173077
0.0093184 0.016
0.00915766 0.017
0.0101757 0.009
0.0098542 0.006
0.00990778 0.005
0.0101757 0.007
0.0101757 0.008
0.0101757 0.004
0.0100149 0.003
0.0101221 0.001
0.0100685 0.002
0.0101757 0
0.0101757 0.016
0.0101757 0.015
0.0104436 0.014
0.0104972 0.013
0.0105507 0.012
0.0106043 0.011
0.0106579 0.01
0.00915766 0.019
0.00915766 0.018
0.0101757 0.017
0.0111937 0.008
0.0111937 0.009
0.0108722 0.006
0.0109258 0.005
0.0111937 0.007
0.0109794 0.004
0.011033 0.003
0.0111401 0.001
0.0111937 0.002
0.0111937 0
0.0111937 0.016
0.011408 0.015
0.0111937 0.014
0.0115152 0.013
0.0116223 0.011
0.0115688 0.012
0.0116759 0.01
0.0101757 0.019
0.0102293 0.018
0.0113009 0.017
0.0111937 0.018
0.0122117 0.017
0.0119438 0.005
0.0122117 0.008
0.0122117 0.009
0.0118902 0.006
0.0122117 0.007
0.0122117 0.004
0.012051 0.003
0.0121581 0.001
0.0121046 0.002
0.0122117 0
0.0123725 0.016
0.0122117 0.015
0.0122117 0.014
0.0125332 0.013
0.012426 0.011
0.0125868 0.012
0.0126939 0.01
0.0111937 0.019
0.0122117 0.019
0.0122117 0.018
0.0132297 0.017
0.0129618 0.005
0.0132297 0.007
0.0132297 0.009
0.0132297 0.008
0.0132297 0.006
0.0130154 0.004
0.0131762 0.001
0.013069 0.003
0.0132297 0.002
0.0132297 0
0.0132297 0.016
0.0132297 0.015
0.0138191 0.0155
0.0133905 0.013
0.0134976 0.014
0.0136048 0.012
0.0132297 0.011
0.0137119 0.01
0.0132297 0.019
0.0132833 0.018
0.0143549 0.017
0.0142477 0.018
0.0139798 0.005
0.0140602 0.007
0.0142477 0.008
0.0142477 0.009
0.014087 0.006
0.0140334 0.004
0.0141942 0.001
0.014087 0.003
0.0146764 0.0035
0.0142477 0.002
0.0142477 0
0.0144085 0.016
0.0144621 0.015
0.0142477 0.013
0.0144353 0.012
0.0142477 0.014
0.0146764 0.011
0.01473 0.01
0.0142477 0.019
0.0152658 0.019
0.0152658 0.017
0.0152658 0.018
0.0152658 0.009
0.0149979 0.005
0.0148907 0.007
0.0152658 0.008
0.0149443 0.006
0.0152658 0.004
0.0152122 0.001
0.0151586 0.002
0.0152658 0.003
0.0152658 0
0.0154265 0.016
0.0154801 0.015
0.0152658 0.014
0.0152658 0.012
0.0152658 0.013
0.015748 0.01
0.0156944 0.011
0.0162838 0.019
0.0162838 0.017
0.0162838 0.018
0.0162838 0.009
0.0162838 0.004
0.0162838 0.008
0.0160159 0.005
0.0159623 0.006
0.0159087 0.007
0.0162838 0.003
0.0162302 0.001
0.0161766 0.002
0.0162838 0
0.0164981 0.015
0.0162838 0.016
0.0165517 0.014
0.0162838 0.013
0.016766 0.01
0.0162838 0.012
0.0167124 0.011
0.0173018 0.019
0.0173018 0.017
0.0173554 0.018
0.0173018 0.008
0.0170607 0.009
0.0171411 0.003
0.0170339 0.005
0.0173018 0.004
0.0173018 0.007
0.0169803 0.006
0.0172482 0.001
0.0171946 0.002
0.0173018 0
0.0173018 0.015
0.0174625 0.016
0.0175697 0.014
0.0173018 0.013
0.0175161 0.011
0.017784 0.01
0.0176769 0.012
0.0183198 0.019
0.0183734 0.018
0.018427 0.017
0.0183198 0.016
0.0181055 0.008
0.0178376 0.009
0.0183198 0.007
0.0181591 0.003
0.0180519 0.005
0.0181055 0.004
0.0183198 0.006
0.0191235 0.004
0.0183198 0.001
0.0183198 0.002
0.0183198 0
0.0183198 0.014
0.0183198 0.015
0.0186413 0.013
0.0183198 0.011
0.018802 0.01
0.0186949 0.012
0.0193378 0.019
0.0193378 0.015
0.0193378 0.018
0.0194986 0.016
0.0193378 0.017
0.0189092 0.008
0.0193378 0.009
0.0191503 0.007
0.0191771 0.003
0.0193378 0.006
0.0190699 0.005
0.0197665 0.0035
0.0197397 0.0045
0.0192843 0.001
0.0193378 0.002
0.0193378 0
0.0193378 0.014
0.0194986 0.013
0.0193378 0.011
0.0195789 0.01
0.0195254 0.012
0.0203559 0.019
0.0203559 0.015
0.0204094 0.018
0.0205166 0.016
0.020463 0.017
0.0199272 0.008
0.0201147 0.009
0.0199808 0.007
0.0203559 0.006
0.0203559 0.003
0.0203559 0.005
0.0203559 0.004
0.0203559 0.002
0.0203559 0.001
0.0203559 0
0.0203559 0.01
0.0203559 0.012
0.0206238 0.014
0.0203559 0.013
0.0203559 0.011
0.0213739 0.019
0.0215882 0.015
0.0215346 0.016
0.0214275 0.018
0.0213739 0.017
0.0208917 0.009
0.0209988 0.007
0.0209452 0.008
0.0212131 0.006
0.0212131 0.003
0.0213739 0.005
0.0213739 0.004
0.0213739 0.002
0.0213739 0.001
0.0213739 0
0.0213739 0.01
0.0216418 0.014
0.0213739 0.012
0.0213739 0.013
0.0218025 0.011
0.0223919 0.019
0.0226062 0.015
0.0223919 0.018
0.0225526 0.016
0.0223919 0.017
0.0219097 0.009
0.0220168 0.007
0.0223919 0.008
0.0220704 0.006
0.0223919 0.005
0.0223919 0.003
0.0223919 0.004
0.0223919 0.001
0.0222847 0.002
0.0223919 0
0.0228741 0.01
0.0226598 0.014
0.0223919 0.013
0.0223919 0.012
0.0226062 0.011
0.0234099 0.019
0.0234099 0.015
0.0234635 0.018
0.0235706 0.016
0.0235171 0.017
0.0231956 0.008
0.0229277 0.009
0.0230349 0.007
0.0234099 0.006
0.023142 0.005
0.0234099 0.004
0.0232492 0.003
0.0233563 0.001
0.0234099 0.002
0.0234099 0
0.0234099 0.011
0.023651 0.01
0.0236778 0.014
0.0237314 0.013
0.0234099 0.012
0.0244279 0.019
0.0244279 0.015
0.0244815 0.018
0.0244279 0.016
0.0245351 0.017
0.0239993 0.008
0.0239457 0.009
0.0244279 0.007
0.0244279 0.006
0.02416 0.005
0.0242136 0.004
0.0244279 0.003
0.0244279 0.001
0.0244279 0.002
0.0244279 0
0.0244279 0.011
0.0244279 0.01
0.0246958 0.014
0.0247494 0.013
0.024803 0.012
0.0254459 0.019
0.0254459 0.015
0.0255531 0.017
0.0254995 0.018
0.0256067 0.016
0.0254459 0.007
0.0250173 0.008
0.0249637 0.009
0.0254459 0.005
0.0254459 0.006
0.0252316 0.004
0.0258746 0.0035
0.0252852 0.003
0.0254459 0.002
0.0254459 0.001
0.0254459 0
0.0254459 0.011
0.0254459 0.01
0.0257138 0.014
0.0256335 0.0125
0.026464 0.019
0.0266783 0.015
0.0265175 0.018
0.026464 0.017
0.0266247 0.016
0.0260353 0.008
0.0262764 0.007
0.0259817 0.009
0.0263032 0.006
0.0261961 0.005
0.026464 0.004
0.026464 0.003
0.026464 0.002
0.0264104 0.001
0.026464 0
0.026464 0.01
0.026464 0.012
0.026464 0.011
0.0267319 0.014
0.026464 0.013
0.027482 0.019
0.027482 0.015
0.0275356 0.018
0.0275891 0.017
0.0276427 0.016
0.0277499 0.014
0.027482 0.004
0.0270533 0.008
0.0271069 0.007
0.027482 0.009
0.0271605 0.006
0.027482 0.005
0.0273212 0.003
0.027482 0.002
0.027482 0.001
0.027482 0
0.027482 0.01
0.027482 0.012
0.027482 0.011
0.0278035 0.013
0.0285 0.019
0.0287143 0.015
0.0285 0.018
0.0285 0.017
0.0286607 0.016
0.0287679 0.014
0.076 0
0.076 0.0019
0.0748532 0
0.0282857 0.004
0.0280714 0.008
0.0281249 0.007
0.0285 0.009
0.0281785 0.006
0.0285 0.005
0.0283928 0.002
0.0285 0.003
0.0285 0.001
0.0285 0
0.0285 0.01
0.0285 0.012
0.0285 0.011
0.0288215 0.013
0.0292769 0.009
0.029518 0.01
0.029518 0.019
0.029518 0.015
0.0295716 0.018
0.0296252 0.017
0.0296788 0.016
0.0297859 0.014
0.074853 0.00095
0.0748529 0.0019
0.0738616 0
0.0292501 0.005
0.029518 0.004
0.029143 0.007
0.0290894 0.008
0.0291965 0.006
0.029518 0.003
0.0294644 0.001
0.029518 0.002
0.029518 0
0.029518 0.012
0.029518 0.011
0.0298395 0.013
0.0300538 0.009
0.030536 0.01
0.0303217 0.004
0.030536 0.019
0.0305896 0.018
0.030536 0.015
0.030536 0.017
0.0306968 0.016
0.0308039 0.014
0.0738613 0.00095
0.0738609 0.0019
0.07287 0
0.0302681 0.005
0.030161 0.007
0.030536 0.008
0.030536 0.006
0.030536 0.003
0.030536 0.002
0.030536 0
0.030536 0.001
0.0315541 0
0.030536 0.012
0.0309647 0.011
0.0308575 0.013
0.0310718 0.009
0.0315541 0.01
0.0313397 0.004
0.0315541 0.019
0.0316076 0.018
0.0315541 0.015
0.0316612 0.017
0.0317148 0.016
0.031822 0.014
0.0728695 0.00095
0.0728689 0.0019
0.0718784 0
0.0315541 0.005
0.031179 0.007
0.0321434 0.008
0.0313397 0.008
0.0315541 0.006
0.0315541 0.003
0.0314469 0.002
0.0315541 0.001
0.0325721 0
0.0315541 0.012
0.0317684 0.011
0.0318755 0.013
0.0320899 0.009
0.032331 0.01
0.0328668 0.0085
0.0323578 0.004
0.0325721 0.019
0.0325721 0.018
0.0325721 0.015
0.0325721 0.017
0.0325721 0.016
0.0325721 0.014
0.0718777 0.00095
0.071877 0.0019
0.0708868 0
0.070885 0.0019
0.0323042 0.005
0.0325721 0.006
0.0328936 0.0075
0.032197 0.007
0.0326257 0.001
0.0324113 0.003
0.0325721 0.002
0.0335901 0
0.0335901 0.001
0.0325721 0.011
0.0325721 0.012
0.0329069 0.01275
0.0331079 0.01
0.0335901 0.009
0.0335901 0.008
0.0332418 0.0135
0.0330007 0.0035
0.0329739 0.0045
0.0335901 0.019
0.0336437 0.018
0.0335901 0.017
0.0335901 0.015
0.0335901 0.016
0.033858 0.014
0.0708859 0.00095
0.0698952 0
0.069893 0.0019
0.0335901 0.005
0.0335901 0.006
0.0335901 0.007
0.0335901 0.002
0.0335901 0.003
0.0346081 0
0.0345545 0.001
0.0335901 0.011
0.0335901 0.012
0.0339116 0.013
0.0340723 0.01
0.0346081 0.009
0.0343938 0.008
0.0335901 0.004
0.0346081 0.019
0.0346081 0.018
0.0347153 0.017
0.0346081 0.015
0.0347688 0.016
0.0346081 0.014
0.0349296 0.013
0.0689036 0
0.0693983 0.00095
0.0689011 0.0019
0.067912 0
0.0343402 0.005
0.0346081 0.007
0.0346081 0.006
0.0346081 0.002
0.0344474 0.003
0.0356261 0
0.0355725 0.001
0.0346081 0.011
0.0349832 0.012
0.0350903 0.01
0.035385 0.009
0.0351975 0.008
0.0346081 0.004
0.0356261 0.019
0.0356797 0.018
0.0357333 0.017
0.0356261 0.016
0.0356261 0.015
0.0356261 0.014
0.0359476 0.013
0.0679106 0.00095
0.0679091 0.0019
0.0669204 0
0.0353582 0.005
0.0356261 0.007
0.0356261 0.006
0.0356261 0.002
0.0354654 0.003
0.0366441 0
0.0366441 0.001
0.0366441 0.002
0.0356261 0.011
0.0360012 0.012
0.0358672 0.01
0.0361619 0.009
0.0362155 0.008
0.0354118 0.004
0.0366441 0.019
0.0366977 0.018
0.0369656 0.013
0.0367513 0.017
0.0366441 0.016
0.0366441 0.015
0.036912 0.014
0.0669188 0.00095
0.0669171 0.0019
0.0659288 0
0.0363762 0.005
0.0366441 0.007
0.0366441 0.006
0.0364298 0.004
0.0364834 0.003
0.0375014 0.003
0.0376622 0.001
0.0376622 0
0.0376622 0.002
0.0370192 0.012
0.0366441 0.01
0.0366441 0.011
0.0372335 0.008
0.0371799 0.009
0.0376622 0.019
0.0377157 0.018
0.0378229 0.013
0.0376622 0.014
0.0378229 0.016
0.0377693 0.017
0.0376622 0.015
0.065927 0.00095
0.0659252 0.0019
0.0649332 0.0019
0.0649372 0
0.0373943 0.005
0.0376622 0.007
0.0376622 0.006
0.0374478 0.004
0.0385194 0.003
0.0386266 0.001
0.0386802 0
0.0386802 0.002
0.0376622 0.011
0.0380372 0.012
0.0376622 0.01
0.0382515 0.008
0.0386802 0.009
0.0386802 0.019
0.0386802 0.018
0.0386802 0.013
0.0386802 0.014
0.0386802 0.016
0.0387873 0.017
0.0388945 0.015
0.0649352 0.00095
0.0639412 0.0019
0.0639456 0
0.0386802 0.007
0.0384123 0.005
0.0385194 0.006
0.0386802 0.004
0.0395375 0.003
0.0396446 0.001
0.0396982 0
0.0396982 0.002
0.0386802 0.011
0.0390552 0.012
0.0391624 0.01
0.0392696 0.008
0.0396982 0.009
0.0396982 0.019
0.0396982 0.018
0.0396982 0.013
0.0399661 0.014
0.0398054 0.017
0.0396982 0.016
0.0399125 0.015
0.0634476 0.00095
0.0629493 0.0019
0.062954 0
0.0619573 0.0019
0.0619624 0
0.0393767 0.006
0.0396982 0.007
0.0396982 0.004
0.0394303 0.005
0.0405555 0.003
0.0406626 0.001
0.0407162 0
0.0407162 0.002
0.0396982 0.011
0.0400733 0.012
0.0401804 0.01
0.0404751 0.009
0.0402876 0.008
0.0407162 0.019
0.0407162 0.018
0.0408234 0.017
0.0410377 0.013
0.0407162 0.014
0.0407162 0.016
0.0409305 0.015
0.0619599 0.00095
0.0609653 0.0019
0.0609708 0
0.0407162 0.004
0.0407162 0.007
0.0403947 0.006
0.0407162 0.005
0.0415735 0.003
0.0417342 0
0.0417342 0.001
0.0417342 0.002
0.0410913 0.012
0.0407162 0.011
0.0409573 0.01
0.041252 0.009
0.0413056 0.008
0.0417342 0.007
0.0420557 0.013
0.0417342 0.019
0.0417342 0.017
0.0417878 0.018
0.0421093 0.012
0.0420021 0.014
0.0417342 0.015
0.041895 0.016
0.0604723 0.00095
0.0599734 0.0019
0.0599792 0
0.0427523 0
0.0415199 0.004
0.0414663 0.005
0.0417342 0.006
0.0425915 0.003
0.0426987 0.001
0.0426451 0.002
0.0417342 0.011
0.0417342 0.01
0.0427523 0.009
0.0423236 0.008
0.0427523 0.007
0.0427523 0.014
0.0430737 0.013
0.0427523 0.019
0.0428594 0.017
0.0427523 0.018
0.0427523 0.011
0.0431273 0.012
0.0429666 0.015
0.0427523 0.016
0.0589814 0.0019
0.0589876 0
0.0594805 0.00095
0.0437703 0
0.0437167 0.001
0.0427523 0.004
0.0424844 0.005
0.0427523 0.006
0.0436095 0.003
0.0437703 0.002
0.0427523 0.01
0.0435827 0.007
0.0437703 0.009
0.0433416 0.008
0.0437703 0.017
0.0437703 0.015
0.0440382 0.014
0.043931 0.013
0.0437703 0.019
0.0438238 0.018
0.0437703 0.011
0.0439578 0.012
0.043931 0.016
0.057996 0
0.0579895 0.0019
0.0579927 0.00095
0.0447347 0.001
0.0447883 0
0.0446811 0.002
0.0441989 0.0035
0.043556 0.004
0.0435024 0.005
0.0437703 0.006
0.0447883 0.003
0.0454348 0.00228298
0.0442525 0.01
0.0444132 0.007
0.0447883 0.009
0.0447883 0.008
0.0447883 0.006
0.0447883 0.017
0.0447883 0.015
0.0447883 0.014
0.0447883 0.013
0.0447883 0.018
0.0447883 0.019
0.0447883 0.012
0.0447883 0.011
0.0447883 0.016
0.057 0.0019
0.057 0
0.057 0.00095
0.0559865 0
0.0458063 0
0.0457313 0.000924463
0.0468243 0
0.0447883 0.004
0.0445204 0.005
0.0455193 0.00330653
0.0462498 0.00261354
0.0460814 0.00156595
0.0452604 0.010101
0.0457324 0.00920205
0.045772 0.00703127
0.0456919 0.00800521
0.0458521 0.00605734
0.0457945 0.00515166
0.0455463 0.0171201
0.0455463 0.0151201
0.0457318 0.0136599
0.0461395 0.012996
0.0456731 0.0121671
0.0456763 0.01806
0.0458063 0.019
0.045799 0.0111971
0.0465582 0.0107313
0.0459253 0.0161801
0.0560384 0.00191362
0.0560124 0.000956811
0.0550396 0.000997366
0.0549685 0
0.0467279 0.000848926
0.0478423 0
0.0457369 0.00424599
0.0466985 0.00331836
0.0469618 0.0019382
0.0465499 0.00478172
0.0468602 0.00846339
0.0466755 0.00940386
0.0465955 0.00682725
0.0470373 0.00742138
0.0468963 0.00611361
0.047246 0.00542081
0.0463043 0.0152401
0.0463266 0.0171656
0.0466754 0.0143197
0.0470432 0.0134075
0.0465471 0.0123322
0.0467279 0.0181511
0.0468243 0.019
0.0468292 0.0166306
0.0467955 0.0113914
0.0473174 0.0102654
0.0475878 0.00959909
0.0471243 0.0157023
0.0551078 0.00195387
0.0542855 0.0010387
0.0539504 0
0.0476737 0.00126286
0.0482457 0.000745417
0.0488604 0
0.0471471 0.00402318
0.0478789 0.00196706
0.0477845 0.00288737
0.0475957 0.004728
0.047479 0.0080155
0.0478584 0.00893201
0.0480255 0.00735826
0.0477048 0.00669601
0.0481011 0.0058289
0.0474001 0.015014
0.0471142 0.0174021
0.0476213 0.0143314
0.0479125 0.0136055
0.047411 0.0124954
0.0478423 0.019
0.0479438 0.0161641
0.0477087 0.0180131
0.047733 0.0170811
0.0477788 0.0115832
0.0481434 0.0106787
0.0485 0.00979431
0.0482556 0.0152536
0.05415 0.00202728
0.0535081 0.00108132
0.0529324 0
0.0486369 0.00146846
0.0498784 0
0.0508964 0
0.0494985 0.000745442
0.0519144 0
0.0488875 0.00238963
0.04814 0.00402568
0.048506 0.00299762
0.0484973 0.0049618
0.0483461 0.0080205
0.0488566 0.0089099
0.0486449 0.00692036
0.0490936 0.0059105
0.0485673 0.014343
0.0492362 0.00990689
0.0489932 0.0158606
0.0490203 0.0136498
0.0484428 0.0127261
0.0488604 0.019
0.0487416 0.0166137
0.0486369 0.0175315
0.0487425 0.0115797
0.0492122 0.0107299
0.0494962 0.0143545
0.0498113 0.0152611
0.0530657 0.00216264
0.0524901 0.00108132
0.0501174 0.00146846
0.0495395 0.00193668
0.0510362 0.000986904
0.0492274 0.00310787
0.049896 0.0028122
0.049133 0.00402818
0.0499384 0.00462959
0.0493858 0.00519218
0.0492132 0.0080255
0.049681 0.00925859
0.0495698 0.00714109
0.0499184 0.0062765
0.0499724 0.0100195
0.049434 0.0163907
0.049108 0.0122682
0.0497733 0.0136381
0.0494734 0.0129566
0.049274 0.0178199
0.0498784 0.019
0.0495395 0.0170633
0.0501263 0.0161678
0.0497053 0.0115763
0.0502639 0.0107803
0.0504953 0.00960296
0.0507132 0.0152722
0.0504054 0.0143657
0.0520637 0.002375
0.0516877 0.00161014
0.0507177 0.00216974
0.0504253 0.00325941
0.0499016 0.00367828
0.0506092 0.00456325
0.0502638 0.00541987
0.0506092 0.00633658
0.0503759 0.00885036
0.0502566 0.00809775
0.0504329 0.00721717
0.0501174 0.0175315
0.0498087 0.0123781
0.0504685 0.0131792
0.050501 0.0182546
0.0508964 0.019
0.0506398 0.0166942
0.0513 0.01615
0.050639 0.011573
0.0511158 0.0092122
0.0513 0.01083
0.0513 0.00994333
0.0513545 0.0152339
0.0513 0.0143767
0.0514636 0.0134018
0.0513 0.00285
0.0509546 0.00370662
0.0513 0.00462333
0.0513 0.00551
0.0511392 0.00710323
0.0513 0.00639667
0.0513 0.00817
0.0509026 0.0174607
0.0505094 0.0124881
0.0517364 0.00882143
0.0515182 0.0124857
0.0512987 0.0181814
0.0519144 0.019
0.0520637 0.016625
0.0516877 0.0173899
0.0520637 0.015675
0.0515727 0.0115696
0.0520637 0.0095
0.0520637 0.0103821
0.0520637 0.0147929
0.0520637 0.0139107
0.0520637 0.0130286
0.0520637 0.003325
0.0521427 0.00428245
0.0520637 0.00508929
0.0520637 0.00597143
0.0524645 0.00818026
0.0518455 0.00698929
0.0528327 0.00927402
0.0520637 0.0121464
0.0521373 0.0180518
0.0529324 0.019
0.0530657 0.0168374
0.0530657 0.0154626
0.0527163 0.0112302
0.0530657 0.0100421
0.0531643 0.0143908
0.0528892 0.0133248
0.0530657 0.0122103
0.0530657 0.00353736
0.0536572 0.00903178
0.0530657 0.00462148
0.0530657 0.00570559
0.0537557 0.00795997
0.0530657 0.00678971
0.0529991 0.0179187
0.0539504 0.019
0.05415 0.0169727
0.05415 0.0153273
0.05415 0.0142678
0.05415 0.0110893
0.05415 0.0100298
0.05415 0.0132083
0.05415 0.0121488
0.05415 0.00367272
0.0545616 0.00865005
0.05415 0.00579173
0.0542333 0.00467981
0.0544806 0.00767031
0.0543996 0.00669057
0.0540502 0.0179864
0.0547998 0.0115299
0.0549685 0.019
0.0550396 0.0180026
0.0551078 0.0170461
0.0551078 0.0152539
0.0549548 0.0134038
0.0551854 0.0142982
0.0547211 0.0105775
0.0551078 0.0095
0.0548783 0.0124788
0.0551078 0.00374613
0.0552595 0.00763288
0.0556507 0.0085645
0.0551078 0.00470511
0.0551078 0.00566409
0.0551078 0.00662306
0.0554191 0.0119434
0.0553797 0.010991
0.0559865 0.019
0.0560384 0.0170864
0.0560124 0.0180432
0.0560384 0.0152136
0.0560384 0.0142614
0.0560384 0.0133091
0.0565192 0.00949319
0.0560384 0.0104523
0.0560384 0.0123568
0.0564391 0.00854205
0.0560384 0.00378638
0.0560384 0.00759546
0.0559609 0.004742
0.0558833 0.00569763
0.0562788 0.00663978
0.0560384 0.0114045
0.056487 0.005267
0.0568365 0.0112295
0.057 0.019
0.057 0.0171
0.057 0.01805
0.057 0.00898182
0.057 0.0152
0.057 0.0141636
0.0568397 0.0132977
0.057 0.0100182
0.057 0.0120909
0.057 0.00794545
0.057 0.0038
0.057 0.00690909
0.0570906 0.00483636
0.0571813 0.00587273
0.0576345 0.0110545
0.057996 0.019
0.0579895 0.0171
0.0584887 0.01805
0.0579971 0.00898182
0.0579971 0.0152
0.0579971 0.0141636
0.0579971 0.0131273
0.0584515 0.0100182
0.0582698 0.0120909
0.0579971 0.00794545
0.0579971 0.0038
0.0579971 0.00690909
0.0579971 0.00587273
0.0579971 0.00483636
0.0583606 0.0110545
0.0585424 0.0136455
0.0589876 0.019
0.0589814 0.0171
0.0594805 0.01805
0.0587696 0.00898182
0.0589968 0.0152
0.0590877 0.0141636
0.0591785 0.0131273
0.0594512 0.0100182
0.0591785 0.0110545
0.0589968 0.0120909
0.0589968 0.00794545
0.0589968 0.00690909
0.0589968 0.0038
0.058815 0.00587273
0.0589968 0.00483636
0.0599792 0.019
0.0599734 0.0171
0.0604723 0.01805
0.0595421 0.00898182
0.0599965 0.0152
0.0599965 0.0131273
0.0599965 0.0141636
0.0604508 0.0100182
0.0599965 0.0110545
0.0602691 0.0120909
0.0599965 0.00794545
0.0597238 0.00690909
0.0599056 0.00483636
0.0599965 0.0038
0.0599965 0.00587273
0.0605417 0.0136455
0.0609708 0.019
0.0609653 0.0171
0.0614641 0.01805
0.0605417 0.00898182
0.0609961 0.00794545
0.0609961 0.0152
0.0611779 0.0131273
0.061087 0.0141636
0.0612233 0.0100182
0.0609961 0.0110545
0.0612688 0.0120909
0.0609961 0.00690909
0.0609961 0.0038
0.0609052 0.00483636
0.0609961 0.00587273
0.0619624 0.019
0.0619573 0.0171
0.0624558 0.01805
0.0619958 0.00690909
0.0619958 0.0100182
0.0615414 0.00898182
0.0619958 0.00794545
0.0619958 0.0152
0.0620867 0.0141636
0.0619958 0.0131273
0.0619958 0.0110545
0.0622684 0.0120909
0.0619958 0.00587273
0.0619958 0.0038
0.0619958 0.00483636
0.062954 0.019
0.0629493 0.0171
0.0634476 0.01805
0.0629954 0.00690909
0.0629954 0.0100182
0.0625411 0.00898182
0.0630863 0.00846364
0.0629954 0.0152
0.0630863 0.0141636
0.0631772 0.0131273
0.0629954 0.0110545
0.0632681 0.0120909
0.0629954 0.0038
0.0629954 0.00587273
0.0629046 0.00483636
0.0639456 0.019
0.0639412 0.0171
0.0644394 0.01805
0.0636316 0.00794545
0.0637225 0.00690909
0.0639951 0.0100182
0.0639951 0.00898182
0.0639951 0.0152
0.0639951 0.0141636
0.0641769 0.0131273
0.0643586 0.0110545
0.0642677 0.0120909
0.0639951 0.0038
0.0639951 0.00587273
0.0639951 0.00483636
0.0649372 0.019
0.0649332 0.0171
0.0654312 0.01805
0.0653583 0.0110545
0.0649948 0.00587273
0.0646313 0.00794545
0.0649948 0.00690909
0.0654492 0.0100182
0.0649948 0.00898182
0.0649948 0.0152
0.0650856 0.0141636
0.0649948 0.0131273
0.0652674 0.0120909
0.0649948 0.0038
0.0649948 0.00483636
0.0659288 0.019
0.0659252 0.0171
0.0659944 0.0120909
0.066423 0.01805
0.0663579 0.0110545
0.0658127 0.00587273
0.0664488 0.0100182
0.0659944 0.00690909
0.0656309 0.00794545
0.0659944 0.00898182
0.0659944 0.0152
0.0659944 0.0141636
0.0661762 0.0131273
0.0659944 0.0038
0.0659036 0.00483636
0.0669204 0.019
0.0669171 0.0171
0.0672667 0.0120909
0.0672213 0.0100182
0.0674148 0.01805
0.0673576 0.0110545
0.0668123 0.00587273
0.0667669 0.00898182
0.0667215 0.00690909
0.0666306 0.00794545
0.0669941 0.0152
0.0669941 0.0141636
0.0671759 0.0131273
0.0669941 0.0038
0.0669941 0.00483636
0.0673576 0.00639091
0.067912 0.019
0.0679091 0.0171
0.0679938 0.0120909
0.0679938 0.0131273
0.0679938 0.0100182
0.0675394 0.00898182
0.0684065 0.01805
0.0686299 0.0110545
0.0679938 0.00587273
0.0676302 0.00794545
0.0674939 0.00716818
0.0679938 0.0152
0.0679938 0.0141636
0.0679938 0.00483636
0.0679938 0.0038
0.0682664 0.00690909
0.0689036 0.019
0.0689011 0.0171
0.0693569 0.0115727
0.0687208 0.0120909
0.0689934 0.0131273
0.0689934 0.0100182
0.0684482 0.00898182
0.0698941 0.01805
0.0689934 0.00483636
0.0699931 0.0110545
0.0689934 0.00587273
0.0683573 0.00794545
0.0689934 0.0152
0.0690843 0.0141636
0.0689934 0.0038
0.0689934 0.00690909
0.0690389 0.00846364
0.0698952 0.019
0.069893 0.0171
0.0699931 0.0120909
0.0699931 0.0131273
0.0699931 0.0100182
0.0695387 0.00898182
0.070885 0.0171
0.0708868 0.019
0.0713819 0.01805
0.0699931 0.00587273
0.0699022 0.00483636
0.0709583 0.0113508
0.0708941 0.0102774
0.0697205 0.00690909
0.0696296 0.00794545
0.0699931 0.0152
0.0699931 0.0141636
0.0699931 0.0038
0.070744 0.0124797
0.070744 0.013516
0.0705622 0.00665011
0.070744 0.00924101
0.0704032 0.00846374
0.071877 0.0171
0.0718784 0.019
0.0723737 0.01805
0.070744 0.00561374
0.070744 0.00457738
0.0717952 0.0105366
0.0719236 0.011647
0.0717952 0.00939662
0.0707519 0.00760014
0.0709928 0.0152
0.0714948 0.0139048
0.0709928 0.0038
0.0714948 0.0128684
0.0714039 0.00639112
0.0714948 0.00846385
0.0728689 0.0171
0.07287 0.019
0.0733655 0.01805
0.0714948 0.00535476
0.0717081 0.00454014
0.0720846 0.0124521
0.0726962 0.00994083
0.0726962 0.0107958
0.0728888 0.0119432
0.0726962 0.00908583
0.0721321 0.00742759
0.0722457 0.0132571
0.0719924 0.0152
0.0726603 0.0145095
0.0719924 0.0038
0.0722457 0.00613213
0.0728088 0.00826971
0.0738609 0.0171
0.0738616 0.019
0.0743572 0.01805
0.0724234 0.00528028
0.0726603 0.00449049
0.0731387 0.0129796
0.0735972 0.00972505
0.0735972 0.0110551
0.073854 0.0122394
0.0735972 0.00877505
0.0729965 0.00690951
0.0733283 0.013819
0.0737441 0.0144238
0.0729921 0.0152
0.0729921 0.0038
0.0731387 0.00602042
0.0737474 0.00768689
0.0748529 0.0171
0.0748532 0.019
0.0753737 0.0181377
0.0733283 0.00518098
0.0737441 0.00457622
0.074397 0.0133371
0.0751985 0.0127161
0.0744983 0.00941427
0.0744983 0.0113143
0.0744983 0.0103643
0.0751655 0.0117476
0.0744983 0.00846427
0.0743309 0.00656195
0.074496 0.0141666
0.0739917 0.0152
0.0739917 0.0038
0.0739962 0.00587147
0.0745694 0.0075007
0.076 0.0120951
0.076 0.0171
0.076 0.019
0.074496 0.00535244
0.0746612 0.00448895
0.075248 0.0136499
0.076 0.0131332
0.076 0.0110571
0.0752491 0.00924165
0.0752491 0.0106666
0.075248 0.00612866
0.0752847 0.00824084
0.0753321 0.00725244
0.0749914 0.0152
0.0749914 0.0038
0.0753306 0.00517789
0.076 0.00482886
0.076 0.0141711
0.076 0.00586684
0.076 0.00898098
0.076 0.010019
0.076 0.00690488
0.076 0.00794293
0.076 0.0152
0.076 0.0038
