5.40915e-15
-5.43332e-15
0.0165263
0.0165273
0.0165253
0.030815
0.0308189
0.030817
0.0451105
0.0451047
0.0451076
0.0594021
0.0593944
0.0665431
0.0736938
0.0736841
0.0879796
0.0879854
0.102277
0.0879738
0.102264
0.10227
0.116569
0.116553
0.123706
0.13086
0.130843
0.137996
0.145152
0.159444
0.145133
-0.18482
0.159433
0.173735
0.159422
0.173712
-0.18482
-0.18482
-0.18482
-0.326518
-0.18482
-0.124
-0.18482
-0.18482
0.188027
0.180868
0.202319
0.188002
-0.165306
-0.168686
-0.230112
-0.103358
-0.18482
-0.18482
-0.18482
-0.146304
-0.130663
-0.103686
-0.18482
-0.124105
-0.18482
-0.16054
-0.234867
0.202305
0.21661
0.202292
0.216581
-0.147478
-0.143605
-0.0848797
-0.107621
-0.103987
-0.100694
-0.121983
-0.112085
-0.123639
-0.351854
-0.130511
-0.144822
-0.14664
-0.208446
-0.164039
0.223741
0.230902
0.230871
-0.107515
-0.114112
-0.0686597
-0.0875157
-0.122765
-0.115529
-0.103783
-0.106213
-0.111178
-0.101767
-0.12262
-0.118747
-0.138642
0.23803
0.245195
0.245164
-0.0986117
-0.0822696
-0.0930363
-0.0518313
-0.0662716
-0.0861345
-0.107236
-0.0968289
-0.1023
-0.104076
-0.116013
-0.100087
-0.10367
-0.101888
0.252326
0.259458
0.259441
-0.0351969
-0.068144
-0.0819794
-0.0720061
-0.0541173
-0.0358362
-0.0518242
-0.0697931
-0.0828012
-0.0833533
-0.0914775
-0.0861286
-0.0689308
-0.085109
-0.0834533
-0.082575
0.273779
0.273747
0.27382
0.288023
-0.0183734
-0.00136809
-0.0186904
-0.0542792
-0.0539973
-0.0364842
-0.0366018
-0.0536664
-0.068412
-0.0705753
-0.0698695
-0.0537229
-0.0688651
-0.0680886
-0.0669986
0.287775
0.294352
0.301764
0.0157367
-0.00149727
0.014129
-0.0365285
-0.0157838
-0.0365572
-0.0191396
-0.0364438
-0.0543081
-0.0539604
-0.0366025
-0.0520917
-0.054307
-0.0533009
0.0329127
0.301065
0.313188
0.314111
0.0344623
-0.00165155
0.0187502
-0.0211234
-0.0191492
-0.00177192
-0.0128597
-0.0231114
-0.0414147
-0.0363824
-0.0211069
-0.0352509
-0.0375354
0.0501198
0.0501255
0.324556
0.313827
0.326019
0.332995
0.0328605
0.0108245
0.0328245
-0.00971148
-0.00261829
-0.00616763
0.00920751
-0.00812943
-0.0221566
-0.0191422
-0.0183802
-0.0186916
0.0532423
0.0673453
0.067338
0.338394
0.324278
0.334729
0.333676
0.332939
0.0500941
0.0217961
0.0390876
0.00447701
0.00603841
0.014711
0.00761531
-0.00176211
-0.00480236
-0.00133777
5.63114e-05
0.0845584
0.0673618
0.0673534
0.0845663
0.346359
0.343766
0.330353
0.322584
0.337041
0.0563724
0.032788
0.050082
0.0155438
0.0265079
0.0249256
0.0156014
0.0157281
0.015687
0.0783696
0.10171
0.118812
0.0799195
0.0877357
0.101839
0.101767
0.378991
0.323603
0.320357
0.310104
0.317632
0.325709
0.316291
0.0673725
0.0500816
0.028106
0.0438002
0.0673726
0.032856
0.0329032
0.0313251
0.13579
0.0846699
0.090946
0.11893
0.101916
0.115967
0.152346
0.289128
0.306092
0.310633
0.315706
0.305058
0.313461
0.309479
0.308643
0.305421
0.0846645
0.0501159
0.0610813
0.050101
0.0500895
0.0736517
0.0501109
0.137719
0.15334
0.101974
0.105102
0.101973
0.136406
0.119224
0.119288
0.169583
0.189162
0.171251
0.248862
0.284718
0.278754
0.208659
0.229376
0.310239
0.311543
0.302688
0.307015
0.31026
0.297668
0.286464
0.296628
0.306649
0.302496
0.0877974
0.101949
0.0673385
0.0720686
0.0642099
0.084625
0.0689016
0.153927
0.115359
0.119297
0.154064
0.141343
0.13663
0.189434
0.207715
0.174537
0.273048
0.25177
0.267553
0.225082
0.309145
0.309743
0.304586
0.307104
0.309017
0.289477
0.280487
0.296198
0.307065
0.304196
0.300095
0.101902
0.116122
0.0845467
0.0845896
0.0845543
0.171593
0.128746
0.144532
0.154012
0.192121
0.20655
0.188792
0.268931
0.260535
0.244964
0.224347
0.309124
0.309589
0.307142
0.308478
0.30959
0.308788
0.275795
0.287838
0.294748
0.307294
0.305186
0.301453
0.104972
0.119207
0.130307
0.101716
0.101762
0.177038
0.146104
0.157895
0.171248
0.20534
0.19363
0.255772
0.264098
0.240397
0.221995
0.310221
0.294358
0.311148
0.310733
0.31059
0.310482
0.311055
0.309515
0.270627
0.280326
0.287912
0.30712
0.299554
0.303653
0.118931
0.119087
0.131828
0.147707
0.118777
0.160303
0.187844
0.171238
0.174166
0.17949
0.214978
0.203599
0.261308
0.252492
0.237462
0.293788
0.313954
0.311712
0.31248
0.312372
0.313465
0.312946
0.311498
0.312885
0.264458
0.272741
0.282376
0.288803
0.309488
0.306131
0.298449
0.302406
0.134494
0.133232
0.149252
0.135766
0.17158
0.195549
0.188238
0.187815
0.211091
0.219048
0.250574
0.235925
0.255016
0.294008
0.317627
0.316438
0.313537
0.31463
0.315219
0.313098
0.314298
0.315425
0.267867
0.275325
0.283401
0.288804
0.298774
0.312339
0.305441
0.308567
0.302285
0.151692
0.153899
0.152159
0.171597
0.184477
0.210183
0.204306
0.228487
0.243273
0.259905
0.250551
0.294583
0.320197
0.31709
0.317587
0.316643
0.316507
0.316963
0.317969
0.320254
0.314854
0.317464
0.268973
0.275643
0.285315
0.292083
0.29859
0.303243
0.315381
0.312476
0.307867
0.171249
0.169458
0.189264
0.209589
0.220009
0.221793
0.237351
0.261313
0.252457
0.298786
0.314707
0.32054
0.321794
0.319897
0.318702
0.318299
0.32037
0.321546
0.322509
0.318428
0.31952
0.31906
0.277816
0.272578
0.289225
0.283902
0.297154
0.302993
0.307423
0.315144
0.312705
0.187888
0.189197
0.206538
0.224307
0.235488
0.255726
0.264181
0.250928
0.301373
0.349912
0.30618
0.312189
0.322376
0.326979
0.326699
0.325863
0.320018
0.3281
0.319976
0.321499
0.285979
0.280859
0.275123
0.295862
0.291519
0.311284
0.300347
0.307342
0.317592
0.314936
0.209126
0.208142
0.226432
0.268821
0.244829
0.262617
0.305114
0.18482
0.18482
0.335239
0.301597
0.360281
0.312201
0.316153
0.312071
0.368832
0.328297
0.317375
0.321648
0.329739
0.287458
0.2853
0.281449
0.297228
0.293267
0.321753
0.301959
0.311998
0.305198
0.308717
0.319666
0.316356
0.229028
0.249808
0.27624
0.26763
0.18482
0.18482
0.373426
0.18482
0.364603
0.18482
0.372791
0.317147
0.376831
0.329627
0.318895
0.294438
0.292612
0.299187
0.300497
0.321451
0.329292
0.303496
0.305862
0.31491
0.311938
0.308801
0.311926
0.318746
0.248682
0.275437
0.287726
0.18482
0.18482
0.18482
0.378519
0.37866
0.318939
0.320896
0.302896
0.310486
0.304068
0.303391
0.305662
0.329989
0.31887
0.306962
0.309158
0.314881
0.312113
0.321885
0.318291
0.288774
0.308682
0.18482
0.18482
0.37765
0.328448
0.327421
0.308983
0.3164
0.306632
0.308682
0.310023
0.315937
0.374352
0.308379
0.310111
0.312101
0.315152
0.31887
0.324618
0.322182
0.380359
0.18482
0.328565
0.336373
0.312951
0.318183
0.30943
0.309954
0.311865
0.18482
0.370081
0.310329
0.31209
0.314156
0.316383
0.332259
0.321253
0.323678
0.34315
0.345035
0.320389
0.323469
0.329644
0.315967
0.329068
0.333615
0.310271
0.309984
0.309378
0.310438
0.18482
0.38008
0.318094
0.311594
0.313652
0.317311
0.320195
0.32633
0.334285
0.324215
0.334057
0.320325
0.310952
0.322699
0.33499
0.329793
0.305106
0.310961
0.309607
0.307406
0.307277
0.18482
0.317938
0.372527
0.312619
0.318018
0.314995
0.319561
0.327516
0.319551
0.314197
0.310379
0.325826
0.302808
0.318765
0.311011
0.308875
0.304763
0.309474
0.18482
0.37126
0.313593
0.316117
0.319645
0.314757
0.312878
0.30728
0.301558
0.31753
0.322223
0.310991
0.307489
0.36166
0.18482
0.314212
0.317006
0.318072
0.302226
0.303906
0.338762
0.294729
0.288238
0.319115
0.318491
0.311101
0.18482
0.314671
0.319109
0.288472
0.349151
0.18482
0.274164
0.274162
0.274212
0.18482
0.25985
0.259831
0.252701
0.245562
0.245531
0.238386
0.231247
0.231216
0.21692
0.216934
0.216905
0.202621
0.202608
0.202594
0.188308
0.188296
0.188283
0.173995
0.173984
0.173972
0.159682
0.159671
0.159661
0.145369
0.14535
0.138203
0.131056
0.131039
0.116735
0.116743
0.116728
0.10243
0.102423
0.102417
0.0881055
0.088117
0.0809547
0.0737944
0.073804
0.0594872
0.0594833
0.059491
0.0451722
0.0380186
0.045178
0.0308611
0.0237066
0.030865
0.0165501
0.00903849
0.016552
-9.05485e-16
-9.0821e-16
