-0.46205
-0.46205
-0.46205
-0.46205
-0.46205
-0.20109
-0.46205
-0.46205
-0.251453
-0.342239
-0.46205
-0.46205
-0.46205
-0.46205
-0.46205
-0.176545
-0.180499
-0.200134
-0.28566
-0.264481
-0.424459
-0.29964
-0.31477
5.2519e-19
1.6025e-16
-0.423778
-0.204987
-0.258866
-0.337552
-0.335872
-0.269495
-0.25202
-0.246419
-0.237983
-0.250452
-0.24038
-0.228409
-0.232556
-0.241728
-0.26821
0.00783053
0.0143382
0.0143399
-7.22081e-17
-9.85797e-17
0.0143376
-0.233354
-0.280736
-0.295936
-0.264775
-0.239334
-0.223772
-0.22008
-0.213499
-0.213977
-0.234591
-0.223057
-0.228357
-0.216312
-0.223035
0.0205383
0.0267367
0.02674
0.0143385
0.0143393
0.0267356
0.0267389
-0.229452
-0.235868
-0.222908
-0.250193
-0.223147
-0.22275
-0.208041
-0.207358
-0.206467
-0.200856
-0.207819
-0.194458
-0.20072
-0.197088
0.0329376
0.0391351
0.0391401
0.0515336
0.0267373
0.0391335
0.0391385
-0.199742
-0.199861
-0.216129
-0.19644
-0.192632
-0.202094
-0.185544
-0.185639
-0.18562
-0.180153
-0.181248
-0.178212
0.0515369
0.0515403
0.0639321
0.045335
0.0515315
0.0515382
-0.181154
-0.18199
-0.178245
-0.176497
-0.171153
-0.18323
-0.174436
-0.163626
-0.1695
-0.164354
-0.164352
-0.163297
-0.161366
0.0639362
0.0639404
0.0763305
0.0763406
0.0577338
0.0639295
0.0639378
-0.161313
-0.161482
-0.164203
-0.15455
-0.158694
-0.163883
-0.148201
-0.151123
-0.143806
-0.147381
-0.142963
-0.142066
0.0763355
0.088729
0.0887407
0.0763274
0.0701326
0.0763374
0.0887254
-0.141054
-0.142079
-0.138224
-0.139917
-0.139094
-0.1364
-0.132681
-0.123355
-0.123589
-0.129058
-0.124846
-0.122614
0.0949341
0.101127
0.101141
0.0887312
0.0887371
0.101123
-0.102931
-0.122992
-0.122672
-0.123538
-0.119673
-0.123568
-0.116257
-0.107125
-0.112621
-0.10691
-0.108884
-0.102908
-0.104884
0.107333
0.113526
0.113541
0.10113
0.101137
0.113521
0.113536
-0.0830951
-0.103257
-0.103104
-0.103404
-0.0831639
-0.103478
-0.0998084
-0.083402
-0.0906786
-0.0833259
-0.0868901
-0.0830824
-0.083155
0.125924
0.119733
0.125941
0.113529
0.125919
0.125936
-0.0632095
-0.0833279
-0.0723272
-0.0832673
-0.0614081
-0.0834065
-0.067898
-0.0833818
-0.0633271
-0.0687643
-0.0632537
-0.0631834
-0.0650188
0.138323
0.132132
0.138341
0.150721
0.132127
0.138317
0.138336
0.150715
-0.043258
-0.0633046
-0.0596278
-0.0432585
-0.0633417
-0.0524053
-0.0560406
-0.052335
-0.0432855
-0.0487341
-0.0396261
-0.0432318
-0.0414285
0.150731
0.150741
0.16312
0.150725
0.150735
0.163113
-0.0232907
-0.023289
-0.0196409
-0.0432841
-0.0432719
-0.0432941
-0.0341814
-0.0305399
-0.023251
-0.0232604
-0.0232671
-0.0232763
-0.0232791
0.163131
0.163141
0.175542
0.175518
0.163124
0.163135
0.175511
-0.00334077
-0.00151276
-0.00328542
-0.0232666
-0.0159694
-0.00138375
-0.0123148
-0.0232487
-0.00504097
-0.00870436
-0.0032829
0.00954668
-0.00331835
-0.00333923
0.17553
0.187942
0.187917
0.175523
0.175534
0.187909
0.016561
0.0184203
0.0166994
0.00221678
-0.00503082
-0.00139999
0.0168627
0.00591745
0.0167936
0.0130705
0.0296179
0.036848
0.0166186
0.0165647
0.194129
0.200342
0.200315
0.187922
0.187934
0.200307
0.200333
0.0363846
0.0383133
0.0403581
0.0222579
0.0168373
0.0323758
0.0259881
0.0423322
0.0479126
0.03307
0.0497121
0.0514917
0.036525
0.0363921
0.212747
0.206527
0.212715
0.20032
0.212704
0.212735
0.0560469
0.0582981
0.0604655
0.0442252
0.0460792
0.062479
0.0680185
0.0661969
0.0698614
0.0567825
0.0670839
0.0545394
0.056004
0.22511
0.218928
0.225116
0.218919
0.225115
0.225115
0.0752032
0.076471
0.0862584
0.0770658
0.0643692
0.0780406
0.0772122
0.0880838
0.0845458
0.0827274
0.0733516
0.0783275
0.0748248
0.237565
0.237516
0.237523
0.100655
0.0952298
0.231317
0.237512
0.237495
0.0952554
0.0938891
0.108436
0.102205
0.0920218
0.0900123
0.105238
0.118206
0.0975369
0.097137
0.0976577
0.0954787
0.24979
0.24999
0.249677
0.116871
0.117791
0.249905
0.243519
0.249773
0.117457
0.117983
0.124035
0.116246
0.116826
0.127123
0.137582
0.122306
0.120027
0.118058
0.117714
0.261143
0.261811
0.266315
0.135503
0.261883
0.140551
0.261317
0.261088
0.138048
0.146888
0.131973
0.142319
0.134384
0.148779
0.135547
0.143911
0.161283
0.136711
0.13943
0.141519
0.140528
0.272339
0.272689
0.276619
0.155824
0.153715
0.272808
0.164358
0.2721
0.276713
0.16293
0.155895
0.163525
0.152663
0.161093
0.182527
0.188033
0.158627
0.161343
0.16425
0.280613
0.283754
0.282671
0.186456
0.171682
0.173821
0.179609
0.28199
0.186896
0.281233
0.221588
0.285876
0.177158
0.172169
0.177133
0.200774
0.208805
0.182512
0.185591
0.187244
0.301099
0.232675
0.200882
0.289283
0.288911
0.298596
0.195141
0.1913
0.191144
0.188458
0.290045
0.232165
0.292599
0.233429
0.298356
0.254956
0.287377
0.195093
0.189215
0.191294
0.210335
0.218876
0.20882
0.221386
0.340454
0.253042
0.214925
0.210507
0.287975
0.287916
0.281208
0.289924
0.20491
0.201648
0.199998
0.199994
0.287396
0.245213
0.30106
0.340641
0.276192
0.281118
0.287718
0.20498
0.201685
0.223345
0.218366
0.235781
0.23222
0.282319
0.258805
0.227225
0.220669
0.272859
0.27145
0.268108
0.274159
0.273648
0.21083
0.214511
0.210595
0.211396
0.219062
0.250632
0.272655
0.262695
0.290376
0.271142
0.273723
0.26831
0.216736
0.230974
0.22903
0.243651
0.242211
0.258021
0.235243
0.228834
0.258582
0.258908
0.265143
0.265611
0.258505
0.226086
0.235269
0.221873
0.224078
0.229702
0.255301
0.261395
0.258787
0.266256
0.258902
0.265231
0.229067
0.239932
0.238215
0.246846
0.251713
0.246265
0.254547
0.241027
0.251734
0.254592
0.258667
0.260699
0.259329
0.234832
0.240626
0.230515
0.233211
0.236718
0.256848
0.259766
0.251666
0.254625
0.260398
0.25862
0.254644
0.237774
0.242586
0.246574
0.250883
0.248623
0.255477
0.246694
0.250235
0.255816
0.258221
0.258085
0.257555
0.240926
0.245427
0.243115
0.238585
0.240598
0.258359
0.257297
0.250282
0.255745
0.257799
0.256988
0.254475
0.243356
0.247803
0.250852
0.251206
0.250947
0.254606
0.256789
0.249804
0.251189
0.254894
0.258312
0.258017
0.250055
0.246984
0.248648
0.246972
0.246237
0.258266
0.254821
0.257057
0.255584
0.259137
0.257598
0.250826
0.255581
0.254614
0.253784
0.256686
0.258712
0.253255
0.260544
0.254616
0.256717
0.259561
0.259467
0.254545
0.252504
0.253375
0.252586
0.260888
0.258762
0.25746
0.261138
0.259436
0.260533
0.256398
0.260096
0.25772
0.258606
0.260853
0.258042
0.259593
0.256644
0.259312
0.262686
0.26277
0.258777
0.259148
0.262066
0.259544
0.258291
0.257739
0.257676
0.26321
0.262409
0.263483
0.263296
0.262429
0.261008
0.262984
0.262414
0.26314
0.264461
0.262314
0.260692
0.263234
0.265078
0.26553
0.265467
0.265087
0.264301
0.263772
0.263138
0.262663
0.266092
0.265877
0.266999
0.266093
0.265925
0.26536
0.267052
0.266937
0.267759
0.268626
0.264474
0.268437
0.267825
0.268972
0.269214
0.270004
0.269373
0.268082
0.269505
0.267252
0.269779
0.26982
0.270839
0.270012
0.26938
0.26967
0.271173
0.271336
0.27242
0.273895
0.273222
0.26987
0.272754
0.272482
0.272995
0.273181
0.274014
0.273466
0.272371
0.273852
0.271717
0.275365
0.274863
0.274484
0.275161
0.275677
0.273803
0.275512
0.277046
0.277751
0.277644
0.274031
0.277404
0.277055
0.278235
0.278148
0.277996
0.277734
0.277282
0.278214
0.276094
0.278914
0.278165
0.278651
0.279341
0.279089
0.280204
0.279796
0.281635
0.282076
0.281861
0.278244
0.281849
0.281648
0.282468
0.283281
0.282261
0.282529
0.280672
0.282498
0.282489
0.282496
0.282388
0.282251
0.282461
0.282488
0.284755
0.285212
0.286172
0.286535
0.286445
0.283843
0.28619
0.286437
0.286313
0.286666
0.28674
0.286574
0.284305
0.286795
0.286797
0.286778
0.286673
0.287254
0.287867
0.286802
0.288844
0.288378
0.290671
0.290737
0.291287
0.290675
0.28972
0.290745
0.291042
0.290369
0.29008
0.290912
0.289297
0.290308
0.290093
0.292443
0.291599
0.291901
0.29218
0.29293
0.293165
0.292693
0.295123
0.295392
0.295674
0.29955
0.295127
0.294932
0.294035
0.295217
0.294229
0.294586
0.295326
0.293613
0.293828
0.293391
0.296083
0.296237
0.29596
0.296507
0.296342
0.297485
0.297014
0.299547
0.299797
0.299596
0.303948
0.299137
0.299567
0.298361
0.299635
0.299704
0.298756
0.297935
0.299747
0.299764
0.29973
0.300846
0.300323
0.299673
0.299759
0.301815
0.301343
0.303949
0.303957
0.303997
0.303975
0.308336
0.303957
0.308107
0.303514
0.302696
0.303998
0.304047
0.303107
0.302266
0.30408
0.304095
0.304066
0.304046
0.304024
0.304091
0.305122
0.30488
0.31271
0.308337
0.308336
0.308345
0.308376
0.308361
0.30842
0.312707
0.308346
0.312253
0.307673
0.308408
0.308378
0.30725
0.308432
0.308427
0.308408
0.308394
0.308431
0.30842
0.308427
0.317074
0.312708
0.312937
0.312712
0.313409
0.312732
0.312762
0.317072
0.317074
0.312721
0.311815
0.312754
0.312743
0.312771
0.312768
0.313888
0.312771
0.312762
0.312754
0.312768
0.321436
0.321432
0.317075
0.317072
0.317079
0.317533
0.318002
0.316307
0.320974
0.317079
0.317086
0.317093
0.317101
0.316085
0.317111
0.317093
0.317114
0.317107
0.318474
0.318941
0.325791
0.325789
0.325788
0.321435
0.321661
0.322123
0.321432
0.321439
0.319852
0.321435
0.320523
0.32579
0.32145
0.321444
0.3194
0.321457
0.32259
0.321459
0.322136
0.321454
0.322372
0.330143
0.330146
0.330143
0.330601
0.325791
0.325789
0.32579
0.326247
0.326709
0.325802
0.325792
0.325796
0.325799
0.325805
0.325804
0.325799
0.325796
0.325805
0.325802
0.325804
0.331061
0.334495
0.334495
0.334498
0.334496
0.330145
0.330143
0.330143
0.330142
0.330147
0.330145
0.330151
0.330147
0.330149
0.330153
0.330152
0.330151
0.330149
0.330153
0.330152
0.338849
0.334498
0.334496
0.33816
0.338847
0.338848
0.334498
0.334496
0.334953
0.334495
0.335412
0.334498
0.333699
0.334499
0.333472
0.334501
0.3345
0.335873
0.334502
0.336333
0.3432
0.34297
0.337703
0.338848
0.342511
0.34274
0.338849
0.339305
0.338848
0.338847
0.339764
0.338848
0.338849
0.337248
0.338851
0.336791
0.340223
0.33885
0.340682
0.338851
0.34755
0.347321
0.347091
0.342054
0.342283
0.342513
0.346633
0.346862
0.3432
0.343198
0.343428
0.343885
0.343198
0.344344
0.342285
0.341597
0.34114
0.344573
0.344116
0.344803
0.345261
0.351901
0.3519
0.351442
0.346405
0.346176
0.3519
0.350984
0.34755
0.347779
0.348236
0.348007
0.348465
0.348694
0.345719
0.34755
0.34755
0.348923
0.34755
0.349153
0.349611
0.356021
0.356251
0.355563
0.35625
0.351099
0.3519
0.350526
0.355105
0.35625
0.351901
0.352129
0.352587
0.352358
0.353045
0.352816
0.35087
0.350069
0.352931
0.352702
0.353274
0.353732
0.360601
0.360372
0.359914
0.360601
0.354648
0.35625
0.359456
0.3606
0.356251
0.356251
0.35625
0.356708
0.35625
0.357166
0.35625
0.35419
0.356251
0.357624
0.35625
0.358082
0.362432
0.364035
0.364493
0.364951
0.364722
0.364264
0.359914
0.358998
0.363577
0.363806
0.361974
0.360601
0.360601
0.361059
0.361516
0.3606
0.361745
0.359685
0.35854
0.362661
0.362203
0.365867
0.364951
0.368385
0.368843
0.369301
0.369301
0.369301
0.373651
0.363119
0.363348
0.367927
0.369301
0.365638
0.364951
0.364951
0.364951
0.364951
0.366095
0.36289
0.367011
0.366553
0.369301
0.369301
0.372735
0.373193
0.373651
0.373651
0.378001
0.367469
0.369301
0.372277
0.373651
0.369301
0.369301
0.36953
0.369988
0.369301
0.370446
0.371362
0.369301
0.370904
0.373651
0.373651
0.373651
0.377086
0.377544
0.37823
0.378688
0.382352
0.382352
0.37182
0.373651
0.379146
0.378002
0.373651
0.373651
0.373651
0.373651
0.373651
0.378001
0.374681
0.373651
0.374452
0.377085
0.378001
0.378001
0.378001
0.382352
0.382352
0.382352
0.382352
0.386473
0.386702
0.378001
0.379604
0.382352
0.377314
0.378001
0.378001
0.381435
0.378001
0.380062
0.378001
0.38052
0.382352
0.381893
0.382351
0.386015
0.385557
0.386702
0.386015
0.386702
0.391052
0.391052
0.391052
0.382352
0.385099
0.380978
0.382351
0.384984
0.384984
0.382351
0.382351
0.384641
0.384183
0.382351
0.386702
0.387159
0.38693
0.395403
0.389679
0.390137
0.391052
0.391053
0.395403
0.394945
0.385786
0.38922
0.391052
0.386701
0.387617
0.387388
0.387846
0.387617
0.388762
0.391052
0.388304
0.391052
0.391051
0.39128
0.404104
0.399524
0.399753
0.394029
0.395403
0.394487
0.395403
0.399753
0.399067
0.393571
0.395403
0.391051
0.391051
0.391738
0.392196
0.391052
0.393112
0.395402
0.392654
0.395402
0.395401
0.395401
0.395401
0.408454
0.404104
0.404104
0.399753
0.399753
0.398608
0.399753
0.404104
0.404104
0.399753
0.395401
0.395401
0.395401
0.399752
0.395402
0.396432
0.396203
0.399751
0.39998
0.400209
0.399751
0.400667
0.412805
0.408455
0.412577
0.407997
0.403417
0.404103
0.404104
0.408455
0.407539
0.404103
0.404103
0.399751
0.399751
0.399752
0.399752
0.399752
0.404101
0.40433
0.404101
0.404788
0.404101
0.405246
0.417156
0.417157
0.412806
0.416699
0.412119
0.407652
0.40708
0.408454
0.41166
0.412805
0.404102
0.407422
0.408453
0.404102
0.404101
0.404102
0.408451
0.408451
0.408908
0.408451
0.408451
0.409366
0.421508
0.421508
0.42105
0.417156
0.41624
0.411201
0.412804
0.417155
0.417156
0.408452
0.410742
0.412803
0.417154
0.408452
0.409825
0.410284
0.4128
0.4128
0.4128
0.4128
0.4128
0.412801
0.42586
0.426089
0.425401
0.421508
0.420591
0.417154
0.420819
0.421506
0.412802
0.417153
0.420588
0.412802
0.413488
0.413718
0.417149
0.417149
0.417149
0.41715
0.41715
0.41715
0.417151
0.430212
0.430211
0.430212
0.426546
0.43021
0.424942
0.421505
0.427002
0.424482
0.417152
0.417153
0.421503
0.424023
0.417151
0.421498
0.421727
0.421499
0.4215
0.422186
0.422645
0.421501
0.433875
0.434563
0.434335
0.434565
0.430209
0.430208
0.427458
0.430207
0.421502
0.423563
0.427914
0.430205
0.423104
0.425847
0.425848
0.425848
0.425848
0.425849
0.42585
0.42585
0.434561
0.437996
0.438457
0.438914
0.438918
0.438917
0.433414
0.432953
0.433871
0.425852
0.428142
0.432493
0.434555
0.428598
0.430196
0.429967
0.430197
0.429511
0.430199
0.429055
0.4302
0.43891
0.442347
0.44281
0.442579
0.443272
0.443041
0.437534
0.437304
0.430202
0.434553
0.437989
0.436843
0.43455
0.434551
0.434544
0.434546
0.434545
0.434548
0.434547
0.434549
0.441885
0.442116
0.446698
0.447163
0.447618
0.447627
0.447624
0.441423
0.441654
0.434552
0.437527
0.437643
0.441193
0.440963
0.438899
0.440503
0.438892
0.438895
0.439122
0.438897
0.439583
0.440043
0.446235
0.447611
0.451049
0.45197
0.451516
0.451983
0.451979
0.45634
0.445773
0.447606
0.440733
0.444167
0.447603
0.445313
0.443249
0.444853
0.44324
0.443244
0.443471
0.443247
0.443932
0.444393
0.4554
0.450585
0.451961
0.455166
0.455635
0.45587
0.456105
0.460699
0.46069
0.450122
0.451955
0.447601
0.451952
0.449662
0.455271
0.447599
0.449202
0.447588
0.447593
0.44782
0.447597
0.448282
0.448743
0.45803
0.45815
0.454934
0.457911
0.465059
0.460673
0.460681
0.464817
0.454471
0.456304
0.459851
0.45195
0.454011
0.45733
0.45859
0.451949
0.453552
0.457101
0.451937
0.452169
0.451943
0.452632
0.451947
0.453093
0.460659
0.460665
0.460655
0.473785
0.469423
0.469174
0.464336
0.465034
0.46065
0.463397
0.478148
0.482516
0.458131
0.460649
0.462938
0.456298
0.457673
0.460649
0.45629
0.456285
0.460635
0.456295
0.456751
0.457213
0.465013
0.463862
0.465001
0.473759
0.469386
0.473736
0.468685
0.464997
0.467743
0.478343
0.482466
0.491243
0.486886
0.486808
0.462481
0.464998
0.467286
0.460649
0.462023
0.465
0.464987
0.460641
0.460647
0.461102
0.461564
0.469358
0.468208
0.469345
0.473701
0.478082
0.473715
0.469343
0.472086
0.482419
0.49559
0.494252
0.490909
0.486746
0.499916
0.504194
0.46683
0.469347
0.471633
0.465
0.466374
0.46935
0.469342
0.464993
0.464999
0.465455
0.465916
0.473691
0.473687
0.478037
0.482388
0.478739
0.473688
0.476427
0.486705
0.498458
0.497221
0.494142
0.491057
0.490325
0.502586
0.506905
0.508451
0.47118
0.475979
0.473695
0.470497
0.470725
0.473701
0.4737
0.469577
0.469809
0.470268
0.470039
0.479166
0.478024
0.482356
0.482363
0.478032
0.479624
0.490979
0.486679
0.501248
0.49814
0.494579
0.495052
0.50569
0.509508
0.511094
0.51238
0.513832
0.480097
0.47553
0.478044
0.473704
0.475077
0.478052
0.478064
0.473705
0.474621
0.474165
0.473706
0.551439
0.46205
0.482356
0.486674
0.482373
0.483162
0.493473
0.489846
0.523721
0.504044
0.503079
0.49909
0.497073
0.507778
0.511233
0.513787
0.516326
0.520878
0.521363
0.483416
0.482395
0.480568
0.482406
0.478058
0.478056
0.481032
0.478064
0.482434
0.478065
0.47806
0.46205
0.486732
0.486681
0.486717
0.486696
0.497714
0.490997
0.494673
0.543056
0.514044
0.506797
0.500492
0.50425
0.501942
0.509558
0.511304
0.51559
0.517022
0.521559
0.48675
0.486756
0.486811
0.486759
0.48676
0.481494
0.483553
0.481964
0.482661
0.486797
0.483101
0.46205
0.491089
0.491059
0.491027
0.498365
0.495137
0.49463
0.503304
0.541458
0.518277
0.508992
0.505505
0.504628
0.513173
0.516109
0.518069
0.523293
0.491108
0.491119
0.491118
0.491201
0.491162
0.486757
0.491113
0.487674
0.486768
0.487237
0.46205
0.49511
0.495182
0.500014
0.499071
0.49911
0.507365
0.505181
0.547735
0.520674
0.512539
0.510447
0.515514
0.517003
0.522755
0.494957
0.49504
0.49514
0.495596
0.494541
0.491134
0.494484
0.491105
0.495123
0.491103
0.49111
0.46205
0.499459
0.501682
0.502812
0.507885
0.511999
0.509182
0.552357
0.518361
0.515357
0.518772
0.521522
0.499781
0.498805
0.49894
0.499994
0.498569
0.497836
0.496122
0.49778
0.496105
0.494437
0.46205
0.503508
0.506726
0.50591
0.511069
0.510649
0.514853
0.546169
0.513415
0.51849
0.523798
0.504146
0.502656
0.502836
0.5031
0.504379
0.503052
0.501491
0.499982
0.497767
0.499413
0.46205
0.507028
0.511333
0.509939
0.51453
0.514686
0.518753
0.548289
0.525391
0.521607
0.503535
0.50654
0.506753
0.507032
0.508718
0.507227
0.504364
0.506031
0.503935
0.46205
0.511464
0.515422
0.513416
0.561192
0.520115
0.519319
0.522174
0.518885
0.528882
0.50758
0.510401
0.510565
0.510896
0.512878
0.510583
0.508188
0.46205
0.512899
0.516245
0.522372
0.51961
0.557364
0.525656
0.527484
0.527883
0.511316
0.517111
0.514135
0.514302
0.514513
0.514329
0.513547
0.46205
0.51744
0.521974
0.526096
0.554661
0.524817
0.529126
0.51392
0.520265
0.518478
0.521183
0.518047
0.51805
0.51809
0.516633
0.517351
0.46205
0.521323
0.527447
0.524391
0.550413
0.46205
0.538841
0.522446
0.515032
0.521219
0.521084
0.520705
0.519202
0.519351
0.46205
0.526911
0.523842
0.554362
0.46205
0.53451
0.519446
0.526679
0.524623
0.524885
0.46205
0.52394
0.553466
0.46205
0.545075
0.519127
0.522017
0.522184
0.46205
0.551948
0.46205
0.548545
0.549642
0.46205
0.46205
