0.83169
0.83169
0.83169
0.83169
0.83169
0.83169
0.83169
0.83169
0.83169
0.83169
0.83169
0.83169
0.808607
0.809981
0.810398
0.83169
0.811319
0.807078
0.83169
0.83169
0.83169
0.809433
0.810493
0.83169
0.83169
0.83169
0.83169
0.809102
0.809197
0.812617
0.811363
0.809924
0.81132
0.812456
0.812741
0.811752
0.810426
0.809995
0.812719
0.810902
0.811919
0.809114
0.812641
0.808838
0.814284
0.813916
0.809779
0.812722
0.812443
0.810549
0.807496
0.810006
0.8131
0.811484
0.807505
0.806549
0.806832
0.807008
0.805981
0.805403
0.809555
0.810479
0.807587
0.804327
0.803487
0.811419
0.806608
0.808514
0.805808
0.80398
0.807604
0.803221
0.800317
0.803519
0.805277
0.802319
0.803965
0.803005
0.802178
0.80173
0.800922
0.801829
0.803563
0.80502
0.803634
0.801795
0.800158
0.798753
0.804902
0.802094
0.803225
0.801832
0.798392
0.798365
0.795412
0.802075
0.796692
0.799942
0.796989
0.79862
0.795515
0.799439
0.798397
0.798
0.797512
0.796287
0.794756
0.798334
0.800391
0.798464
0.796581
0.795257
0.799897
0.796565
0.798283
0.796694
0.793287
0.794155
0.790732
0.795968
0.792991
0.792129
0.791512
0.790338
0.79467
0.7939
0.792691
0.79226
0.791092
0.788305
0.787046
0.793327
0.794193
0.793182
0.79161
0.796026
0.792142
0.793035
0.790757
0.789963
0.788273
0.788184
0.786385
0.787261
0.789329
0.786836
0.786588
0.783557
0.78552
0.790005
0.787859
0.787968
0.78528
0.784249
0.782985
0.788286
0.785105
0.789702
0.789336
0.78566
0.787276
0.786141
0.781673
0.783755
0.7833
0.78291
0.782057
0.782637
0.783777
0.78565
0.781682
0.781586
0.779957
0.7807
0.783678
0.782673
0.777995
0.780361
0.780545
0.779436
0.783315
0.781991
0.78076
0.783131
0.780311
0.783793
0.782386
0.781546
0.778584
0.778596
0.778334
0.777742
0.778029
0.780306
0.776833
0.773424
0.776588
0.776308
0.775641
0.771593
0.775881
0.776786
0.773416
0.775582
0.775641
0.778338
0.776839
0.776607
0.777625
0.778216
0.777341
0.77213
0.773431
0.773434
0.773376
0.773431
0.77342
0.7734
0.768462
0.768459
0.768454
0.771862
0.768468
0.768592
0.768326
0.771326
0.771061
0.770539
0.770798
0.773377
0.773144
0.772903
0.772395
0.772653
0.768468
0.768463
0.768459
0.768421
0.768451
0.768438
0.763496
0.763495
0.766364
0.763493
0.764807
0.765067
0.765324
0.765582
0.765841
0.766101
0.76842
0.768439
0.768454
0.768464
0.764545
0.761147
0.758532
0.763495
0.758531
0.763492
0.763467
0.763486
0.763477
0.758989
0.759446
0.760033
0.76062
0.761082
0.761668
0.761016
0.761405
0.761142
0.76088
0.757228
0.763464
0.763215
0.762965
0.762711
0.757488
0.757745
0.754875
0.758528
0.754613
0.758523
0.758512
0.758518
0.755137
0.755398
0.755659
0.75592
0.753571
0.756967
0.756705
0.756443
0.756181
0.753702
0.753569
0.758508
0.758255
0.758001
0.753566
0.753562
0.751741
0.75161
0.754349
0.751478
0.754085
0.753555
0.75382
0.751872
0.752003
0.752395
0.752133
0.752264
0.749914
0.750176
0.75344
0.752917
0.750437
0.749651
0.753552
0.753557
0.749387
0.749123
0.745995
0.748608
0.748607
0.748606
0.748604
0.748602
0.748598
0.7486
0.748608
0.748608
0.748608
0.748608
0.746127
0.746061
0.745475
0.748609
0.748594
0.745994
0.748859
0.745991
0.745989
0.7426
0.74234
0.743646
0.743646
0.743645
0.743645
0.743643
0.743642
0.743641
0.74364
0.743647
0.743647
0.743647
0.738685
0.742079
0.741819
0.741558
0.743636
0.742859
0.743377
0.743118
0.738682
0.738683
0.738684
0.738685
0.738683
0.738684
0.738683
0.738682
0.738681
0.738681
0.733723
0.733724
0.738685
0.738685
0.738685
0.733724
0.737901
0.737641
0.737771
0.738678
0.73868
0.738679
0.733723
0.73372
0.733721
0.733722
0.733723
0.733723
0.733722
0.733722
0.733721
0.733721
0.728762
0.728762
0.728763
0.728763
0.733724
0.733724
0.728763
0.733723
0.733724
0.733724
0.733718
0.733719
0.729282
0.730067
0.729544
0.729805
0.728762
0.728761
0.728761
0.728761
0.728761
0.725107
0.724845
0.724715
0.724846
0.724977
0.728763
0.728763
0.728762
0.728762
0.726281
0.728759
0.72902
0.72641
0.726149
0.726346
0.726411
0.723801
0.724584
0.724323
0.724062
0.723801
0.721712
0.721321
0.720668
0.71884
0.720929
0.723802
0.72119
0.723801
0.723801
0.723801
0.722495
0.71884
0.723799
0.723538
0.723277
0.723016
0.722756
0.717274
0.71884
0.71884
0.71884
0.71884
0.717535
0.717013
0.713879
0.713879
0.71401
0.716752
0.716491
0.71884
0.71884
0.71884
0.71884
0.718839
0.715184
0.718838
0.718838
0.718839
0.718839
0.710485
0.713879
0.713879
0.713879
0.713879
0.71401
0.710224
0.709963
0.710746
0.711007
0.711268
0.713879
0.713879
0.713879
0.713879
0.714923
0.711398
0.713878
0.713617
0.713356
0.713095
0.707091
0.707221
0.709702
0.709441
0.70918
0.708919
0.70683
0.70696
0.707352
0.707482
0.708918
0.708918
0.708918
0.708918
0.707612
0.707873
0.708917
0.708656
0.708395
0.708134
0.703958
0.703958
0.703958
0.703957
0.70448
0.704219
0.703958
0.703958
0.703958
0.703958
0.703957
0.703957
0.703957
0.703957
0.703957
0.703957
0.703957
0.703957
0.703957
0.703957
0.698996
0.698997
0.698997
0.698997
0.698997
0.698997
0.698997
0.698997
0.698997
0.698997
0.694036
0.698997
0.694036
0.698997
0.698996
0.698996
0.698996
0.698996
0.698996
0.698996
0.698996
0.698996
0.694035
0.694035
0.694036
0.694819
0.694036
0.694036
0.694036
0.694036
0.694036
0.69038
0.690119
0.694036
0.689075
0.689075
0.694036
0.694035
0.694035
0.694036
0.694036
0.693513
0.694035
0.693774
0.689074
0.689074
0.689074
0.690641
0.689075
0.689858
0.689597
0.689336
0.689075
0.687247
0.686986
0.687117
0.689075
0.684114
0.684114
0.684114
0.684114
0.689075
0.689075
0.689075
0.689075
0.689074
0.689074
0.684114
0.684636
0.684114
0.684114
0.684114
0.684114
0.684114
0.684114
0.684114
0.684114
0.684114
0.679153
0.679153
0.679153
0.679153
0.679153
0.684114
0.684114
0.684114
0.684114
0.684375
0.679153
0.679153
0.679153
0.679153
0.679414
0.679153
0.679153
0.679153
0.679153
0.679153
0.679153
0.674192
0.674192
0.674192
0.674192
0.674192
0.674192
0.679153
0.679153
0.674192
0.679153
0.679153
0.674192
0.674192
0.674192
0.674192
0.674192
0.674192
0.674192
0.674192
0.674192
0.674192
0.670537
0.670667
0.670798
0.669231
0.669231
0.669231
0.674192
0.670537
0.674192
0.674192
0.670275
0.670014
0.669753
0.669231
0.669231
0.669231
0.669231
0.669231
0.669231
0.670928
0.66662
0.666881
0.667142
0.667403
0.66427
0.66427
0.66427
0.66427
0.669231
0.667664
0.666751
0.666685
0.669492
0.66662
0.66662
0.66662
0.66427
0.66427
0.66427
0.66427
0.66427
0.662965
0.663095
0.663226
0.663356
0.659309
0.659309
0.659309
0.659309
0.659309
0.659309
0.66427
0.663161
0.662965
0.663226
0.664009
0.663748
0.663487
0.659309
0.659309
0.659309
0.659309
0.659309
0.659309
0.659309
0.659309
0.654348
0.654348
0.654348
0.654348
0.654348
0.654348
0.654348
0.659309
0.659309
0.659309
0.659309
0.659309
0.659309
0.654348
0.654348
0.654348
0.654348
0.650432
0.654348
0.654348
0.654348
0.654348
0.650693
0.649388
0.649388
0.649388
0.649388
0.649388
0.654348
0.654348
0.654348
0.654087
0.654348
0.650171
0.64991
0.649649
0.649388
0.647429
0.647299
0.649388
0.649388
0.649388
0.649388
0.644427
0.644427
0.644427
0.644427
0.644427
0.644427
0.644427
0.649388
0.649388
0.649388
0.649388
0.649388
0.644427
0.644427
0.644427
0.644427
0.644427
0.644427
0.644427
0.644427
0.639466
0.639466
0.639466
0.639466
0.639466
0.639466
0.639466
0.639466
0.644427
0.644427
0.644427
0.644427
0.644427
0.639466
0.639466
0.639466
0.639466
0.639466
0.639466
0.639466
0.639466
0.634505
0.634505
0.634505
0.634505
0.634505
0.634505
0.634505
0.634505
0.634505
0.639466
0.639466
0.639466
0.639466
0.634505
0.634505
0.634505
0.634505
0.634505
0.634505
0.634505
0.631633
0.631502
0.630458
0.631372
0.630588
0.630719
0.631241
0.63085
0.63098
0.631111
0.634505
0.634244
0.634505
0.633983
0.628761
0.629022
0.629805
0.629544
0.630327
0.629544
0.629544
0.6285
0.628239
0.626411
0.626672
0.627977
0.626933
0.627716
0.627194
0.627455
0.629544
0.629544
0.629544
0.629544
0.624583
0.624583
0.624583
0.624583
0.62615
0.625889
0.625628
0.62145
0.624583
0.624583
0.621711
0.621972
0.6238
0.622233
0.623669
0.623539
0.624583
0.624583
0.625105
0.625366
0.621972
0.619622
0.619622
0.619622
0.619622
0.619622
0.621189
0.620928
0.620667
0.617925
0.618056
0.619622
0.618186
0.618317
0.619622
0.619622
0.619622
0.619622
0.619361
0.6191
0.618839
0.614661
0.614661
0.614661
0.614661
0.614661
0.617795
0.617664
0.614661
0.614661
0.614661
0.614661
0.614661
0.614661
0.614661
0.614661
0.614661
0.614661
0.614661
0.614661
0.614661
0.614661
0.6097
0.6097
0.6097
0.609962
0.6097
0.614661
0.60474
0.6097
0.6097
0.6097
0.6097
0.6097
0.6097
0.6097
0.6097
0.6097
0.6097
0.6097
0.6097
0.6097
0.6097
0.6097
0.60474
0.60474
0.60474
0.60474
0.60474
0.600301
0.600562
0.606828
0.606698
0.606567
0.606437
0.606306
0.606176
0.606045
0.60474
0.605915
0.605784
0.605653
0.60474
0.605262
0.605001
0.60239
0.603956
0.601084
0.600823
0.599779
0.60004
0.597429
0.597429
0.597429
0.603695
0.603434
0.603173
0.602912
0.602651
0.60239
0.600562
0.602129
0.601606
0.601867
0.599779
0.599256
0.599518
0.598995
0.596123
0.593773
0.594557
0.594818
0.594296
0.594034
0.598734
0.598473
0.598212
0.597951
0.597429
0.59769
0.596645
0.59299
0.596384
0.597168
0.596907
0.594818
0.594818
0.594818
0.594818
0.589857
0.589857
0.589857
0.589857
0.589857
0.589857
0.594818
0.593643
0.594818
0.594034
0.593904
0.593773
0.59299
0.589857
0.592729
0.592468
0.589857
0.589857
0.589596
0.589857
0.584896
0.584896
0.584896
0.584896
0.584896
0.584896
0.589726
0.58098
0.589857
0.589857
0.589857
0.586985
0.589857
0.589857
0.589857
0.584896
0.586724
0.586985
0.587246
0.584896
0.584635
0.584374
0.584113
0.581241
0.580718
0.580457
0.580196
0.579935
0.577846
0.577977
0.586854
0.586332
0.586463
0.583852
0.586724
0.586593
0.581763
0.579935
0.582285
0.582024
0.582546
0.579935
0.579935
0.579935
0.579935
0.574974
0.574974
0.574974
0.574974
0.574974
0.574974
0.578369
0.583591
0.582807
0.583068
0.570013
0.577585
0.574974
0.579935
0.583329
0.574974
0.577324
0.574974
0.577063
0.576019
0.570013
0.574974
0.575235
0.575758
0.575496
0.570013
0.570013
0.570536
0.567402
0.570013
0.570274
0.579935
0.579805
0.580066
0.567011
0.567141
0.573669
0.570013
0.57628
0.576541
0.576802
0.570013
0.573538
0.570013
0.573408
0.572885
0.573016
0.565052
0.570013
0.570013
0.570013
0.570013
0.563747
0.564269
0.56453
0.564791
0.565052
0.564008
0.570013
0.565052
0.573147
0.573277
0.565052
0.570013
0.560092
0.560092
0.566227
0.562703
0.570013
0.570013
0.565052
0.570013
0.560092
0.560092
0.565052
0.565052
0.565052
0.565052
0.560092
0.560092
0.560092
0.560092
0.570013
0.560092
0.566097
0.555914
0.556175
0.562441
0.558917
0.56218
0.565052
0.565052
0.56205
0.565052
0.555131
0.555131
0.555131
0.560092
0.560353
0.559569
0.559308
0.555131
0.555392
0.555653
0.555131
0.56218
0.552128
0.55252
0.552781
0.555131
0.557742
0.560092
0.559047
0.560092
0.558786
0.55017
0.55017
0.55017
0.555131
0.55487
0.554347
0.554608
0.548864
0.55017
0.549648
0.55017
0.558003
0.549125
0.549386
0.552781
0.55017
0.553042
0.555131
0.554086
0.555131
0.553825
0.545209
0.545209
0.545209
0.545209
0.545209
0.55017
0.55017
0.55017
0.55017
0.545209
0.545209
0.545209
0.545209
0.545209
0.548995
0.545209
0.540248
0.549582
0.55017
0.55017
0.55017
0.55017
0.541031
0.540248
0.541162
0.541423
0.541292
0.541554
0.545209
0.544948
0.545209
0.544687
0.540248
0.540248
0.540248
0.540248
0.545209
0.541684
0.536593
0.536332
0.545209
0.545209
0.545209
0.545209
0.537115
0.536854
0.537376
0.537637
0.537898
0.540248
0.540248
0.540248
0.540248
0.540248
0.53607
0.535809
0.535548
0.535287
0.541815
0.538159
0.533459
0.532676
0.533329
0.53842
0.540248
0.540248
0.535287
0.530326
0.533459
0.533198
0.532937
0.532415
0.532676
0.535287
0.535287
0.535287
0.535287
0.530326
0.530326
0.530326
0.530326
0.535157
0.535287
0.529021
0.529282
0.535157
0.535222
0.532154
0.531371
0.531632
0.529412
0.525365
0.529282
0.529151
0.52876
0.529021
0.52889
0.530326
0.53111
0.530587
0.530848
0.525365
0.525365
0.525365
0.525365
0.525365
0.525365
0.52641
0.528629
0.531893
0.526671
0.520404
0.525365
0.520404
0.525365
0.525365
0.525365
0.525365
0.525365
0.520404
0.525365
0.525626
0.526149
0.525888
0.520404
0.520404
0.520404
0.520404
0.523407
0.523277
0.525365
0.520404
0.515444
0.515444
0.515444
0.520404
0.520404
0.515444
0.520404
0.520404
0.520404
0.520404
0.515444
0.520404
0.520404
0.520404
0.520404
0.515444
0.515444
0.515444
0.520404
0.520404
0.515444
0.515444
0.515444
0.510483
0.510483
0.511266
0.511397
0.515444
0.515444
0.511527
0.515444
0.515444
0.515444
0.510483
0.515444
0.515444
0.515444
0.515444
0.510483
0.510483
0.510483
0.512571
0.512441
0.506566
0.51231
0.51218
0.506827
0.507088
0.507349
0.512049
0.511658
0.507611
0.511788
0.511919
0.506305
0.510483
0.510222
0.50996
0.509699
0.506044
0.505522
0.505783
0.509438
0.509177
0.503433
0.503564
0.508916
0.508655
0.503694
0.503825
0.503955
0.508394
0.504086
0.507872
0.508133
0.500561
0.505522
0.505522
0.505522
0.505522
0.500561
0.500561
0.500561
0.505522
0.505522
0.500561
0.500561
0.504738
0.503694
0.500561
0.500561
0.500561
0.500561
0.503433
0.503172
0.4956
0.4956
0.500561
0.500561
0.500561
0.500561
0.500561
0.4956
0.4956
0.4956
0.500561
0.500691
0.496644
0.491684
0.4956
0.496383
0.500561
0.497428
0.497689
0.496644
0.496514
0.496775
0.49795
0.491422
0.491945
0.4956
0.495861
0.496122
0.496383
0.496906
0.491161
0.490639
0.4909
0.488289
0.493642
0.493511
0.486723
0.486984
0.492206
0.492467
0.494033
0.493772
0.493511
0.492989
0.492728
0.49325
0.486462
0.487245
0.490639
0.490639
0.490639
0.490639
0.490639
0.485156
0.485417
0.485678
0.490639
0.483589
0.48372
0.483851
0.487506
0.487767
0.489856
0.489725
0.489595
0.489464
0.488028
0.483851
0.480717
0.480717
0.485678
0.485678
0.485678
0.485678
0.485678
0.485678
0.480717
0.480717
0.480717
0.480717
0.480717
0.484046
0.484242
0.485678
0.485678
0.485678
0.480717
0.485678
0.47654
0.477584
0.476801
0.47654
0.477062
0.480717
0.480717
0.480717
0.480717
0.480717
0.480717
0.476279
0.476018
0.475756
0.480717
0.480717
0.475756
0.47184
0.480717
0.480717
0.476801
0.476931
0.480717
0.471579
0.472623
0.472362
0.472101
0.475756
0.475495
0.475756
0.475756
0.475756
0.475756
0.471318
0.471057
0.470796
0.475756
0.470796
0.470796
0.468837
0.468707
0.475756
0.472884
0.473145
0.473407
0.469229
0.465835
0.469098
0.468968
0.470796
0.470796
0.470796
0.470796
0.470796
0.465835
0.465835
0.465835
0.470796
0.467923
0.467662
0.467793
0.465835
0.465835
0.470796
0.46936
0.46949
0.465835
0.465835
0.465835
0.461657
0.461918
0.465835
0.465835
0.466096
0.465312
0.465051
0.464268
0.461396
0.460874
0.460874
0.46479
0.464529
0.462179
0.465835
0.465835
0.465835
0.461788
0.462049
0.461918
0.459568
0.460874
0.458263
0.458524
0.458263
0.460874
0.460874
0.460613
0.460352
0.46009
0.459307
0.455391
0.455652
0.455913
0.459829
0.457741
0.460874
0.462179
0.455913
0.457741
0.458263
0.458002
0.455913
0.455913
0.455913
0.454868
0.45513
0.454607
0.454346
0.455913
0.455913
0.455913
0.455913
0.452519
0.450952
0.450952
0.450952
0.458524
0.45291
0.453041
0.454085
0.453302
0.453563
0.453824
0.449647
0.450952
0.450952
0.450952
0.450952
0.450952
0.450169
0.450952
0.450691
0.450169
0.45043
0.445991
0.446774
0.446513
0.446252
0.445991
0.449908
0.445991
0.450038
0.449908
0.449647
0.449777
0.445991
0.445991
0.445991
0.445991
0.443902
0.447036
0.445991
0.445991
0.445991
0.44573
0.445208
0.445469
0.44103
0.44103
0.44103
0.44103
0.44103
0.44103
0.44103
0.445991
0.445991
0.445991
0.44103
0.44103
0.44103
0.44103
0.44103
0.44103
0.44103
0.44103
0.437375
0.44103
0.44103
0.44103
0.436069
0.436069
0.436069
0.436069
0.436069
0.436069
0.436069
0.44103
0.44103
0.437114
0.436069
0.436069
0.436069
0.436069
0.436069
0.436069
0.434111
0.436853
0.431108
0.431108
0.436069
0.435808
0.435547
0.431108
0.431108
0.431108
0.431108
0.431108
0.431108
0.431108
0.436069
0.433981
0.431108
0.426148
0.431108
0.431108
0.431108
0.431108
0.431108
0.431108
0.431108
0.431108
0.426148
0.426148
0.426148
0.431108
0.430847
0.426148
0.426148
0.426148
0.426148
0.426148
0.426148
0.426148
0.426148
0.422101
0.426148
0.426148
0.426148
0.426148
0.426148
0.426148
0.422492
0.422231
0.421187
0.421187
0.426148
0.426148
0.421187
0.421187
0.421187
0.421187
0.421187
0.421187
0.421187
0.421187
0.418053
0.421187
0.421187
0.421187
0.42197
0.421709
0.418053
0.418576
0.418576
0.416226
0.416226
0.421187
0.421448
0.416226
0.416226
0.416226
0.414659
0.416226
0.416226
0.416226
0.416226
0.416226
0.414398
0.411134
0.416226
0.416226
0.418576
0.418837
0.41492
0.411265
0.415181
0.415442
0.411265
0.411265
0.411265
0.416226
0.415965
0.411265
0.411265
0.411265
0.411265
0.407871
0.411265
0.411265
0.411265
0.411265
0.408132
0.411265
0.415704
0.406304
0.406304
0.411265
0.411265
0.411265
0.406304
0.406304
0.406304
0.406304
0.411265
0.411265
0.406304
0.406304
0.406304
0.406304
0.403171
0.40291
0.406304
0.406304
0.406304
0.406304
0.402649
0.402388
0.406304
0.406304
0.402975
0.402388
0.402779
0.402518
0.402453
0.402649
0.399515
0.406304
0.406304
0.401343
0.402257
0.401343
0.4018
0.399515
0.396382
0.401343
0.401343
0.401343
0.401343
0.399385
0.399254
0.402126
0.401865
0.399254
0.39821
0.398471
0.398993
0.398732
0.396382
0.401343
0.401604
0.394881
0.396382
0.396382
0.396382
0.397949
0.394555
0.391291
0.391356
0.396382
0.396382
0.396382
0.396382
0.396382
0.396382
0.394685
0.395207
0.394816
0.394946
0.395077
0.391421
0.396382
0.396382
0.391421
0.391421
0.391421
0.391421
0.391421
0.391421
0.388288
0.388027
0.38646
0.391421
0.391421
0.391421
0.391421
0.391421
0.391421
0.391421
0.391421
0.391421
0.38646
0.391421
0.391421
0.38646
0.38646
0.38646
0.38646
0.38646
0.38646
0.38646
0.383458
0.384633
0.38398
0.380194
0.38646
0.38646
0.387244
0.386983
0.38646
0.38646
0.38646
0.3815
0.38646
0.383588
0.386722
0.382544
0.382283
0.382022
0.379411
0.382805
0.3815
0.3815
0.380455
0.376539
0.376539
0.379672
0.379933
0.3815
0.381761
0.384111
0.383849
0.3815
0.3815
0.377844
0.376669
0.3815
0.380716
0.381238
0.37915
0.37915
0.37915
0.37915
0.378105
0.373667
0.373928
0.378366
0.378236
0.373536
0.373667
0.376539
0.373275
0.376669
0.376539
0.376278
0.380977
0.377975
0.374189
0.373405
0.376539
0.376539
0.376539
0.374711
0.375233
0.375494
0.375755
0.376016
0.37445
0.369489
0.368967
0.369228
0.374972
0.370272
0.370533
0.370794
0.371056
0.370011
0.365311
0.371578
0.371578
0.36975
0.371578
0.371317
0.371708
0.371708
0.364789
0.371578
0.371578
0.371578
0.371578
0.368706
0.364528
0.364006
0.364267
0.368183
0.366356
0.361656
0.365572
0.365834
0.366095
0.36505
0.361656
0.366617
0.366617
0.366617
0.368445
0.361787
0.361787
0.3674
0.367922
0.367661
0.366617
0.363745
0.358784
0.359045
0.359306
0.364006
0.363745
0.361656
0.361656
0.358653
0.358784
0.361656
0.361656
0.358262
0.35539
0.361656
0.361395
0.363484
0.358523
0.354998
0.363745
0.364267
0.364006
0.361134
0.360351
0.359828
0.359567
0.354606
0.354345
0.354084
0.360089
0.356695
0.356434
0.355651
0.355912
0.356173
0.351734
0.351734
0.351734
0.356695
0.356695
0.351734
0.360873
0.360612
0.356695
0.356695
0.356695
0.356826
0.356826
0.353823
0.35069
0.350559
0.350298
0.350429
0.353301
0.351734
0.351734
0.351734
0.351734
0.346773
0.346773
0.346773
0.346773
0.352256
0.351995
0.351734
0.356695
0.352518
0.352779
0.35304
0.353562
0.350168
0.346773
0.346773
0.346773
0.346773
0.34834
0.346773
0.346773
0.346773
0.346773
0.343901
0.343771
0.34364
0.34351
0.343379
0.347557
0.347296
0.347034
0.346773
0.347818
0.348079
0.344685
0.346773
0.343248
0.342857
0.343118
0.342987
0.343379
0.341812
0.341551
0.34129
0.341029
0.340507
0.340768
0.339985
0.340246
0.339724
0.341812
0.341812
0.341812
0.341812
0.344815
0.341812
0.341812
0.342726
0.337896
0.339463
0.33894
0.339201
0.338418
0.336852
0.33659
0.336068
0.336329
0.335546
0.335807
0.335024
0.335285
0.334763
0.33176
0.336852
0.337635
0.337374
0.337113
0.338157
0.338679
0.331891
0.334763
0.335024
0.334893
0.334502
0.333979
0.334241
0.333718
0.331891
0.331891
0.331891
0.331891
0.331891
0.331891
0.332021
0.328627
0.329019
0.328757
0.331891
0.331891
0.331891
0.331891
0.328888
0.331891
0.331891
0.32928
0.329802
0.329541
0.330063
0.327713
0.32458
0.327452
0.32693
0.327191
0.327713
0.325885
0.325624
0.325363
0.324841
0.325102
0.32693
0.32693
0.32693
0.32693
0.32693
0.32693
0.32706
0.324841
0.324319
0.323535
0.324058
0.323797
0.320924
0.320794
0.320663
0.321969
0.321969
0.321969
0.321186
0.320924
0.320663
0.321186
0.321055
0.323274
0.321969
0.321969
0.321969
0.321969
0.321969
0.320141
0.320533
0.320272
0.320402
0.317008
0.317008
0.317008
0.317008
0.317008
0.317008
0.317008
0.317008
0.317008
0.317008
0.317008
0.317008
0.317008
0.317008
0.317008
0.317008
0.317008
0.317008
0.317008
0.317008
0.313353
0.312569
0.313092
0.313157
0.313222
0.313353
0.313483
0.312047
0.31283
0.312047
0.312308
0.312569
0.313092
0.312047
0.312047
0.312047
0.312047
0.312047
0.312047
0.312047
0.313614
0.310219
0.307086
0.309697
0.308914
0.308914
0.309175
0.309436
0.309697
0.309958
0.306956
0.307021
0.307086
0.30787
0.307347
0.307608
0.306042
0.30552
0.307086
0.307086
0.307086
0.307086
0.307086
0.307217
0.304214
0.304084
0.305781
0.305259
0.304997
0.304736
0.304475
0.304214
0.303953
0.303692
0.302125
0.302125
0.302125
0.302125
0.302125
0.301668
0.301211
0.30082
0.301342
0.301603
0.302125
0.301864
0.301081
0.302125
0.301081
0.30095
0.297164
0.299775
0.300298
0.300037
0.299645
0.297164
0.297164
0.297164
0.297164
0.297164
0.297164
0.297164
0.297164
0.297164
0.297164
0.297164
0.297164
0.297164
0.297164
0.297164
0.294815
0.292204
0.292204
0.295076
0.295598
0.295337
0.292204
0.292204
0.292465
0.292987
0.292726
0.290115
0.293248
0.292204
0.292204
0.292204
0.292204
0.292204
0.292204
0.291159
0.292204
0.292204
0.291029
0.287243
0.288287
0.287765
0.287243
0.29129
0.29142
0.287243
0.287243
0.287243
0.287243
0.287243
0.287243
0.287243
0.287243
0.287243
0.287243
0.287243
0.282282
0.287243
0.287243
0.288418
0.287243
0.282282
0.284371
0.284109
0.282282
0.287243
0.282282
0.282282
0.282282
0.282282
0.282282
0.282282
0.282282
0.282282
0.282282
0.282282
0.279279
0.27941
0.283979
0.283848
0.283718
0.284632
0.277321
0.276015
0.277321
0.279671
0.27941
0.279149
0.280715
0.277321
0.277321
0.277321
0.27706
0.276538
0.276799
0.277321
0.277321
0.277321
0.276276
0.280454
0.280193
0.279932
0.27236
0.27236
0.276146
0.27236
0.27236
0.27236
0.275493
0.274971
0.275232
0.276538
0.276407
0.27236
0.27236
0.27236
0.271577
0.272099
0.271838
0.27236
0.27236
0.276276
0.276211
0.268443
0.268182
0.267921
0.27236
0.267399
0.271838
0.268182
0.267399
0.271316
0.271185
0.27236
0.27236
0.268705
0.267399
0.267399
0.267399
0.267399
0.26766
0.267399
0.27236
0.265441
0.26531
0.267399
0.267399
0.262438
0.262438
0.267399
0.267399
0.263483
0.263744
0.267399
0.264005
0.267399
0.267399
0.262438
0.262438
0.262699
0.263222
0.26296
0.262438
0.262438
0.262438
0.264005
0.260349
0.262438
0.262438
0.258522
0.258261
0.258
0.262438
0.262438
0.260611
0.260284
0.259958
0.26061
0.260349
0.262438
0.258783
0.257478
0.257477
0.257477
0.257477
0.257477
0.257739
0.257477
0.258783
0.258652
0.255127
0.255127
0.254866
0.255127
0.258391
0.258522
0.256172
0.255911
0.25565
0.255388
0.255127
0.257477
0.254344
0.252517
0.252517
0.252517
0.252516
0.252516
0.252517
0.252255
0.254866
0.254605
0.251211
0.251472
0.251733
0.251994
0.254344
0.252516
0.251733
0.251603
0.251472
0.251341
0.251211
0.25095
0.247556
0.247556
0.247556
0.247556
0.247555
0.247556
0.247556
0.25095
0.25108
0.247555
0.247555
0.247555
0.247555
0.247555
0.247555
0.243117
0.247555
0.247555
0.247556
0.247556
0.247555
0.244161
0.242595
0.242595
0.242595
0.242595
0.242594
0.242594
0.242595
0.242856
0.247555
0.2439
0.243639
0.243378
0.239984
0.243639
0.243508
0.242595
0.239983
0.242595
0.242595
0.242595
0.242595
0.240179
0.240114
0.237634
0.237634
0.237634
0.237634
0.237633
0.237634
0.237634
0.237373
0.240244
0.239983
0.237111
0.239722
0.239461
0.237634
0.23685
0.237634
0.237634
0.236328
0.237634
0.237634
0.236067
0.232673
0.232673
0.232673
0.232672
0.232672
0.232672
0.232673
0.232673
0.236589
0.232672
0.235806
0.235545
0.232673
0.232672
0.232673
0.232673
0.232672
0.232672
0.231889
0.232673
0.232673
0.231759
0.227712
0.227712
0.227711
0.227711
0.227711
0.227711
0.227712
0.227711
0.227711
0.227711
0.231628
0.232151
0.227712
0.227711
0.227712
0.227712
0.227711
0.227711
0.227712
0.227712
0.227712
0.22275
0.222751
0.22275
0.222749
0.222751
0.22275
0.22275
0.222751
0.222489
0.222227
0.222749
0.227712
0.222751
0.222749
0.222752
0.222752
0.22275
0.22275
0.222752
0.222752
0.222751
0.21779
0.217788
0.217788
0.21779
0.217787
0.217789
0.217788
0.217788
0.217789
0.217787
0.217787
0.217787
0.217791
0.217788
0.217791
0.217792
0.217789
0.21779
0.217792
0.217791
0.212827
0.212826
0.212825
0.212825
0.21283
0.212829
0.212826
0.212827
0.212825
0.212827
0.212825
0.212824
0.212824
0.212831
0.212827
0.212832
0.212832
0.212828
0.21283
0.212831
0.207864
0.207862
0.207861
0.207861
0.20787
0.207868
0.207866
0.207863
0.207862
0.207865
0.207077
0.207863
0.207599
0.207337
0.203945
0.207872
0.207868
0.207873
0.207873
0.20787
0.207872
0.202899
0.203157
0.203418
0.203681
0.202911
0.202908
0.20421
0.202899
0.202903
0.202907
0.202896
0.202894
0.202898
0.202895
0.200808
0.200943
0.202913
0.20291
0.202915
0.202915
0.202913
0.197932
0.197928
0.197928
0.197952
0.197931
0.197947
0.197942
0.197941
0.197935
0.197952
0.197947
0.19793
0.197926
0.197926
0.197929
0.197936
0.197956
0.194015
0.197956
0.197958
0.197958
0.192958
0.192956
0.192957
0.192963
0.193
0.192995
0.192971
0.192988
0.19298
0.192995
0.194285
0.192988
0.193746
0.193479
0.193216
0.192957
0.193003
0.191016
0.190875
0.193
0.193003
0.187981
0.187978
0.187984
0.188047
0.18805
0.187994
0.188047
0.188041
0.188031
0.188006
0.188019
0.18804
0.188018
0.18803
0.187979
0.187991
0.187981
0.187976
0.188004
0.188051
0.183058
0.183039
0.185122
0.184139
0.182993
0.182731
0.18248
0.184273
0.184404
0.184532
0.182235
0.184656
0.184777
0.184894
0.185008
0.184
0.183075
0.18299
0.183019
0.183002
0.182991
0.180152
0.179938
0.180046
0.181995
0.180233
0.177989
0.177999
0.17802
0.180499
0.180759
0.181014
0.178047
0.181265
0.181511
0.181754
0.179963
0.176561
0.17726
0.177988
0.177493
0.177733
0.17703
0.176798
0.178076
0.176586
0.173148
0.176725
0.172973
0.172991
0.173028
0.176858
0.176985
0.177106
0.17307
0.177221
0.178102
0.177662
0.172399
0.173198
0.173068
0.173024
0.172969
0.172989
0.173111
0.173112
0.173212
0.168204
0.168153
0.173219
0.167928
0.167704
0.167504
0.173218
0.173199
0.173212
0.167309
0.169195
0.173179
0.17315
0.168242
0.168265
0.16828
0.168091
0.168023
0.167962
0.167922
0.168286
0.164569
0.164247
0.168284
0.162849
0.162662
0.162502
0.162339
0.168279
0.16824
0.168265
0.165193
0.162168
0.168202
0.164093
0.164248
0.164393
0.164522
0.163906
0.163549
0.163184
0.162837
0.164656
0.159657
0.15932
0.163356
0.157729
0.15787
0.158029
0.158175
0.158288
0.16334
0.163315
0.161979
0.159957
0.160243
0.160505
0.160769
0.158944
0.158543
0.158124
0.157712
0.161024
0.156592
0.156401
0.156172
0.158364
0.153399
0.153529
0.158432
0.15256
0.152799
0.153043
0.15325
0.158431
0.158408
0.156625
0.156367
0.156106
0.15325
0.153029
0.152535
0.152779
0.155845
0.153496
0.153403
0.15349
0.152634
0.150525
0.150528
0.148684
0.148672
0.15353
0.152212
0.153526
0.147335
0.147469
0.147589
0.147627
0.153524
0.152492
0.152346
0.148412
0.148612
0.147304
0.147968
0.148573
0.150455
0.148653
0.147579
0.147412
0.145491
0.145669
0.142698
0.144846
0.148656
0.148593
0.148611
0.148573
0.142045
0.14324
0.142675
0.143638
0.147155
0.148612
0.144353
0.143738
0.142013
0.142915
0.145267
0.141861
0.143926
0.143857
0.141988
0.142382
0.139312
0.139313
0.143782
0.143669
0.143603
0.14361
0.136673
0.139747
0.137939
0.138998
0.140255
0.14062
0.141594
0.139073
0.138534
0.136684
0.137702
0.140517
0.138898
0.138916
0.135915
0.13593
0.136021
0.137516
0.138891
0.138587
0.138699
0.138584
0.131422
0.132948
0.134772
0.134118
0.137509
0.137216
0.13443
0.135804
0.131426
0.13544
0.134573
0.133208
0.135822
0.133975
0.133323
0.132194
0.13332
0.132592
0.13302
0.13414
0.133634
0.133393
0.133416
0.126303
0.12648
0.126887
0.130204
0.130987
0.133704
0.129838
0.128377
0.128549
0.131038
0.13023
0.129023
0.131081
0.12903
0.130601
0.129827
0.127389
0.131038
0.124874
0.128378
0.128059
0.128059
0.123368
0.121584
0.121646
0.124167
0.12854
0.127348
0.130553
0.12653
0.123613
0.123512
0.125651
0.128587
0.128548
0.123491
0.127321
0.125318
0.126432
0.125662
0.127444
0.122037
0.122335
0.122235
0.117126
0.117518
0.118002
0.117974
0.121872
0.118134
0.126419
0.125681
0.117814
0.125664
0.121071
0.1205
0.126786
0.124885
0.124869
0.126684
0.12208
0.124266
0.124204
0.122018
0.125111
0.116088
0.114634
0.110506
0.115303
0.108959
0.116613
0.116291
0.122054
0.112477
0.124231
0.126868
0.125508
0.111243
0.1163
0.120821
0.117456
0.12591
0.126405
0.121948
0.124816
0.121858
0.124163
0.129331
0.125668
0.109183
0.106688
0.102987
0.101393
0.110048
0.112124
0.118647
0.118512
0.127382
0.106121
0.106461
0.124677
0.129146
0.112631
0.117521
0.118801
0.130578
0.125719
0.123142
0.121053
0.109444
0.131284
0.138418
0.134341
0.132344
0.101383
0.0972323
0.0941399
0.0923312
0.102754
0.115258
0.10477
0.127057
0.127593
0.134198
0.0938533
0.0990909
0.101605
0.127175
0.134331
0.114871
0.121915
0.129027
0.119412
0.105722
0.140831
0.143199
0.145605
0.142417
0.0823447
0.0838703
0.0894835
0.0923986
0.0945958
0.109662
0.118404
0.143787
0.143122
0.149131
0.144328
0.0839086
0.0922129
0.091365
0.0964597
0.126008
0.143062
0.111921
0.134226
0.102083
0.154318
0.166168
0.154196
0.155343
0.0732356
0.0774718
0.0711162
0.0740842
0.0803179
0.0857419
0.099968
0.110691
0.162656
0.160891
0.16217
0.164348
0.0782339
0.0828347
0.0898636
0.124246
0.153632
0.107927
0.135246
0.178437
0.225019
0.163637
0.173265
0.0647683
0.0609403
0.0591709
0.0609972
0.0591586
0.070838
0.0942683
0.08083
0.167019
0.167203
0.167343
0.220344
0.0648235
0.0710627
0.0808447
0.122928
0.0955642
0.0965999
0.084514
0.17569
0.0535389
0.178586
0.16796
0.164786
0.0535568
0.0491639
0.0501817
0.0459325
0.0467179
0.16449
0.0598494
0.069222
0.163128
0.162969
0.162074
0.0959632
0.045423
0.0529981
0.0632928
0.0792859
0.0432391
0.0476806
0.0402691
0.161089
0.157569
0.0389351
0.0330995
0.0272887
0.0319521
0.157569
0.0433572
0.028837
0.0240189
0.157697
0.15722
0.15719
0.157418
0.0441903
0.0331075
0.0391331
0.0454349
0.0187657
0.0125751
0.151668
0.151224
0.0212771
0.0146248
0.0108204
0.0152425
-0.000141425
0.151197
0.151535
0.00793777
0.00862367
0.00631881
0.151072
0.151031
0.0181728
0.0118249
0.0146863
-0.0090979
-0.0100587
0.00339737
0.144682
0.144631
-0.000753358
-0.00365895
-0.00568012
-0.0156343
0.144511
0.144595
-0.0133864
-0.0116856
-0.0133759
-0.0146979
0.144536
0.140895
-0.00886368
-0.0122201
-0.0156798
-0.0349819
-0.0364526
-0.0256072
0.137487
0.137497
-0.0217607
-0.0277552
-0.0262572
-0.032155
0.137402
0.137411
-0.0352877
-0.0385726
-0.0409832
-0.0359879
0.133913
0.133831
-0.0346797
-0.035038
-0.0343484
-0.0604847
-0.0585278
0.13031
0.130305
-0.043403
-0.0456264
-0.0476114
-0.0493299
0.130244
0.130244
-0.058008
-0.0581038
-0.0580039
-0.0581131
-0.0583597
0.123138
0.126658
-0.0840494
-0.058536
-0.0608023
-0.0822144
-0.0815317
0.123131
0.123154
-0.0583654
-0.0585249
-0.0644622
0.115967
0.12308
0.123062
0.115953
-0.081358
-0.0815183
-0.0813789
-0.0813486
-0.0813612
-0.0814271
0.112372
0.119484
-0.105525
-0.0822476
-0.0836251
-0.105159
-0.10471
-0.0814222
0.108791
-0.100486
0.115905
0.11589
0.108776
-0.104407
-0.0981911
-0.104409
-0.104495
-0.104421
-0.104404
0.101606
0.112311
-0.128079
-0.125808
-0.10298
-0.105556
-0.123478
-0.138142
0.101613
-0.113995
-0.115301
0.108731
0.108717
0.101599
-0.127428
-0.127515
-0.127399
-0.127512
-0.127429
-0.127402
0.0944349
0.0944286
0.105137
-0.150735
-0.152733
-0.12789
-0.12803
-0.150452
-0.154708
-0.127659
0.101558
0.101544
0.0944223
-0.15054
-0.150393
-0.150449
-0.150366
-0.150392
-0.150367
0.087257
0.0872512
0.0979638
-0.173474
-0.173463
-0.1507
-0.150639
-0.177571
-0.173329
-0.179605
-0.169237
0.0943836
0.094371
0.0872454
-0.173326
-0.167107
-0.17331
-0.173311
0.0800791
0.0800738
0.0907903
-0.19629
-0.196297
-0.173449
-0.171367
-0.196277
-0.196261
-0.196248
-0.182736
-0.183802
-0.214981
0.0872096
0.087198
0.0800685
-0.196237
-0.19624
-0.196249
-0.211868
-0.196241
0.0729013
0.0728965
0.0836168
-0.217053
-0.219129
-0.196265
-0.198339
-0.212907
-0.227493
-0.196255
-0.22952
-0.228505
0.0800357
0.080025
-0.219138
-0.219116
0.0728916
-0.213952
-0.214988
-0.229587
0.0657235
0.0657191
0.0764434
-0.241959
-0.241942
-0.219093
-0.219079
-0.242047
-0.246247
-0.242006
0.0728617
0.0728521
-0.233741
-0.235792
-0.237825
0.0657148
-0.231669
-0.247304
0.0585456
0.0585417
0.0656834
-0.264767
-0.264696
-0.241884
-0.239845
-0.264877
-0.264961
-0.265011
0.0656878
0.0656791
0.0585138
-0.249381
0.0585061
-0.250397
-0.251379
-0.254411
0.0585379
-0.265038
-0.265038
0.0513678
0.0513644
0.054923
-0.285466
-0.287365
-0.264643
-0.266801
-0.287746
-0.287893
-0.28798
-0.306521
0.0513399
-0.265015
0.0513331
-0.264955
-0.269018
0.051361
-0.287997
-0.288007
0.0441899
0.044187
0.0477495
-0.308189
-0.309853
-0.289597
-0.287292
-0.304622
-0.31096
-0.320995
-0.320281
0.0441659
-0.287992
0.0441601
-0.287911
-0.29194
0.0441841
-0.310977
-0.310994
0.0370121
0.0370096
0.0369895
-0.333051
-0.33204
-0.310311
-0.309832
-0.330828
-0.334028
-0.334066
-0.333895
-0.310708
0.036992
-0.311026
0.0369871
-0.310977
0.0370072
-0.327654
-0.326711
0.0298342
0.0298323
0.029818
0.0298161
-0.35627
-0.357539
-0.354117
-0.329701
-0.330992
-0.331988
-0.346412
-0.356986
-0.35749
-0.325733
-0.34441
0.0298142
-0.340596
0.0298303
-0.34433
-0.342534
0.0226564
0.0226412
0.0226549
0.0226441
0.0190556
-0.378394
-0.376062
-0.374539
-0.376832
-0.354124
-0.357592
-0.35648
-0.368829
-0.377521
-0.380004
-0.35777
0.0226535
-0.364079
-0.376184
-0.371154
0.0154785
0.0154682
0.0154776
0.0154701
0.0118822
-0.402473
-0.396284
-0.394615
-0.398999
-0.37369
-0.376993
-0.385561
-0.395761
-0.389556
-0.406772
0.0154766
-0.398683
-0.384286
-0.38991
0.00830067
0.0082952
0.0082997
0.00453285
0.00829616
0.00453039
-0.423329
-0.418946
-0.42312
-0.426111
-0.429101
-0.395417
-0.399349
-0.416958
-0.410102
-0.415423
-0.421134
-0.408645
-0.403895
1.3403e-15
2.21159e-17
-5.98397e-16
-9.60435e-18
-0.429326
-0.476017
-0.446494
-0.445329
-0.449253
-0.445565
-0.426195
-0.428024
-0.449058
-0.427998
-0.439447
-0.427679
-0.417446
-0.464263
-0.444779
-0.342291
-0.481121
-0.516576
-0.540859
-0.493953
-0.6103
-0.463339
-0.4269
-0.472362
-0.451613
-0.443578
-0.465982
-0.350358
-0.83169
-0.83169
-0.83169
-0.358625
-0.83169
-0.425112
-0.523414
-0.570382
-0.547552
-0.485715
-0.54039
-0.498656
-0.83169
-0.328596
-0.83169
-0.83169
-0.83169
-0.83169
-0.505098
-0.372711
-0.437091
-0.83169
-0.83169
-0.83169
