0.00111938
0.000983868
0.00115811
0.00101642
0.000849725
0.000751286
0.000643227
0.00110808
0.00101031
0.00108849
0.000971554
0.00105106
0.000853533
0.000422183
0.00035287
-1.18493e-33
-1.1668e-33
0.000391312
0.000721109
0.00096318
0.00063103
0.000900912
0.00102806
0.000933272
0.0010123
0.0010449
0.000745834
6.7345e-05
0.000391826
0.000155806
6.08738e-35
-2.34046e-21
0.000450599
0.000689663
0.000491297
0.00085085
0.000977423
0.000877393
0.000974882
0.00101908
0.000720071
0.000210431
0.000351483
0.00020675
1.75254e-34
1.97979e-20
0.000633853
0.000520478
0.000275607
0.000700822
0.000875108
0.000982028
0.000883461
0.000974112
0.000712293
0.00046795
0.000265525
2.12124e-34
-3.97924e-19
0.000941034
0.000488588
0.000232471
0.000726401
0.000525053
0.000855664
0.000952694
0.000846623
0.000958816
0.000704987
0.000313135
-3.77944e-20
8.31548e-21
0.000952873
0.000908351
0.000940318
0.000939472
0.000598035
0.000352406
1.27422e-34
0.000601765
0.000790917
0.000898111
0.000795555
0.000922278
0.000315541
1.75646e-20
0.00094021
0.000888292
0.000938995
0.000931727
0.000895892
0.000688216
0.000500528
0.00067985
0.000243333
6.25939e-21
0.000512147
0.00082443
0.000798526
0.000879604
0.000293505
2.34739e-34
0.000931363
0.000937397
0.000898093
0.000865914
0.000806257
0.000681231
0.000371579
0.000647799
2.03406e-20
0.000528831
0.000746192
0.000297539
2.36652e-34
0.000934854
0.000894657
0.000899486
0.000938037
0.000805197
0.000797797
0.000726951
0.00049926
0.000246122
0.000685803
4.568e-19
0.000531174
0.000278646
2.38052e-34
0.000911801
0.00083751
0.000813531
0.00087186
0.000936994
0.000928554
0.000715227
0.000617073
0.000563808
0.000344301
1.29558e-34
0.000719819
0.000343512
2.3932e-34
0.000821698
0.000886991
0.000751237
0.000878163
0.000935003
0.000933076
0.000516403
0.000671616
-7.26086e-21
0.000790364
0.000526357
0.000254072
0.000284625
-1.93569e-20
0.000729344
0.000819096
0.000892918
0.000614891
0.000886772
0.000936185
0.000921531
0.000505846
1.28316e-34
0.000759556
0.000331159
0.000279776
1.68277e-20
0.000692762
0.000526203
0.000817192
0.00052434
0.000871768
0.000922548
0.000938022
0.000881748
-5.0868e-21
0.000650532
0.00076518
0.000295775
0.000278494
2.42946e-34
0.000492685
0.000629924
0.000747201
0.000524405
0.000841051
0.000911306
0.000939858
0.000918975
0.000830346
-3.05303e-21
0.000686545
1.93368e-20
0.000287118
0.000306219
0.000533102
0.000646198
0.000505993
0.000914359
0.000700616
0.000820164
0.000938754
0.000891921
0.00078632
-2.71698e-22
1.93371e-20
0.000285401
0.000333594
0.000676857
0.000498856
0.000519263
0.000870041
0.000930331
0.000700353
0.000939483
0.000910867
0.000824471
1.39348e-21
-1.63278e-20
0.000304789
0.000285064
0.000518403
0.000714886
0.000561185
0.000890736
0.000783865
0.000933746
0.000926107
0.000851602
3.61927e-22
-1.93394e-20
0.000717428
0.000937931
0.000309654
0.000298521
0.000549254
0.000746876
0.000539387
0.000857968
0.000923187
0.000881463
-3.85591e-20
2.474e-34
0.000734392
0.000915176
0.000940055
0.00030335
0.000302443
0.000543218
0.000828601
0.000705781
0.000550296
0.000856423
0.000914087
-4.0166e-20
1.93418e-20
0.000732111
0.000871199
0.000928535
0.000939996
0.00032526
0.000287968
0.000559969
0.00076822
0.000606184
0.000825818
0.000906585
1.2723e-34
1.9299e-20
0.000892631
0.000938843
0.000327382
2.48648e-34
0.000360881
0.000616708
0.000764261
0.000559662
0.000774706
0.000929205
0.00086678
-3.85552e-20
0.000892343
0.000937919
1.28651e-34
0.000280923
0.000263905
2.4882e-34
0.000518306
0.00079794
0.000619227
0.00052458
0.000725997
0.000918778
0.000834906
0.000892888
0.000937361
1.2936e-34
0.000283583
0.000322611
2.48871e-34
0.000680986
0.000795557
0.000492767
0.000706163
0.000514692
0.000929911
0.000850947
0.000891953
0.00093763
1.30068e-34
0.000275581
0.000279039
2.48801e-34
0.000582542
0.000775246
0.000705254
0.000507287
0.000915104
0.000821439
0.000890674
0.00094016
-7.71083e-20
0.000344155
0.0003249
2.48612e-34
0.000591766
0.000758905
0.000640452
0.000901073
0.000771279
0.000827838
0.000915873
0.000939383
-6.07575e-21
0.000385416
0.000576751
0.00034738
2.48303e-34
0.000648786
0.000914863
0.000847056
0.000718544
0.000839331
0.000922312
0.000940163
6.73073e-21
0.000260138
0.000351661
0.000523122
-1.93439e-20
0.000748265
0.00053278
0.000919554
0.000843132
0.000706393
0.000890897
0.000937909
1.32878e-34
0.000299468
0.000269678
0.000532103
2.47326e-34
0.000625883
0.000800062
0.000367747
0.000836571
0.000908256
0.000940065
0.000706126
0.000906183
0.000300081
1.33576e-34
0.000532474
2.46658e-34
0.000640094
0.000835671
0.000345121
0.000830535
0.000909878
0.000938448
0.000924895
0.000704847
0.000301712
1.34271e-34
0.000523011
2.45871e-34
0.000548185
0.000754477
0.000887404
0.000270669
0.000839984
0.000939582
0.000919514
0.000719984
0.000271895
7.71082e-20
0.000634824
0.000351012
2.44965e-34
0.000409046
0.000662844
0.000826879
0.000915426
0.000826358
0.000939571
0.000915499
1.35656e-34
0.000547713
0.000748336
0.000326155
2.4394e-34
0.000272936
0.000550148
0.000755042
0.000885067
0.000866505
0.0009323
0.00092508
-4.0038e-20
0.000629591
0.000858519
0.000325562
0.000356892
2.42795e-34
0.000642476
0.000823216
0.000939786
0.000885932
1.37032e-34
0.000762
0.000546221
0.000920793
0.000894558
0.00033161
0.000258244
0.000512945
2.41531e-34
0.000734968
0.000937391
0.000805559
1.19706e-20
0.000633329
0.000819358
0.000939838
0.00089548
0.000909203
0.00026508
0.000513272
0.00031033
0.000582629
2.40147e-34
0.000644711
0.000803059
1.384e-34
0.000712027
0.000825728
0.000931039
0.000936628
0.000882986
0.000891613
0.000467266
0.000274663
0.000663864
0.000341758
-3.86878e-20
0.000673939
0.000493316
0.000772874
1.39081e-34
0.000781887
0.000934038
0.000932468
0.000877755
0.000883694
0.000559365
0.000306172
0.000283192
2.37022e-34
0.000531881
0.000654729
0.000777029
1.3976e-34
0.000729208
0.000939037
0.0009202
0.000829318
0.000834948
0.000888103
0.000918269
0.000538652
0.000304983
0.000283265
2.35281e-34
0.000485275
0.000644038
1.40436e-34
0.000703526
0.000936013
0.000763464
0.00083643
0.000870419
0.000938223
0.000893016
0.000545626
0.000312054
0.000329581
2.3342e-34
0.000545667
1.41111e-34
0.000741397
0.000926253
0.000713155
0.000825903
2.3144e-34
0.000930496
0.0008503
0.0005362
0.00028209
0.000269343
0.000491863
1.41783e-34
0.00071497
0.000892216
0.00093781
0.000620712
0.000749358
2.29341e-34
0.000878864
0.000930051
0.000760032
0.000556832
0.000314423
0.00032371
3.85913e-20
0.000825545
0.000935658
0.000893012
0.000533417
0.000687864
2.27123e-34
0.000720927
0.000863952
0.000931516
0.000314346
0.000559719
0.000315399
1.43122e-34
0.000783502
0.000933224
0.000880252
0.000570394
2.24785e-34
0.000771395
0.000892782
0.000937914
0.00034979
0.000632055
0.000305162
1.43788e-34
0.00073862
0.000932071
0.000871401
0.000520268
2.22327e-34
0.00080936
2.19751e-34
3.43112e-35
0.000878775
0.000930502
0.000543765
0.000307432
0.00075013
0.000306901
1.44452e-34
0.000603573
0.000792534
0.000904393
0.000939892
2.17055e-34
2.01709e-35
4.90992e-05
4.86367e-05
1.239e-34
3.43541e-35
0.000690269
0.000836595
0.000921147
0.000521185
0.000269664
0.000506735
0.00029111
1.45115e-34
0.000693282
0.00082117
0.000938431
0.000899378
2.1424e-34
4.8863e-35
4.94074e-05
5.30703e-21
1.26219e-34
4.88357e-05
4.82044e-05
1.94025e-35
0.000736692
4.93913e-05
0.000877583
0.0009351
0.000596458
0.000328481
0.000696813
0.000525886
0.000299816
1.45775e-34
0.000836548
0.000926147
2.11307e-34
-1.20249e-20
1.35523e-34
4.93553e-05
4.94658e-05
1.31622e-34
4.75994e-35
0.000805155
4.94613e-05
4.9384e-05
0.000913812
0.000939937
0.000740211
0.000325766
0.000559603
0.000735495
0.000549256
0.000305929
1.46434e-34
0.000890303
2.08255e-34
7.1284e-35
1.37233e-34
4.93466e-05
6.66589e-35
9.69959e-21
4.94384e-05
0.000873106
1.47093e-34
4.93569e-05
4.94666e-05
0.000843939
0.000932216
0.000929296
0.000674298
0.000851422
0.000367196
0.000734843
0.000545919
0.000270145
2.05088e-34
7.07974e-35
1.35198e-34
4.93565e-05
8.33806e-21
1.21611e-19
4.94282e-05
1.47753e-34
0.000271823
0.000886495
4.94288e-05
4.9385e-05
0.00081672
0.000938831
0.000918453
0.000736705
0.000532552
0.000809801
0.000686286
0.000495406
0.000313593
3.86921e-20
-5.83536e-15
1.29397e-34
4.93433e-05
-1.62253e-17
-9.61227e-20
4.94207e-05
0.000307225
1.48416e-34
0.000897798
0.00087823
4.94244e-05
4.93783e-05
0.000926249
0.00093455
0.000866934
0.000568337
0.000733864
0.000814706
0.000607268
0.000335314
1.98415e-34
1.76665e-13
4.93189e-05
1.19842e-34
5.92808e-16
4.94168e-05
1.28771e-34
0.000353762
1.49084e-34
0.000274787
0.000937082
0.000886131
4.9418e-05
4.93813e-05
0.000926279
0.00085351
0.000558947
0.000758365
0.000772118
0.000579403
0.000310124
1.94918e-34
-7.04242e-13
1.06517e-34
4.93454e-05
2.60678e-14
4.94042e-05
2.65981e-21
1.49763e-34
0.000356113
0.00093825
0.00088812
1.91313e-34
4.94404e-05
4.93811e-05
0.000889822
0.000936517
0.000634495
0.000819061
0.000745305
0.000544817
0.000341829
-4.59785e-11
-1.05678e-20
4.93423e-05
-7.32806e-13
1.05835e-34
4.94243e-05
0.000260388
7.94756e-20
0.000501844
0.000927207
0.000863397
0.000273562
1.87571e-34
4.94543e-05
4.94329e-05
0.000914951
0.000939026
0.00071838
0.000855723
0.000627357
0.000781512
0.000531267
4.67564e-11
6.55411e-35
4.94098e-05
-2.12925e-11
-1.36071e-21
4.93468e-05
0.000323894
1.51085e-34
0.000576582
0.000885054
0.000345728
1.83632e-34
4.9562e-05
4.86105e-05
0.000927299
0.000938766
0.000893668
0.000748137
0.000873024
0.000760571
0.000633535
1.26489e-34
4.70347e-05
5.89271e-35
2.18014e-10
4.94566e-05
6.56124e-35
0.000299335
0.000552702
-2.57224e-20
0.000266035
0.000516282
3.85938e-20
1.93701e-34
2.73953e-34
4.82985e-05
4.5728e-05
1.66005e-34
0.000934323
0.000899426
0.000935035
0.000810644
0.000742487
0.0008733
0.000740778
1.73861e-34
4.2854e-05
4.71919e-35
1.26772e-34
4.67684e-05
-2.30307e-21
0.000507158
0.000263776
1.51592e-34
0.000337611
0.000626324
1.73799e-34
0.000390785
0.0007441
6.10302e-20
0.000404622
0.000235507
0.000239699
-2.89855e-20
0.000677033
9.20094e-36
4.49478e-05
0.000907197
0.000944227
0.000936279
0.000877453
0.000802419
0.000815528
2.98702e-07
3.95428e-05
3.11376e-05
1.7641e-34
4.57759e-35
0.000632308
0.0003342
1.5036e-34
0.000387934
0.000547251
0.000719449
0.000553638
0.000746858
0.000306839
5.26462e-19
0.000543541
0.000464686
0.000321116
1.28522e-34
2.08173e-05
2.17227e-35
4.11731e-05
-2.7452e-20
8.4353e-35
0.000918911
0.000822774
0.000953016
0.000916222
0.000835447
3.21101e-05
1.21515e-34
3.47425e-05
3.06303e-07
3.39115e-05
2.21463e-35
0.00071128
0.000506218
0.000300602
0.00065407
0.000643234
0.000628701
0.000749606
0.000503789
0.000271572
-3.98619e-19
0.000633644
0.000524147
0.000247214
7.94226e-05
5.89685e-05
0.00013653
3.15379e-05
0.000224651
1.35428e-34
4.43885e-20
0.000446515
2.84972e-05
5.14489e-05
0.000848285
0.000933517
0.000925494
0.000969443
0.000822578
2.89571e-05
2.78707e-07
1.15717e-34
3.44751e-05
2.16004e-05
-1.23551e-21
0.0007415
0.000577193
0.000456092
0.000591727
0.000676439
0.000661905
0.000752345
0.000253257
5.00437e-20
0.000741116
0.00083847
0.00052238
0.000337168
0.000124868
0.000209163
0.000347737
0.000196697
5.67754e-35
0.000457412
3.52083e-05
2.50979e-05
5.41082e-05
0.000132137
0.000757795
0.000760507
0.000755075
0.000763301
0.000854832
0.000954199
0.000950795
0.000998972
2.35878e-34
2.61663e-07
5.68016e-05
6.94668e-05
0.000102659
0.000635059
0.00060381
0.000680882
0.000709777
0.000685422
0.000253595
-2.22346e-20
0.000804045
0.000934014
0.000621454
0.000408646
0.000252697
0.000497538
0.000251193
0.000443351
4.64308e-05
1.88718e-05
2.79772e-05
0.000226089
0.000705509
0.000722037
0.000766193
0.000726184
4.48095e-07
0.000682992
0.000127936
7.1232e-05
0.000792049
0.000976421
0.00103275
0.000262541
1.12474e-07
0.000113678
0.000239459
0.000678681
0.000585336
0.000713459
0.000732113
0.000239462
1.77149e-34
0.000932699
0.00103013
0.000728888
0.000466456
0.000442316
0.000682971
0.000426089
1.74335e-05
5.61556e-05
0.000745175
0.000769236
0.000746041
0.000737925
2.02306e-34
0.000214176
0.000128138
4.45596e-05
0.000679667
0.000926734
0.00109499
0.000452125
0.000549904
9.51844e-35
0.00023075
0.000382929
0.000723129
0.00058154
0.000735662
0.000232842
2.117e-34
0.00106598
0.00113652
0.000799115
0.000649709
0.000430419
9.3271e-05
0.000751545
0.000755139
0.000772922
0.000748047
2.26566e-06
0.000215971
0.000152955
5.26663e-05
0.000674607
0.000724488
0.000862181
0.00109234
0.00119993
0.00066385
0.000951538
3.31549e-07
0.000353172
0.000557118
0.00074719
0.000553876
2.25367e-34
0.000315777
0.00125966
0.00123344
0.000159259
7.80631e-05
0.000768389
0.000761542
0.000765668
0.000777992
0.000756274
4.35049e-34
0.000267612
0.000682945
0.000737119
0.000784954
0.00104815
0.000717783
0.00126839
0.00116095
0.000698568
9.13957e-07
0.000444843
0.000768336
0.000546751
2.44101e-34
0.000348744
0.00136054
0.0013813
0.000117878
0.000269286
0.000782481
0.000778505
0.000773319
4.51208e-34
0.000748975
0.000704557
0.000794927
0.000789266
0.0010255
0.000958642
0.0010141
0.000885945
0.000996916
0.000975614
0.000874145
0.000944904
0.000860631
0.000952414
0.000932881
0.00103459
0.000921506
0.000810839
0.000801843
0.00117676
0.0004736
0.00140295
0.00145961
0.00120455
0.000712572
1.50295e-34
0.000797894
0.000776673
0.000596264
9.38603e-19
0.00027382
0.000220403
0.000799219
3.29521e-11
0.000754135
0.000822659
0.000823626
0.00105019
0.000981919
0.00103242
0.000917511
0.000897392
0.000917609
0.00100782
0.000911574
0.000964807
0.000845803
0.000887137
0.000948736
0.00104314
0.00106683
0.000909503
0.000858608
0.000829311
0.00110169
0.00107069
0.00105161
0.00114278
0.00109609
0.00108932
0.00108085
0.000720896
0.000387693
0.00139836
0.00110759
0.00149566
0.00146898
0.00122225
0.000975436
2.04401e-06
0.000825156
0.000814373
0.000724358
0.00047003
1.06126e-18
0.00080043
-2.187e-10
0.000862631
0.000852773
0.00104287
0.000988916
0.000963042
0.00102301
0.00090801
0.000937802
0.000905007
0.000886241
0.000879178
0.000939271
0.00106966
0.00106729
0.00110667
0.00112003
0.00106079
0.00109029
0.00106669
0.00116324
0.00113784
0.00117594
0.00114707
0.00111078
0.00110149
0.00115208
0.00113044
0.00115682
0.0011199
0.00111206
0.000645699
4.43317e-34
0.00121168
0.00142025
0.00153554
0.00144792
0.00138201
0.000863271
0.000844796
0.000454198
0.000745458
3.65785e-34
0.00124324
0.000759092
1.97573e-10
0.000891368
0.000893241
0.00106067
0.00102734
0.000986374
0.000956399
0.000930852
0.000920249
0.00106181
0.00113922
0.00111329
0.00107654
0.00108943
0.00107302
0.00115556
0.00115505
0.00117003
0.00117872
0.00110434
0.00115104
0.0011842
0.00115831
0.00113964
0.00115048
0.00114757
0.00115689
0.00115277
0.00113848
0.0011437
0.00115487
4.44514e-34
0.000792342
0.00133917
0.00154468
0.00151468
0.000906833
0.000857263
0.000608658
4.22126e-34
0.00129333
0.000812456
-1.46635e-11
0.000921795
0.00106542
0.00105272
0.00100788
0.000954003
0.00113107
0.00111414
0.0010855
0.00109912
0.00114557
0.00116405
0.00117032
0.00117096
0.0011778
0.00118286
0.0011694
0.00116944
0.00118333
0.0011803
0.00113173
0.0011635
0.00116995
0.00152489
0.00112311
0.000516399
1.86637e-09
0.000898467
0.0013113
0.00152559
0.00152442
0.000945758
0.000941788
0.000854673
-4.45996e-20
0.00133089
0.000873576
1.94591e-13
0.000972643
0.001082
0.00106089
0.00101627
0.00113689
0.00110769
0.00115175
0.00117951
0.00117112
0.00117592
0.00116191
0.0011595
0.0011722
0.00115355
0.00116568
0.00115402
0.0011446
0.00111157
0.000639773
0.00108271
0.00109951
0.00108984
0.00113905
4.32274e-34
0.000643223
0.0013119
0.000899214
0.0015209
0.00153889
0.00100358
0.000999469
0.000939199
0.000706365
4.88206e-34
0.00140697
0.00064485
0.00113612
2.0575e-19
0.00104982
0.00107111
0.00110709
0.00114611
0.00117784
0.00117735
0.0011726
0.00116461
0.00116382
0.00113969
0.00116845
0.00115259
0.00113392
0.00113507
0.00109931
0.0010763
0.00110987
0.00114046
0.00104234
0.00106988
0.0010262
0.00109306
2.85555e-20
0.00105307
0.00102155
0.0010623
0.00103282
0.00109765
0.00112873
4.75778e-10
0.00076868
0.00125818
0.00149032
0.00154007
0.00107418
0.00109799
0.00108881
0.00110168
0.000833511
0.00137048
0.000890055
0.00111344
0.00112839
0.0011494
0.00117817
0.00116509
0.00117816
0.00116347
0.00113996
0.00110832
0.00113767
0.00109423
0.00106405
0.00104713
0.00109186
0.00108436
0.00104179
0.00101723
0.00105927
0.00111421
0.00101276
0.00100634
0.00105924
-4.52467e-11
0.000714377
0.00119123
0.00136479
0.00149683
0.00147946
0.00117705
0.00122376
0.00129228
0.00117204
0.00118828
0.00118195
0.00116969
0.00116377
0.00114326
0.00113129
0.00109317
0.00107909
0.00105665
0.00103911
0.00103617
0.00103338
0.0011005
0.00103023
0.00101993
0.000995837
0.00105933
0.00097201
0.000983487
0.00108594
1.38504e-12
0.000821298
0.00121862
0.00143928
0.00143367
0.00125228
0.00121972
0.00134213
0.00118746
0.00116292
0.00114966
0.00112722
0.00106589
0.00104893
0.00102224
0.00101544
0.00103125
0.00107068
0.00109527
0.00100258
0.000990959
0.000961939
0.000952002
1.08731e-19
0.000666171
0.00123779
0.000913645
0.00136253
0.0012801
0.00120552
0.00116633
0.00113623
0.00111962
0.00104395
0.00101429
0.000998956
0.00106799
0.000978072
0.000978569
0.000941414
0.000894248
0.000930085
0.000906089
0.00091819
0.000953751
5.59998e-34
0.0012147
0.000756673
0.00104668
0.00112175
0.00108062
0.00106596
0.00102961
0.00099422
0.000982682
0.000972128
0.000981252
0.000965338
0.000922722
0.000881849
0.000936389
0.000954381
0.00101579
-6.89647e-20
0.00106064
0.00066087
0.000918343
0.00103044
0.00099461
0.00096643
0.000955577
0.000920532
0.000913292
0.000866904
0.000976827
0.000959017
-6.75698e-20
0.000964144
0.000590362
0.00084306
0.000932064
0.000923785
0.000895039
0.000848021
0.000939942
0.000918127
0.000896449
0.000779528
0.000888185
6.83564e-20
0.000902986
0.000528836
0.000889631
0.000885171
0.000826187
0.000892975
0.000865856
0.000688066
0.000835895
-3.84491e-20
0.000857467
0.000373759
0.00084241
0.000806153
0.000854193
0.000833905
0.000764009
0.000566359
0.000820502
0.000812728
-3.44482e-18
0.000823229
0.00033042
0.000795196
0.000792165
0.00076529
0.000642294
0.000801581
0.000798889
0.000783431
2.75905e-34
0.000796579
0.000475161
0.00026346
0.000777448
0.000774209
0.000727887
0.000644635
0.000779556
0.000782697
0.000777094
0.000764739
0.000772283
0.000704158
-4.97577e-18
0.000773914
0.000464157
0.00025755
0.000767436
0.000750046
0.000610932
0.000759047
0.000756218
0.000743421
0.00076877
0.000680381
-1.22078e-20
0.000758745
0.000752389
0.000442034
0.000251814
0.000756346
0.000733126
0.000568955
0.000735728
0.000765902
0.000599251
0.000690766
1.47828e-34
0.000743937
0.000734237
0.000423813
0.000224114
0.00074653
0.000711927
0.000723435
0.000763209
0.000542094
0.000654571
2.56675e-18
0.000734919
0.000729084
0.000712864
0.000386428
0.000218448
0.000684266
0.000709725
0.000760507
0.000616959
0.000517474
-1.84147e-18
0.000718134
0.000699486
0.000703963
0.000681031
0.000405577
0.000224939
0.000633971
0.000757795
0.000549587
3.80048e-21
0.000674259
0.000755075
0.000685552
0.000633198
0.000204549
0.000523971
0.000326215
-3.55254e-17
0.000752345
0.00064561
0.000651243
0.000557549
0.000433991
0.000221341
-1.61024e-20
0.000749606
0.000601578
0.000575132
0.000345999
9.52173e-21
0.000746858
0.0005333
0.000406062
2.65715e-34
0.0007441
0.000362234
1.95409e-34
