0.00014591
0.000170229
-8.47091e-35
4.37731e-05
0.000214002
0.000204275
0.000116728
0.000113405
0.000218866
0.000189684
0.000204275
0.000214002
0.000218866
0.000139103
0.000160994
8.26826e-05
8.26826e-05
0.000116728
4.57227e-05
1.2039e-35
0.000189684
0.000170229
0.00014591
0.000201132
0.000192453
0.000179325
0.000199909
7.88408e-05
9.62465e-05
0.000128727
0.000204287
0.000180711
0.000193056
0.000201032
0.000151873
0.000171519
4.37731e-05
4.57214e-05
7.82666e-05
0.00011309
1.27773e-35
5.95052e-05
2.5039e-05
0.000160813
0.000141249
0.000173765
0.0001237
0.000205892
0.000207551
0.000189405
0.000200474
6.67156e-05
0.000101393
0.000127605
0.000206176
0.000187114
0.000199554
0.000160035
0.000174115
0.000145828
-8.47091e-35
1.08972e-35
3.74869e-05
4.51353e-05
9.61671e-05
1.33918e-35
7.35185e-05
2.83465e-05
0.000174247
0.000127429
0.000160116
0.000148013
0.00018098
0.000206456
0.000205798
0.000193273
0.000202696
7.88535e-05
0.000116288
0.000201041
0.000190663
0.000165047
0.000181045
0.000143532
1.28824e-35
1.33994e-35
5.11109e-05
1.37163e-35
9.06069e-05
2.85253e-05
5.10929e-05
0.000160156
0.000121053
0.000139532
0.000168856
0.000183745
0.000206437
0.000204905
0.00019666
0.000203978
8.30567e-05
0.000112236
0.000134611
0.000198086
0.000185981
0.000168721
0.000154628
1.37392e-35
5.78348e-05
2.85546e-05
1.39439e-35
3.02584e-05
8.30076e-05
5.77953e-05
0.00011219
0.000131987
0.000146783
0.000171884
0.000190219
0.000205987
0.000202378
0.000199182
0.00019933
0.000204825
7.87653e-05
0.00010448
0.000120549
0.000138609
0.000191877
0.000174836
0.000165344
1.39468e-35
5.22788e-05
1.40705e-35
5.47364e-05
2.8539e-05
9.32637e-05
8.18489e-05
0.000130838
0.000149493
0.000172547
0.00019315
0.000192488
0.000204623
0.000199972
0.00020466
0.000201402
8.18717e-05
0.000100652
0.000137998
0.00016889
0.000184485
1.40723e-35
5.03919e-05
1.41601e-35
3.06513e-05
5.86698e-05
0.000100631
8.63224e-05
0.000123758
0.000155624
0.00018614
0.000173251
0.000200696
0.000190574
0.000195905
0.000204643
0.000202918
0.000203945
7.87405e-05
0.000137373
0.000110065
0.00016377
0.000180314
0.000152209
1.41611e-35
2.97582e-05
5.47074e-05
1.42144e-35
3.15014e-05
6.02548e-05
0.000112175
9.98334e-05
0.000139488
0.000161355
0.000173977
0.000188494
0.000189505
0.000199976
0.000196849
0.00020469
0.000202197
0.000203469
0.000139289
8.90443e-05
0.000118977
0.000173994
0.00015687
1.42166e-35
2.74539e-05
5.48264e-05
1.42497e-35
2.93992e-05
5.78025e-05
5.64339e-05
7.90764e-05
0.00011251
0.000142156
0.000166683
0.000181496
0.00019265
0.000189427
0.000199295
0.00020091
0.0002038
0.000203985
0.000136053
9.8868e-05
0.000182681
0.000170015
0.000157454
6.59445e-05
1.42511e-35
2.85284e-05
1.42712e-35
4.05567e-05
0.000132589
7.662e-05
0.000110388
8.36974e-05
0.000150397
0.000175456
0.000187377
0.000196141
0.000193179
0.000194838
0.00020197
0.000189856
0.000202521
0.000204194
0.000135356
0.00010822
7.66313e-05
0.000176196
0.000158028
4.05588e-05
1.42719e-35
1.42853e-35
4.05941e-05
7.66899e-05
0.000135353
0.000108217
0.00015802
0.000176196
0.000198979
0.00018982
0.000198978
0.000203543
0.000189811
0.000203544
0.000108289
0.000135409
4.05968e-05
7.66868e-05
0.000176182
0.000158044
1.42856e-35
1.4294e-35
7.67263e-05
4.062e-05
0.000108295
0.000135397
0.000158042
0.000176176
0.000198896
0.000189788
0.000203445
0.000189779
0.000198895
0.00020341
0.000108328
0.000135445
7.67274e-05
4.06206e-05
0.000176174
0.000147327
0.00015806
0.000183529
1.42941e-35
1.42986e-35
0.000108338
7.67527e-05
4.06349e-05
0.00013545
0.000158059
0.00017617
0.00019884
0.000189758
0.000189746
0.000203378
0.00019884
0.000203366
1.42989e-35
0.000135473
7.67512e-05
0.000108363
4.06358e-05
0.000176166
0.000158074
1.43018e-35
4.06436e-05
0.000108362
7.67677e-05
0.000135469
0.000158071
0.000176166
0.00019881
0.000189742
0.000189734
0.000198792
0.000203334
0.000203334
4.0644e-05
1.43015e-35
0.000135485
0.000108382
7.67693e-05
0.000176163
0.00015808
0.000203305
1.43033e-35
4.0649e-05
0.000135482
0.000108382
7.67796e-05
0.00014735
0.000158078
0.000176163
0.000198789
0.000189731
0.000189726
0.000198776
0.000203305
1.43033e-35
4.0649e-05
0.000135495
7.67788e-05
0.000108392
0.000176162
0.000158085
0.000203287
4.06518e-05
1.4304e-35
0.000135495
0.000108395
7.67844e-05
0.000158085
0.000176162
0.000198765
0.000189721
0.000189719
0.000198765
0.000203282
1.4304e-35
4.06518e-05
7.67839e-05
0.000135501
0.0001084
0.000176161
0.00015809
0.000203276
4.06532e-05
1.43044e-35
0.000135502
0.000158089
7.67875e-05
0.0001084
0.000176161
0.000198757
0.000189716
0.000189716
0.000198754
0.000203273
1.43043e-35
4.06531e-05
0.000108404
7.67875e-05
0.000135505
0.000158092
0.000176161
0.00020327
1.43044e-35
4.06538e-05
7.67891e-05
0.000158091
0.000135506
0.000108405
0.000176161
0.000198751
0.000189714
0.000189714
0.00019875
0.000203268
1.43044e-35
4.06536e-05
0.000108407
7.67888e-05
0.000135508
0.000158092
0.000172067
0.000183502
0.000203267
1.43043e-35
1.43044e-35
7.67897e-05
4.0654e-05
0.000158093
0.000108407
0.000135507
0.000176161
0.000108408
0.000198749
0.000189713
0.000194796
0.000200301
0.000203265
4.06538e-05
0.000108408
7.67895e-05
0.000135509
0.000158093
0.000176161
0.000189713
0.000203265
0.000183501
1.43042e-35
4.06539e-05
1.43043e-35
7.67899e-05
0.000158094
0.000135509
0.000176161
0.000189713
0.00013551
0.000108408
0.000198747
0.000198747
0.000203829
7.67897e-05
4.06538e-05
0.000108408
0.000135509
0.000158094
0.000176161
0.000189712
1.43041e-35
4.06536e-05
1.43042e-35
4.06537e-05
7.67898e-05
0.000158094
0.000198746
0.000176162
0.000189712
0.00013551
0.000108408
0.000203263
0.000198746
0.000203263
0.000108408
7.67896e-05
0.00013551
0.000158094
0.000176162
0.000189712
0.000147367
1.43041e-35
4.06534e-05
4.06536e-05
1.43041e-35
7.67897e-05
0.000158094
0.000198746
0.000176162
0.000189712
0.00013551
0.000108408
0.000203263
0.000203263
0.000198746
0.000108408
7.67895e-05
0.00013551
0.000158094
0.000176162
0.000189712
1.4304e-35
4.06533e-05
1.4304e-35
0.000198746
4.06534e-05
7.67895e-05
0.000158094
0.000176162
0.000189713
0.00013551
0.000108408
0.000203263
0.000203263
0.000198746
7.67893e-05
0.000108408
0.00013551
0.000176162
0.000158094
0.000189713
1.43039e-35
7.67892e-05
4.06532e-05
1.43039e-35
0.000198746
4.06532e-05
0.000108408
7.67893e-05
0.000147367
0.000158094
0.000176162
0.000189713
0.00013551
0.000203263
0.000203263
0.000198746
0.000108408
0.000158094
0.00013551
0.000176162
0.000189713
0.000122523
1.43039e-35
7.6789e-05
4.06531e-05
1.43039e-35
0.000203263
0.000198747
4.06531e-05
7.67891e-05
0.000108408
0.000158094
0.000189713
0.000176162
0.00013551
0.000158094
0.000203263
0.000198747
0.000108408
0.000158094
0.00013551
0.000176162
0.000189713
1.43038e-35
7.67889e-05
4.0653e-05
1.43039e-35
4.0653e-05
0.000203264
0.000194794
0.00013551
7.6789e-05
0.000108408
0.000172069
0.000183502
0.000147367
0.000158094
0.000203264
0.000198747
0.00013551
0.000108408
0.000158094
0.000176162
0.000189713
1.43038e-35
4.06529e-05
7.67888e-05
0.000108408
1.43038e-35
4.0653e-05
1.43038e-35
0.000203264
0.000198747
0.000189713
0.000108408
0.00013551
7.67889e-05
0.000176162
0.000147367
0.000158094
0.000203264
0.000192395
0.000198747
0.000158094
0.000135509
0.000172069
0.000183502
1.43038e-35
7.67888e-05
4.06529e-05
0.000108408
4.06529e-05
1.43038e-35
0.000198747
0.000203264
0.000189713
0.000108408
0.00013551
7.67888e-05
0.000176162
0.000158094
0.000203264
0.000189713
0.000198747
0.000135509
0.000158094
0.000176162
0.000167693
9.31628e-05
0.000135509
1.43038e-35
4.06529e-05
7.67887e-05
0.000108408
4.06529e-05
1.43038e-35
0.000198747
0.000203264
0.000189713
0.000108408
0.00013551
7.67888e-05
0.000176162
0.000147367
0.000158094
0.000203264
0.000189713
0.000198747
0.000158094
0.000176162
0.000183502
0.000203264
0.000108408
0.000135509
0.000158094
4.06528e-05
1.43038e-35
7.67887e-05
4.06529e-05
1.43038e-35
0.000198747
0.000189713
0.000135509
0.000108408
7.67887e-05
0.000176162
0.000158094
0.000203264
0.000198747
0.000189713
0.000176162
0.000203264
0.000135509
0.000108408
0.000158094
0.000176162
4.06528e-05
1.43038e-35
7.67887e-05
4.06528e-05
7.67887e-05
1.43038e-35
1.43038e-35
0.000198747
0.000189713
0.000135509
0.000108408
0.000176162
0.000158094
0.000203264
0.000198747
0.000189713
0.000203264
0.000176162
7.67887e-05
0.000108408
0.000135509
0.000158094
1.43038e-35
4.06528e-05
7.67887e-05
0.000108408
4.06528e-05
4.06528e-05
1.43038e-35
0.000198747
0.000189713
0.000135509
0.000176162
0.000158094
0.000203264
0.000198747
0.000189713
0.000203264
0.000176162
0.000158094
7.67887e-05
0.000108408
0.000135509
1.43038e-35
4.06528e-05
0.000108408
7.67887e-05
1.43038e-35
4.06528e-05
0.000198747
0.000189713
0.000135509
0.000158094
0.000176162
0.000203264
0.000198747
0.000189713
0.000203264
0.000158094
0.000176162
7.67887e-05
0.000108408
0.000135509
4.06528e-05
1.43038e-35
1.43038e-35
7.67887e-05
0.000108408
7.67887e-05
4.06528e-05
4.06528e-05
0.000198747
0.000189713
0.000135509
0.000158094
0.000176162
0.000189713
0.000203264
0.000203264
0.000198747
0.000198747
0.000158094
0.000176162
0.000135509
7.67887e-05
0.000108408
4.06528e-05
1.43038e-35
1.43038e-35
4.06528e-05
0.000108408
7.67887e-05
0.000135509
0.000198747
0.000189713
0.000158094
0.000176162
0.000198747
0.000189713
0.000203264
0.000203264
0.000198747
0.000158094
0.000176162
0.000135509
1.43038e-35
0.000108408
7.67886e-05
4.06528e-05
0.000189713
1.43038e-35
4.06528e-05
7.67887e-05
7.67887e-05
0.000108408
0.000135509
0.000189713
0.000158094
0.000176162
0.000198747
0.000198747
0.000203264
0.000203264
0.000176162
0.000158094
0.000108408
0.000135509
1.43038e-35
7.67886e-05
4.06528e-05
0.000198747
0.000189713
1.43038e-35
4.06528e-05
7.67887e-05
0.000108408
0.000108408
0.000135509
0.000189713
0.000158094
0.000176162
0.000198747
0.000203264
0.000203264
0.000176162
0.000158094
0.000203264
0.000135509
0.000108408
1.43038e-35
7.67886e-05
4.06528e-05
0.000198747
0.000176162
0.000189713
1.43038e-35
4.06528e-05
7.67887e-05
0.000108408
0.000158094
0.000135509
0.000189713
0.000176162
0.000198747
0.000203264
0.000158094
0.000203264
0.000135509
0.000108408
1.43038e-35
7.67886e-05
4.06528e-05
0.000198747
0.000158094
0.000176162
0.000189713
1.43038e-35
0.000108408
4.06528e-05
7.67887e-05
0.000135509
0.000158094
0.000189713
0.000176162
0.000203264
0.000198747
0.000203264
0.000135509
0.000108408
0.000203264
1.43038e-35
7.67886e-05
4.06528e-05
0.000203264
0.000198747
0.000158094
0.000189713
0.000176162
1.43038e-35
4.06528e-05
0.000135509
0.000108408
0.000135509
7.67887e-05
0.000158094
0.000189713
0.000176162
0.000198747
0.000135509
0.000108408
0.000158094
0.000203264
1.43038e-35
7.67886e-05
4.06528e-05
0.000135509
0.000198747
0.000203264
0.000189713
0.000176162
1.43038e-35
4.06528e-05
0.000158094
0.000108408
0.000135509
0.000108408
7.67887e-05
0.000172069
0.000189713
0.000183502
0.000198747
0.000122523
0.000108408
0.000158094
0.000203264
1.43038e-35
7.67886e-05
4.06528e-05
0.000135509
0.000203264
0.000198747
0.000176162
0.000189713
1.43038e-35
4.06528e-05
7.67887e-05
0.000158094
0.000135509
0.000122523
0.000108408
0.000176162
0.000189713
0.000198747
7.67886e-05
0.000108408
0.000158094
0.000203264
1.43038e-35
4.06528e-05
0.000135509
0.000203264
0.000198747
0.000176162
0.000189713
1.43038e-35
4.06528e-05
7.67887e-05
0.000108408
0.000176162
0.000158094
0.000135509
0.000189713
0.000198747
7.67886e-05
0.000108408
0.000158094
0.000203264
1.43038e-35
4.06528e-05
0.000108408
0.000135509
0.000176162
0.000203264
0.000198747
0.000189713
7.67887e-05
1.43038e-35
4.06528e-05
9.31627e-05
0.000108408
0.000135509
0.000176162
0.000158094
0.000189713
0.000158094
0.000198747
1.43038e-35
7.67886e-05
0.000158094
0.000203264
1.43038e-35
4.06528e-05
0.000108408
7.67886e-05
0.000176162
0.000135509
0.000203264
0.000189713
0.000198747
7.67887e-05
4.06528e-05
0.000108408
0.000135509
0.000158094
0.000189713
0.000176162
0.000198747
1.43038e-35
0.000158094
0.000203264
0.000203264
1.43038e-35
4.06528e-05
0.000108408
7.67886e-05
0.000189713
0.000176162
0.000135509
0.000158094
0.000198747
0.000135509
7.67887e-05
4.06528e-05
0.000135509
0.000108408
0.000158094
0.000176162
0.000189713
0.000176162
0.000198747
4.06528e-05
1.43038e-35
0.000203264
0.000203264
1.43038e-35
4.06528e-05
7.67886e-05
0.000108408
0.000135509
0.000189713
0.000176162
0.000158094
0.000198747
0.000158094
7.67887e-05
0.000135509
0.000108408
0.000172069
0.000189713
0.000183502
0.000198747
4.06528e-05
1.43038e-35
0.000203264
0.000203264
1.43038e-35
4.06528e-05
7.67886e-05
0.000108408
0.000135509
0.000189713
0.000158094
0.000176162
0.000198747
0.000203264
0.000158094
7.67887e-05
0.000108408
0.000135509
0.000122523
0.000176162
0.000189713
0.000198747
1.43038e-35
4.06528e-05
7.67887e-05
0.000203264
4.06528e-05
1.43038e-35
7.67886e-05
4.06528e-05
0.000108408
0.000158094
0.000135509
0.000189713
0.000176162
0.000194795
0.000203264
0.000203264
0.000158094
0.000176162
0.000108408
0.000135509
0.000189713
0.000198747
1.43038e-35
0.000108408
4.06528e-05
7.67887e-05
1.43038e-35
7.67886e-05
4.06528e-05
0.000108408
0.000135509
0.000158094
0.000176162
0.000189713
0.000198747
0.000203264
0.000203264
0.000158094
0.000176162
0.000158094
0.000135509
0.000189713
0.000198747
1.43038e-35
0.000108408
4.06528e-05
7.67887e-05
0.000194795
1.43038e-35
0.000108408
7.67887e-05
4.06528e-05
0.000135509
0.000176162
0.000158094
0.000189713
0.000198747
0.000203264
0.000203264
0.000176162
0.000135509
0.000158094
0.000189713
0.000198747
1.43038e-35
0.000108408
7.67887e-05
4.06528e-05
0.000122523
1.43038e-35
0.000189713
0.000203264
0.000108408
7.67887e-05
4.06528e-05
1.43038e-35
0.000158094
0.000135509
0.000176162
0.000198747
0.000203264
0.000176162
0.000135509
0.000158094
0.000189713
0.000198747
1.43038e-35
0.00013551
0.000108408
7.67888e-05
4.06529e-05
0.000194795
0.000203264
0.000203264
0.000108408
0.000176162
1.43038e-35
7.67887e-05
4.06528e-05
0.000158094
0.000135509
0.000189713
0.000198747
0.000176162
0.000158094
0.000158094
0.000189713
0.000198747
0.000203264
4.06529e-05
1.43038e-35
0.00013551
0.000108408
7.67888e-05
0.000203264
0.000183502
0.000108408
0.000189713
0.000176162
1.43038e-35
4.06529e-05
7.67888e-05
0.000158094
0.000135509
0.000203264
0.000203264
0.000198747
0.000176162
0.000158094
0.000189713
0.000198747
4.0653e-05
1.43038e-35
0.00013551
0.000108408
7.6789e-05
0.000203264
0.000122523
9.31629e-05
0.000189713
0.000176162
0.000158094
1.43038e-35
4.06529e-05
7.67888e-05
0.00013551
0.000203264
0.000198747
0.000176162
0.000158094
0.000198747
0.000189713
1.43039e-35
4.06531e-05
0.00013551
7.67892e-05
0.000108408
0.000203264
0.000108408
0.000189713
0.000158094
0.000176162
1.43038e-35
7.6789e-05
4.0653e-05
0.00013551
0.000203263
0.000203263
0.000198747
0.000158095
0.000176162
0.000198746
0.000189713
1.43039e-35
4.06533e-05
0.00013551
0.000108408
7.67894e-05
0.000108408
0.000194794
0.000189713
0.000176162
0.000158095
1.43039e-35
4.06531e-05
7.67891e-05
0.000108408
0.00013551
0.000203263
0.000203263
0.000198746
0.000172069
0.000158095
0.000183502
0.000198746
1.4304e-35
4.06535e-05
0.00013551
0.000108409
7.67899e-05
0.000189712
0.000176162
0.000158095
1.43039e-35
4.06533e-05
0.00013551
7.67894e-05
0.000108408
0.000203262
0.000203262
0.000198745
0.000189712
0.000176162
0.000158095
0.000189712
0.000198745
1.43042e-35
4.06539e-05
0.000135511
0.00010841
7.67905e-05
0.00013551
0.000176162
0.000158095
1.4304e-35
7.67899e-05
4.06535e-05
0.000108409
0.000189712
0.000203262
0.000203261
0.000198745
0.000176162
0.000158095
0.000176162
0.000198745
0.000189712
1.43044e-35
4.06545e-05
0.000135512
0.00010841
7.67915e-05
0.000135511
0.000158095
1.43042e-35
0.00010841
4.06539e-05
7.67905e-05
0.000189711
0.00020326
0.00020326
0.000198744
0.000176162
0.000198744
0.000158095
0.000176162
0.000189711
1.43047e-35
4.06553e-05
0.000135513
0.000108412
7.67928e-05
0.000135512
0.00010841
0.000158095
1.43044e-35
4.06545e-05
7.67914e-05
0.00018971
0.000203259
0.000203258
0.000198742
0.000176161
0.000198742
0.000158096
0.000176161
0.000189709
0.000158096
1.43052e-35
4.06565e-05
0.000108413
0.000135514
7.67943e-05
0.000135512
0.000108411
0.000158096
7.67926e-05
1.43047e-35
4.06553e-05
0.000189709
0.000203257
0.000203256
0.00019874
0.000176161
0.00019874
0.000176161
0.000189708
0.000135515
0.000158096
4.0658e-05
1.43059e-35
7.67963e-05
0.000108415
0.000135513
0.000108413
0.000203254
0.000158096
7.67943e-05
1.43052e-35
4.06566e-05
0.000189708
0.000203253
0.000198737
0.00017616
0.000198738
0.000189707
0.00017616
0.000135516
0.000158096
4.066e-05
1.43068e-35
7.67995e-05
0.000108418
0.000122533
9.31699e-05
0.00014737
0.000122529
0.000203252
0.000158096
7.67968e-05
1.43059e-35
4.06581e-05
0.000189706
0.00020325
0.000194784
0.000176159
2.10978e-36
2.10953e-36
0.000198735
0.000189705
0.000176158
0.000158096
1.4308e-35
0.000135518
4.06627e-05
7.68024e-05
0.000108421
0.000108416
0.000135515
0.000203248
0.000203249
7.67992e-05
0.000135516
0.000158096
4.06601e-05
1.43068e-35
0.000158096
0.000189703
0.000198732
0.000176157
3.93368e-36
3.93417e-36
5.19697e-06
3.64829e-36
0.000198732
0.000176157
0.000189703
0.000158095
0.000172063
1.43094e-35
0.000108422
0.000135518
4.06655e-05
7.68057e-05
0.000108418
0.000203246
0.000203246
7.68021e-05
0.00010842
0.000135517
1.4308e-35
4.06626e-05
0.000158095
0.000189701
0.00019873
0.000176155
3.64878e-36
5.24162e-06
3.64829e-36
3.64878e-36
0.00019873
0.000183491
0.0001897
0.000158092
0.000176152
1.43112e-35
4.06687e-05
0.000108423
0.000135517
7.68086e-05
0.000122535
0.000203245
0.000203245
7.68054e-05
0.000108423
0.000135518
1.43094e-35
4.06657e-05
0.000158092
0.0001897
0.00019873
0.00018349
0.000172061
5.24162e-06
3.64829e-36
3.64878e-36
0.00019873
0.000189699
0.000176149
0.000135512
0.000158085
4.06714e-05
1.43131e-35
0.000108421
7.68094e-05
0.000203247
0.000203248
7.68086e-05
0.000108423
0.000135517
1.43112e-35
4.06687e-05
0.000158089
0.000198733
0.000189699
0.00017615
5.24162e-06
3.64829e-36
3.64878e-36
0.000198738
0.000189701
0.000176147
0.000135501
0.000158078
4.06723e-05
1.43146e-35
7.68061e-05
0.000108412
0.000203252
0.000203255
0.000135512
7.68096e-05
0.000108421
4.06713e-05
1.4313e-35
0.000203269
0.000158081
0.00019874
0.000189702
0.000176147
5.24162e-06
3.64829e-36
3.64878e-36
0.000198751
0.000189711
0.000176144
0.000135484
0.000158062
4.06693e-05
1.43154e-35
7.67937e-05
0.000108392
0.000203269
0.000108412
0.000147347
0.000135504
7.6806e-05
4.06724e-05
1.43146e-35
0.000203294
0.000158062
0.000198774
0.000189708
0.000176144
5.24162e-06
3.64829e-36
3.64878e-36
0.000198774
0.000189733
0.000176143
0.000135448
0.000158036
4.06592e-05
1.43138e-35
7.67652e-05
0.000108342
0.000203305
0.000108392
0.000135472
7.67917e-05
4.06693e-05
1.43154e-35
0.000203335
0.000201649
0.000158036
0.000176143
0.000194851
0.000189726
3.64829e-36
5.24162e-06
3.64878e-36
3.64829e-36
0.000198827
0.000189761
0.000176145
0.000189812
0.000157979
0.000135367
4.06325e-05
1.43076e-35
7.67088e-05
0.00010826
0.000203421
0.000108351
0.000135438
7.67651e-05
4.06583e-05
1.43144e-35
0.000198876
0.000203427
0.000157994
0.000176144
0.000189775
0.000183551
5.24162e-06
3.64878e-36
3.64829e-36
0.000157928
0.000198982
0.000176156
0.000189892
0.000135251
0.000108146
4.0581e-05
1.42932e-35
7.66048e-05
0.000204109
0.000108291
0.000135368
4.06326e-05
7.6709e-05
1.43069e-35
0.000203696
0.000157928
0.000199008
0.000176156
0.000189892
5.24162e-06
3.64878e-36
3.64829e-36
0.000157857
0.000199227
0.000190051
0.000176181
0.000135108
0.000146911
0.000107931
1.42641e-35
4.04926e-05
7.64015e-05
0.000203696
0.000157827
0.000108146
0.000135251
4.05846e-05
7.66054e-05
1.42934e-35
0.000204029
0.00017618
0.000199185
0.000190015
5.24162e-06
3.64878e-36
3.64829e-36
3.64878e-36
1.42136e-35
0.000157677
0.000199516
0.000195646
0.000176231
0.000107582
0.000134766
7.61268e-05
4.03224e-05
0.000190202
0.000204029
0.000135061
0.00015772
7.64262e-05
0.00010793
1.42661e-35
4.04861e-05
0.000204558
0.000176257
0.000199583
5.24162e-06
3.64829e-36
3.64878e-36
1.41176e-35
0.000157522
0.000190552
0.000200143
0.000176327
4.00275e-05
0.000107133
0.000134193
7.57039e-05
0.000121865
0.000190443
0.000204902
0.000157459
0.000172022
0.000134687
0.000107511
7.61643e-05
1.42122e-35
4.03114e-05
0.000205375
0.000200845
0.000184161
0.000200463
5.24162e-06
3.64828e-36
3.64878e-36
1.39601e-35
3.95722e-05
0.000157315
0.000190935
0.000176494
0.000133459
7.47828e-05
0.000106185
0.000193663
0.000205624
0.000134314
0.000157239
0.000176494
0.000107031
7.56467e-05
4.00463e-05
1.41101e-35
0.000201766
0.000206614
0.000191374
0.000201491
5.24162e-06
3.64834e-36
3.64877e-36
3.88886e-05
1.36854e-35
7.37067e-05
0.000157049
0.00019169
0.000176722
0.000203022
0.000132648
0.000104919
0.000206615
0.000133802
0.000156847
0.000192358
0.000176905
7.48822e-05
0.000106186
3.9627e-05
1.39591e-35
0.000208443
0.000203024
5.24157e-06
3.64821e-36
3.64871e-36
1.3283e-35
3.78613e-05
7.19397e-05
0.000156724
0.000177076
0.000186579
0.000204712
0.000193219
0.000103057
0.000131574
0.000209572
0.000132886
0.000156464
0.00019382
0.000177352
1.3708e-35
7.38483e-05
0.000104674
3.88916e-05
0.000211084
0.000206449
3.64899e-36
5.24184e-06
3.64872e-36
6.93184e-05
0.000100366
1.26459e-35
3.62275e-05
5.9092e-05
0.000156167
0.000178008
0.000195938
0.000206956
0.000129741
0.000105628
0.000211855
0.000156
0.000103052
0.000131239
0.000195948
0.000178011
1.32862e-35
3.77277e-05
7.17203e-05
0.000214802
0.000210008
0.00021481
3.64739e-36
5.24213e-06
3.64441e-36
8.50068e-05
1.16676e-35
3.01439e-05
5.34576e-05
0.000218027
0.000155469
0.000180117
0.000199193
0.000134912
0.000110462
0.000155463
0.000129278
0.00010037
0.000214536
0.000201718
0.000185441
0.000159627
1.26233e-35
3.61117e-05
6.9314e-05
0.000220859
5.23783e-06
3.64873e-36
4.12432e-36
8.27547e-05
1.02339e-35
2.26959e-05
5.48612e-05
0.000216047
0.000225994
0.000112464
0.000203737
0.000158148
0.000182949
0.00013607
0.0001354
0.000106184
7.54643e-05
0.000222998
0.000213663
0.000194077
0.000172046
0.000142786
2.95561e-05
1.16681e-35
5.56693e-05
0.000228954
5.1905e-06
3.59126e-36
5.58877e-36
3.43325e-36
7.2924e-05
8.04667e-36
2.88047e-05
4.05135e-05
5.26418e-36
0.000233897
0.000225486
0.000209979
9.9478e-05
0.00013312
0.000186808
0.000161677
0.000111676
8.07265e-05
0.000150259
0.00022388
0.000206292
0.000232706
0.000195553
0.000171036
0.000103919
1.02461e-35
2.26831e-05
5.28001e-05
0.000239035
5.08517e-06
7.9847e-36
3.17009e-36
4.88451e-06
2.6833e-36
5.18593e-05
1.93582e-05
1.53968e-05
1.98253e-36
-5.87118e-37
0.000243538
0.000229495
8.84972e-05
0.000208572
0.000186721
0.000126861
0.000157551
7.28282e-05
0.000135425
0.000218811
0.00024156
0.00020445
0.000179308
0.000150169
0.000109503
5.18113e-05
7.60592e-05
8.08023e-36
2.88358e-05
0.000251286
0.000254599
1.21904e-35
4.55605e-06
1.19008e-36
-5.45807e-37
5.69255e-05
3.10222e-05
1.04629e-05
1.67174e-06
0.000246916
0.000232265
0.000217107
7.51017e-05
0.000119529
0.000186791
0.0001527
7.88298e-05
0.000116705
0.000229468
0.000251864
0.000210705
0.000190146
0.000137463
3.14208e-05
8.1628e-05
5.34061e-05
5.08892e-36
0.000266672
0.000266696
1.84853e-35
3.83146e-06
1.2677e-06
4.44751e-05
2.15346e-05
7.28828e-06
0.000246211
0.000226869
5.81611e-05
0.000201721
0.000104462
0.000147172
0.000170475
9.42477e-05
1.29335e-05
0.000244464
0.000263447
0.000228381
0.000161533
0.000203715
0.000129629
5.75642e-05
2.69062e-05
4.74734e-05
1.96668e-36
0.000277834
0.000271507
0.000279803
3.63336e-35
4.90643e-06
1.51892e-05
0.000251211
0.00022484
3.49615e-05
8.92068e-05
0.000195198
0.000140749
8.61301e-05
3.73766e-06
0.00025272
0.00027596
0.0002323
0.000169536
0.000199021
0.000124908
4.88549e-05
1.94674e-05
1.26319e-05
-6.44875e-37
0.000290808
0.000276872
0.000296759
8.2386e-35
0.000255174
0.000227376
6.81258e-05
0.000131722
0.000184941
1.55707e-06
6.80996e-05
0.000287291
0.000259116
0.000227385
0.000190294
0.000131768
8.28581e-35
4.84111e-06
1.49635e-06
-5.0727e-37
0.000296663
0.000306818
0.000280813
0.000296402
7.42314e-35
0.000254925
0.000212102
9.74747e-05
0.000160082
7.41227e-35
9.36637e-05
0.000251734
0.00027973
0.000224424
0.000160073
3.6331e-35
3.79999e-06
1.28739e-36
0.000292521
0.000314228
0.000307169
0.000286859
5.68295e-35
0.000251869
0.000197907
0.000116263
5.68135e-35
0.000114094
0.000255403
0.000197932
4.4635e-06
1.84946e-35
2.69282e-36
0.000300971
0.0002621
0.000320028
0.000316738
0.000299841
4.89997e-35
0.000262098
0.00020367
0.00011054
4.89704e-35
0.000116101
0.000201642
4.73912e-06
1.2175e-35
3.18396e-36
0.000315944
0.000294896
0.000246451
0.000328297
0.000318897
0.000295506
4.25043e-35
0.000252203
0.000190429
0.0001074
4.25303e-35
0.000107421
0.00019044
4.99358e-06
7.96502e-36
3.43231e-36
0.000191371
0.000322654
0.000297679
0.00025369
0.000332234
0.000321361
0.000295312
4.08874e-35
0.00025369
0.000190613
0.000106498
4.09133e-35
0.000107437
5.14033e-06
5.58896e-36
3.59398e-36
0.000190245
0.000333963
0.000325273
0.000311046
0.000268257
0.000324643
0.000332213
0.000298067
4.04145e-35
0.000202996
0.000268315
0.000113886
4.04271e-35
0.000114058
4.12608e-36
5.21999e-06
3.6475e-36
0.00020222
0.00033316
0.000312043
0.000268329
0.000333467
0.000311491
3.98893e-35
0.000202095
0.000268345
0.000112684
0.000334253
3.9895e-35
0.000112679
3.64686e-36
3.64524e-36
5.23933e-06
0.000201537
0.000268265
0.000334549
0.000312622
0.000312392
0.000268288
0.000112076
3.95931e-35
0.000201612
0.000237623
0.000334805
3.64614e-36
3.95829e-35
0.000112034
3.6472e-36
5.2394e-06
0.00026822
0.00020126
0.000334945
0.000312797
0.000312681
0.00026821
0.000111823
3.9517e-35
0.00020124
0.000111807
0.000335044
0.000268175
3.64747e-36
3.95269e-35
3.64706e-36
5.2397e-06
0.00011172
0.000201141
0.000268179
0.000335119
0.000312832
0.000312821
0.000201145
3.94943e-35
0.00011172
0.000335142
0.000159201
0.000268153
0.000201094
3.64738e-36
3.94907e-35
3.64695e-36
5.23971e-06
0.000111693
0.00026816
0.000335188
0.000335187
0.000312854
0.000312851
0.000201094
0.000111695
3.94936e-35
0.000268147
0.000201083
0.000293297
3.64745e-36
3.94913e-35
3.64695e-36
5.23969e-06
0.000111688
0.000268144
0.000201081
0.000335206
0.000335208
0.000312857
0.000312852
0.000111691
3.94945e-35
0.000237409
0.000159176
0.000268151
3.64744e-36
3.94928e-35
3.64695e-36
5.2397e-06
0.000111693
0.000268171
0.000268141
0.000201082
0.000111691
0.000312851
0.000335201
0.000335195
0.000312838
3.94949e-35
0.000201093
3.64744e-36
3.94944e-35
3.64695e-36
5.2397e-06
0.000268213
0.000201117
0.000111708
0.000312824
0.000268143
0.000111697
0.000201092
0.000312806
0.000335146
0.000335166
3.94949e-35
3.64744e-36
3.9497e-35
3.64695e-36
3.64744e-36
5.2397e-06
0.000201189
0.000268268
0.00011175
0.000334994
0.000312741
0.000268156
0.000111722
0.000201143
0.000312753
0.000334992
3.95006e-35
3.95038e-35
3.64695e-36
3.64744e-36
5.2397e-06
0.000111862
3.95456e-35
0.00023774
0.000268444
0.000201314
0.000312393
0.000334652
0.000268205
0.000111816
0.00020127
0.000303641
0.000326471
3.95273e-35
0.000268706
3.64695e-36
3.64744e-36
5.2397e-06
3.96371e-35
0.000112103
0.000201804
0.00032545
0.000311485
0.000334008
0.000334341
0.000268296
0.00011205
0.000201575
0.000312419
3.96078e-35
0.000325616
0.000202452
0.000268982
3.64695e-36
3.64744e-36
5.2397e-06
3.98716e-35
0.000112747
0.000332415
0.000325095
0.000302854
0.000332527
0.000268421
0.000202402
0.000112541
0.000311546
3.98224e-35
0.000203561
0.000257739
3.64695e-36
3.64744e-36
5.2397e-06
4.03813e-35
0.000113877
0.000246669
0.000332516
0.000314535
0.00032702
0.000301649
0.000325527
0.000268771
0.000203558
0.000113801
0.000305319
4.02717e-35
0.000188094
3.64695e-36
3.64744e-36
5.2397e-06
4.14685e-35
9.85692e-05
0.000173417
0.000236495
0.000273347
0.000327113
0.000317739
0.000322604
0.000299084
0.000307882
0.00024808
8.89679e-05
0.000185326
0.000272339
4.13165e-35
3.64695e-36
3.64744e-36
5.2397e-06
4.38771e-35
8.36266e-05
0.000160848
0.000272701
0.000228465
0.000316806
0.000308573
0.000313019
0.000295069
0.000289499
0.000225755
8.80962e-05
0.000166796
0.0002543
4.3535e-35
3.64695e-36
0.000250853
0.000270266
3.64744e-36
5.2397e-06
4.84271e-35
0.000160013
0.000223699
0.000301685
0.000301255
0.000294434
0.000284435
0.000268285
8.83746e-05
0.000202518
4.81588e-35
3.64695e-36
0.000277544
0.000255275
0.000291204
3.64695e-36
3.64744e-36
5.2397e-06
6.18683e-35
0.000156345
0.000212814
0.000287482
0.000283515
0.000301823
0.000262794
0.000221026
0.000159328
6.14656e-35
0.000203096
0.000213578
0.000187374
0.000218819
3.93223e-36
3.93273e-36
5.19507e-06
8.1103e-35
0.000166412
0.000273969
0.000293609
0.000218819
0.000248267
0.000212777
0.000120223
8.14579e-35
2.10876e-36
2.109e-36
-2.15686e-35
-2.15686e-35
0.00027598
0.000213578
0.000246587
0.000200472
0.000166412
0.000203096
0.000187374
