2.61258e-36
2.61288e-36
4.87171e-36
6.49155e-06
4.87232e-36
4.51827e-36
6.49155e-06
4.51888e-36
4.51827e-36
6.49155e-06
4.51888e-36
4.51827e-36
-3.85042e-35
6.49155e-06
4.51888e-36
4.51827e-36
4.51888e-36
4.37731e-05
3.42291e-36
8.26826e-05
0.00014591
0.000116728
3.38848e-05
0.000170229
6.49155e-06
4.51827e-36
4.51888e-36
1.48973e-05
9.67403e-36
0.000116192
5.80093e-05
9.02415e-05
4.34021e-05
0.000189684
0.00013966
0.000131363
6.49155e-06
4.51827e-36
4.51888e-36
0.000218866
0.000218866
0.000214002
0.000204275
0.000214002
0.000204275
0.000180651
0.00014591
0.000116728
8.26826e-05
2.0962e-05
3.94246e-05
1.02234e-35
0.00011156
5.80553e-05
8.0486e-05
0.000158102
0.000155248
0.000137499
6.49155e-06
4.51827e-36
4.51888e-36
0.000182691
0.000179185
0.000171835
0.000189684
0.000158753
0.000170229
0.000170661
0.000190311
-3.85042e-35
9.26082e-05
0.000117875
4.37731e-05
5.91578e-05
3.41723e-05
2.09045e-05
6.47414e-05
4.46186e-05
1.10725e-35
0.000121281
8.88231e-05
0.000170793
0.000155719
0.000141878
6.49155e-06
4.51827e-36
4.51888e-36
0.000191197
0.000189185
0.000183441
0.000171629
0.000140108
0.000181652
0.000186875
3.44502e-36
8.11165e-05
0.000113426
0.000135675
1.50023e-05
4.38297e-05
5.87308e-05
2.34865e-05
6.94847e-05
4.84257e-05
1.16637e-35
0.000125451
0.000107802
8.91814e-05
0.000172009
0.000162246
0.000149991
6.49155e-06
4.51827e-36
4.51888e-36
0.00018833
0.00018328
0.000172489
0.000140442
0.0001568
0.00018251
0.000187175
9.74956e-36
9.32105e-05
0.000116903
0.000125609
2.11823e-05
6.54461e-05
3.98521e-05
2.55531e-05
6.69556e-05
4.67009e-05
9.24816e-05
1.20154e-35
0.000136103
0.000120949
0.000173074
0.000156528
6.49155e-06
4.51827e-36
4.51888e-36
0.000185422
0.000175493
0.000162822
0.000147035
0.000183076
0.00018539
0.0001862
1.03348e-35
9.0877e-05
0.000104827
0.000132866
7.00318e-05
2.11273e-05
4.50498e-05
2.45105e-05
7.04618e-05
4.92259e-05
0.000114148
9.55018e-05
1.22515e-35
0.000144483
0.000135837
0.00015722
0.000178792
0.000169619
6.49155e-06
4.51827e-36
4.51888e-36
0.00017958
0.000163596
0.000149782
0.00018331
0.000180974
0.000184911
1.11893e-35
0.000140798
8.64835e-05
0.000117796
4.88253e-05
2.3701e-05
2.58206e-05
7.50631e-05
4.76451e-05
0.000126736
0.000112046
1.24026e-35
0.000151852
0.000166927
0.000174494
6.49155e-06
4.51827e-36
4.51888e-36
0.000171477
0.000155966
0.000174666
0.000183151
0.000183631
0.00018081
0.00014786
1.17518e-35
0.000127213
7.00712e-05
0.000105271
9.04989e-05
4.47696e-05
2.39882e-05
8.5388e-05
5.75968e-05
0.000137869
0.000105798
0.000126718
1.25005e-35
0.000158256
0.000170931
0.000178753
6.49155e-06
4.51827e-36
4.51888e-36
0.000165488
0.000177185
0.000182715
0.000179057
0.000181826
0.000154139
0.000135712
1.20952e-35
0.00012082
7.08646e-05
8.77413e-05
4.94805e-05
2.56091e-05
3.55228e-05
9.50669e-05
6.71787e-05
0.000147593
0.000119388
0.000119202
0.000139532
1.2563e-35
3.57038e-05
0.000163756
0.000180553
0.000176021
6.49155e-06
4.51826e-36
4.51886e-36
0.000166491
0.000174181
0.000181994
0.000180327
0.00015343
0.000134463
0.0001154
1.2308e-35
9.04496e-05
6.86931e-05
4.61476e-05
0.00013007
6.74606e-05
0.000107966
9.53254e-05
0.000155969
0.000139608
0.00013971
3.58111e-05
1.26328e-35
1.26036e-35
6.765e-05
0.000168413
0.00018063
0.000176775
4.51827e-36
6.49155e-06
4.51897e-36
0.000167522
0.000175735
0.000181022
0.000150139
0.000132295
0.000109772
1.24522e-35
2.40744e-05
8.24815e-05
5.6991e-05
0.000119593
9.55694e-05
0.000139755
0.000155915
0.000152214
0.000168158
1.26483e-35
3.5933e-05
3.58855e-05
6.77747e-05
0.000176462
0.000180775
4.51825e-36
6.49148e-06
4.51842e-36
4.51859e-36
0.000156175
0.000168569
0.000176719
0.000180641
0.000139771
0.000119493
9.52978e-05
1.25368e-35
3.56343e-05
6.73901e-05
0.000148325
0.000130258
0.000119687
9.57086e-05
0.000155878
0.000162483
0.000176248
1.266e-35
3.59609e-05
6.78559e-05
9.57991e-05
0.000180353
0.000180376
6.49256e-06
4.514e-36
4.51741e-36
0.000156095
0.000168342
0.000176401
0.000139823
0.000119627
9.5545e-05
1.25891e-35
3.57739e-05
6.76003e-05
1.26658e-35
0.000155871
0.000139809
0.000119782
0.000176107
0.000167998
0.000167948
3.59763e-05
6.79068e-05
9.58461e-05
0.000176242
0.000180178
0.000180196
5.11624e-36
4.4494e-36
6.48275e-06
0.000156039
0.000168143
0.000139862
0.000119748
9.57288e-05
1.26257e-35
6.77686e-05
3.58655e-05
1.26674e-35
3.59765e-05
1.26528e-35
1.26636e-35
0.00015587
0.000139834
0.000119827
0.000176019
0.000167922
6.79248e-05
0.000119844
9.58734e-05
1.26269e-35
1.25801e-35
0.000176135
0.000168066
0.000178505
0.000176061
0.000180068
0.000180082
6.92935e-36
4.24911e-36
6.37544e-06
0.000155981
0.000139888
0.000119826
9.58151e-05
1.2647e-35
6.7855e-05
3.59285e-05
3.59609e-05
6.79193e-05
3.59172e-05
0.000155872
0.000139844
0.000167917
0.000179996
0.000175964
9.58669e-05
0.000119837
3.58295e-05
3.56829e-05
1.24911e-35
0.000168013
0.000155953
0.000176005
0.000180019
9.86811e-36
3.94728e-36
6.18828e-06
3.35986e-36
0.000139901
0.000119866
0.000139903
0.000108387
9.58713e-05
1.26601e-35
6.79145e-05
3.59642e-05
1.23561e-35
1.17634e-35
1.21257e-35
6.78751e-05
6.77974e-05
9.58233e-05
6.76634e-05
0.000180002
0.000139838
0.000167928
0.000155875
0.000175972
0.000180003
0.000108257
0.000119799
3.54493e-05
6.73488e-05
3.50839e-05
0.000155933
0.000167972
0.000175986
1.12065e-35
9.10421e-36
1.03537e-35
1.50778e-35
5.97411e-06
5.66495e-06
1.89659e-36
0.000139898
0.000119894
9.59109e-05
1.26672e-35
6.79467e-05
3.59843e-05
3.44371e-05
3.20194e-05
3.3473e-05
9.5709e-05
9.5486e-05
0.000180031
0.000139812
0.000176024
0.000167956
0.00015588
0.000180063
0.000119694
0.000139762
6.696e-05
9.51593e-05
6.62042e-05
0.000155919
0.000167954
0.000176006
7.20923e-36
4.80434e-36
1.35158e-37
1.90553e-36
-1.43597e-37
2.67369e-05
2.01702e-05
2.56798e-05
2.29058e-35
4.80488e-06
2.4299e-06
0.000139886
0.00011989
9.59158e-05
1.26707e-35
6.79546e-05
3.59916e-05
5.23944e-05
6.52641e-05
6.17029e-05
6.37172e-05
0.000119534
0.000119211
0.000180091
0.000155896
0.00017611
0.000168001
0.000180182
0.000139679
0.000118884
9.474e-05
9.2891e-05
9.38567e-05
0.000155909
0.000167969
0.000170397
0.000176074
2.81514e-05
1.25293e-05
8.86057e-06
2.19739e-06
3.79033e-06
7.74104e-06
4.74542e-05
4.87607e-05
5.00881e-05
4.40799e-35
5.31755e-06
0.000139867
0.000139838
0.000119858
9.58922e-05
6.79369e-05
1.2671e-35
3.59862e-05
7.53556e-05
9.15595e-05
8.93292e-05
0.000139551
0.000139362
0.000180194
0.000155921
0.000168137
0.000176239
0.000180417
0.000155968
0.000118292
0.000116484
0.000117429
0.000139091
0.000152257
0.000162455
0.000168071
0.000176207
4.79496e-05
2.43569e-05
1.78141e-05
1.59211e-05
7.50146e-05
7.37915e-05
8.88442e-35
0.00011981
0.000139797
0.000108258
9.58328e-05
6.78953e-05
3.59656e-05
1.26646e-35
9.38466e-05
9.78834e-05
0.00011488
0.000156053
0.000176439
0.000180571
0.000168791
0.000168269
0.000176433
0.000180762
0.000168482
0.000138721
0.000138366
0.000156267
0.000168336
0.000155918
0.000168176
3.59525e-05
7.61644e-05
4.86872e-05
4.87958e-05
0.0001012
9.81506e-05
7.69122e-35
6.01415e-05
0.00013969
0.000119681
0.000119544
9.56979e-05
6.78049e-05
3.59208e-05
1.2654e-35
0.00014801
0.000120497
0.000129873
0.000137621
0.00016936
0.000181032
0.000176816
0.000181333
0.00017788
0.00017703
0.000156715
0.000170223
0.000177406
0.000168642
0.000155959
0.000143071
8.22358e-05
0.000104894
7.89423e-05
8.89904e-05
0.000126197
5.59786e-35
8.28123e-05
0.000116337
4.67314e-35
0.000139597
9.5532e-05
0.000119348
0.000148232
3.58373e-05
6.76488e-05
1.26238e-35
0.000157535
0.000148786
0.000159367
0.000178807
0.000182833
0.000181749
0.000181966
0.000171498
0.000179999
0.000178085
0.000168976
0.000156058
0.000165215
0.000124361
0.000135066
0.000130081
0.000165105
0.000163346
0.000102431
0.000141399
0.00010424
3.94907e-35
9.22949e-05
0.00012975
9.5283e-05
0.000107568
0.000139303
3.56923e-05
6.73856e-05
1.25787e-35
0.000171678
0.000173375
0.000169612
0.000184438
0.000182835
0.000179017
0.000181596
0.000186127
0.000184379
0.000169863
0.000156202
0.000139094
0.000180241
0.000185659
0.000150619
0.000172429
0.000162369
0.000158967
0.000188532
0.00020082
0.000191284
0.000173326
0.00016399
0.000179876
3.70211e-35
9.4387e-05
0.000169045
0.000118782
9.47428e-05
0.000118293
3.54656e-05
6.69608e-05
1.24945e-35
0.000185
0.000191524
0.000185428
0.000180383
0.000188336
0.000187432
0.000191515
0.000170637
0.000156453
0.000138828
0.000201694
0.000202848
0.000178223
0.000198602
0.000182006
0.000209194
0.000228866
0.000222323
0.00022557
0.000222743
0.000232197
0.000224511
3.5945e-35
0.000100735
0.00017929
0.000117424
9.40013e-05
3.50569e-05
6.62922e-05
1.23541e-35
0.000198824
0.000207934
0.000183939
0.000177578
0.000190018
0.000195188
0.000168388
0.000156865
0.000138233
0.000215221
0.000228522
0.000206345
0.000220913
0.000247532
0.000241263
0.000253359
0.000264826
0.000260452
0.000282626
0.000262918
0.000236938
3.52149e-35
0.000178613
9.95971e-05
0.000237009
9.26756e-05
0.000115876
9.1252e-05
6.51289e-05
3.44354e-05
1.21259e-35
0.00020243
0.00021289
0.000184373
0.000173365
0.000189141
0.000196852
0.000157524
0.00013761
0.000222048
0.000239906
0.00023164
0.000233616
0.000256862
0.000261794
0.000274483
0.000282639
0.000285854
0.000289954
0.00027472
3.49672e-35
9.89883e-05
0.000178068
0.000258907
0.000275601
0.000114469
6.37088e-05
8.89041e-05
3.34704e-05
1.17625e-35
0.000124206
0.000198811
0.00021005
0.000164079
0.000178435
0.000185063
0.000141291
0.000222526
0.000247411
0.000256849
0.000233808
0.000266686
0.000273386
0.000277961
0.00028167
0.000290678
0.000140857
0.000236939
0.000294727
0.000285843
0.000294251
0.000260825
3.49002e-35
9.87512e-05
0.000177764
0.000295483
0.000276113
9.94455e-05
6.1418e-05
7.51898e-05
1.12224e-35
3.20249e-05
0.000127256
0.000108348
0.000202808
0.000190941
0.000145667
0.000172952
0.000166553
0.000215978
0.00024474
0.000253727
0.000222862
0.000259521
0.000259866
0.00026099
0.000290593
0.000236888
0.00022238
0.000268131
0.000294126
0.000274722
0.000295153
0.000224072
0.000295704
9.86734e-05
3.4886e-35
0.000177652
0.000276252
0.000295918
8.26963e-05
4.06014e-05
5.3204e-05
1.03459e-35
0.000120589
8.99996e-05
0.000190383
0.000172764
0.000151344
0.000201769
0.000229541
0.000235232
0.000205294
0.00022232
0.000225566
0.000231524
0.000236861
0.000288597
0.000295931
0.000171322
0.000168345
0.000168198
0.000236935
0.000275799
0.000237008
0.000288173
0.000168027
0.000276216
3.48793e-35
9.86513e-05
0.000177614
0.000236844
0.000296024
0.000276308
0.00029602
6.4643e-05
3.56839e-05
2.01542e-05
9.08844e-36
0.000131445
9.76045e-05
7.00565e-05
0.000168078
0.000148806
0.000179966
0.000206651
0.000187436
0.000198231
0.000174782
0.00027629
0.000102575
9.48762e-05
9.43782e-05
0.000178491
0.000236959
0.000100742
0.000236899
0.00023686
9.86474e-05
3.48825e-35
0.000177601
0.000236832
0.000276317
0.000296057
0.000296056
0.000276314
5.13595e-05
4.87234e-05
1.93632e-05
7.2469e-36
0.000106075
7.23879e-05
0.000107301
0.000140027
0.000149746
0.000163354
0.00014977
0.000102725
0.00023684
3.59325e-35
4.67519e-35
3.94455e-35
3.70161e-35
0.000288659
9.95218e-05
0.000177762
0.000178002
3.52367e-35
0.000177666
0.000177614
3.48825e-35
9.86501e-05
0.000177604
0.000236832
0.00027632
0.00027632
0.000296058
0.000296062
0.000236832
4.61092e-05
2.7932e-05
1.47561e-05
2.81604e-05
4.79005e-36
4.21029e-05
7.51124e-05
0.000109555
0.000110377
0.000116386
8.27722e-05
5.59637e-35
9.89544e-05
0.000288652
9.86517e-05
9.87644e-05
3.49693e-35
9.86694e-05
0.000177601
9.86475e-05
3.48837e-35
0.000177618
9.86608e-05
0.00023684
0.000276309
0.000276318
0.00029604
0.000296031
0.000236833
2.5211e-05
1.32308e-05
9.95796e-06
1.91488e-36
1.79284e-05
5.53589e-05
6.01712e-05
7.69519e-35
3.48817e-35
0.000209717
3.4902e-35
3.48817e-35
3.48817e-35
0.000177605
9.86496e-05
3.48898e-35
0.000177674
9.86907e-05
0.000236869
0.000276285
0.000236842
0.000276307
0.000295998
0.000295956
0.000177622
-5.89324e-38
7.262e-06
3.91504e-06
6.68774e-06
9.07961e-35
1.10119e-37
3.48831e-35
0.000140624
9.86588e-05
0.000236908
3.49126e-35
0.000177795
9.87736e-05
0.000276235
0.000236857
0.000276275
0.000295619
0.000295768
0.000177685
4.63728e-06
2.42441e-06
4.3459e-35
2.03651e-36
0.000259024
3.48836e-35
0.000276193
9.8691e-05
3.48879e-35
0.000237031
0.000178078
3.50018e-35
9.89972e-05
0.000275999
0.000294955
0.000236917
0.000295354
9.87749e-05
0.00017779
5.19563e-06
2.3046e-35
3.33124e-36
0.000275993
0.00025893
3.49204e-35
0.000237289
0.000178672
3.51566e-35
9.94762e-05
0.000294475
0.000275305
0.000293833
0.00017807
0.000237056
0.000275558
9.89816e-05
5.84275e-06
1.50862e-35
3.93925e-36
3.49769e-35
0.000269866
0.000237523
0.000179838
0.000100524
3.56005e-35
0.000292762
0.000287759
9.94727e-05
0.000237202
0.000178648
0.000237512
0.000274659
3.51908e-35
6.19726e-06
9.86895e-36
4.24884e-36
0.000291732
7.85512e-05
0.000261467
0.000278899
0.000219241
0.000178192
3.64933e-35
0.000284116
0.000287275
0.00010037
0.000179556
0.000210179
0.000250219
3.55709e-35
6.36746e-06
6.92618e-36
4.45472e-36
0.000283843
0.000126634
0.000279115
0.000267138
0.000252473
0.00022334
0.000178661
3.85476e-35
8.88802e-05
0.000271598
0.000276158
0.000250876
0.000177822
0.000218203
3.64711e-35
6.46816e-06
5.11248e-36
4.51928e-36
7.78946e-05
0.000270825
0.00026863
0.000254438
0.000247557
0.000218136
0.000147709
4.19814e-35
7.76756e-05
0.000261466
0.000256076
0.000232908
0.000178702
3.83245e-35
6.49195e-06
4.51573e-36
4.51906e-36
9.82109e-05
0.000258339
0.000255369
0.000253701
0.000245327
0.000230635
0.000196631
0.000172787
5.41104e-35
7.78517e-05
0.000245402
0.000200329
0.000240328
0.000147584
4.19684e-35
6.49244e-06
4.51858e-36
4.51935e-36
0.000103667
0.000177849
0.000259759
0.000253657
0.000253607
0.000241716
0.000219003
6.85638e-35
9.8144e-05
0.0002409
0.000223079
0.000196852
0.00017247
5.40378e-35
6.49263e-06
4.5196e-36
4.51891e-36
0.000166412
0.000187374
0.000218819
0.000218819
0.000213578
0.000213578
0.000203096
2.59698e-35
0.000103619
0.000203096
0.000177708
0.000212816
6.8578e-35
6.49248e-06
4.51956e-36
4.51896e-36
0.000166412
0.000187374
2.59698e-35
4.51955e-36
6.49252e-06
4.51894e-36
4.51955e-36
6.49252e-06
4.51894e-36
4.51955e-36
6.49252e-06
4.51894e-36
4.51894e-36
6.18547e-36
6.49252e-06
4.51894e-36
4.51955e-36
6.49252e-06
4.51894e-36
4.51955e-36
6.49252e-06
4.51894e-36
4.51955e-36
6.49252e-06
4.51894e-36
4.51955e-36
6.49252e-06
4.51894e-36
4.51955e-36
6.49252e-06
4.51894e-36
4.51955e-36
6.49252e-06
4.51894e-36
4.51955e-36
4.51955e-36
4.51894e-36
6.49252e-06
4.51955e-36
6.49252e-06
4.51894e-36
4.87305e-36
6.43722e-06
4.87244e-36
2.61327e-36
2.61297e-36
