0.000170229
0.000218866
0.000214002
0.000218866
0.000189684
-1.30914e-34
0.00014591
0.000116728
8.26826e-05
0.000189684
0.000204275
0.000214002
0.000219679
0.000159737
0.000179412
0.000204275
0.000223016
0.000219341
-1.30914e-34
0.00014591
0.000170229
0.000179898
0.000198681
4.37731e-05
0.000116728
8.26826e-05
4.37731e-05
1.66543e-35
0.000130977
9.55161e-05
6.70631e-05
0.000199418
0.000211325
0.000219607
0.000161846
0.000187821
0.000222337
0.000213153
0.000219691
1.63031e-35
0.00013119
0.000162755
0.000187988
0.000204408
6.04673e-05
3.10315e-05
0.000100538
0.00012227
3.13009e-05
1.60161e-35
0.000142324
0.000103183
6.6064e-05
0.000201151
0.000214673
0.000221345
0.000175658
0.000189877
0.000222455
0.000218163
1.61312e-35
0.000142364
0.000175648
0.000193315
0.000205344
7.00788e-05
3.68713e-05
9.62312e-05
0.000119999
0.000160947
3.46389e-05
1.59917e-35
0.000144211
0.000119822
7.26369e-05
0.000214211
0.000206682
0.000217213
0.000222792
0.000178963
0.000195688
0.000221976
1.59754e-35
0.000141906
0.0001611
0.000179109
0.000197947
0.000208956
6.70297e-05
3.07256e-05
9.4341e-05
0.000120868
1.58913e-35
0.000162052
0.000146352
3.8025e-05
0.00012532
9.41445e-05
3.27008e-05
0.000219132
0.000214072
0.000210319
0.000219327
0.000222365
0.000181779
0.000198062
0.00022293
1.59064e-35
0.000144291
0.000162142
0.000185001
0.000202326
6.57538e-05
3.42726e-05
9.7402e-05
0.000125401
1.58243e-35
0.000164817
0.00013372
6.5584e-05
0.000104324
3.41586e-05
0.000220018
0.000211387
0.000213567
0.000221027
0.00018807
0.000207574
0.000223304
0.000221532
0.000223401
1.58327e-35
0.000153303
0.000174486
0.000190467
6.56122e-05
3.41776e-05
0.000104377
0.000133789
0.000175699
1.57844e-35
0.000158073
0.000137617
0.000111767
8.1246e-05
3.19002e-05
0.000195543
0.000208995
0.00021568
0.000219459
0.000193875
0.000212313
0.000221829
0.000220931
0.000223363
1.57937e-35
0.000180012
0.000162632
8.12894e-05
5.61758e-05
0.000111822
0.000137677
0.000194188
0.000180262
1.57558e-35
0.000162412
0.000141448
0.000114236
8.73909e-05
6.35053e-05
3.40348e-05
0.00020021
0.000210765
0.000219072
0.000216243
0.000207076
0.000206432
0.000220643
0.000223232
0.000222734
1.57644e-35
3.30623e-05
0.000179361
0.000163888
6.0648e-05
8.743e-05
0.00011428
0.000141497
0.000187137
0.000171495
1.5738e-35
0.000145206
0.000116697
6.67663e-05
3.14876e-05
0.000193434
0.000204465
0.000186748
0.000214854
0.000208303
0.000221552
0.000216362
0.000208261
0.000222103
0.000223564
1.57447e-35
3.14998e-05
7.27791e-05
0.000168888
0.000103824
0.000137368
0.000173686
0.000173648
0.00014889
1.57266e-35
0.000119148
8.44167e-05
4.46968e-05
0.000173641
0.000193447
0.000208293
0.000193475
0.000173675
0.000201517
0.00021388
0.000218181
0.000223116
0.000218169
0.000223112
1.57321e-35
4.47104e-05
8.44395e-05
0.000148924
0.000119177
0.0001489
0.000148866
0.000119115
1.57193e-35
8.43849e-05
4.46768e-05
0.000173636
0.000193456
0.000218201
0.000208314
0.000173666
0.00019348
0.000208329
0.00021822
0.000223161
0.000223154
1.57239e-35
4.46892e-05
8.44072e-05
0.000119145
0.000148881
0.000161885
0.000173633
0.00014885
0.00014884
0.000119094
1.5715e-35
8.43642e-05
4.46643e-05
0.000188969
0.000201514
0.000211267
0.000218232
0.00017908
0.000208339
0.000193481
0.00021824
0.000223188
0.000223185
0.000173653
1.57183e-35
4.46735e-05
8.438e-05
0.000119114
0.000148858
0.000119096
0.000173632
0.00011908
0.000148835
8.43513e-05
1.5712e-35
4.46566e-05
0.000193464
0.000208336
0.000218249
0.000223206
0.000173648
0.000193481
0.000208348
0.000218256
0.000223208
0.000201536
0.00014885
1.57147e-35
4.46638e-05
8.43638e-05
0.000119085
8.43541e-05
0.000184169
0.000161852
0.000119072
0.000134571
8.4344e-05
1.57105e-35
4.46522e-05
0.000201524
0.000213919
0.000223218
0.000221356
0.000223681
0.000173644
0.00019348
0.000213927
0.000219966
0.000208354
0.000148843
1.57126e-35
4.46578e-05
0.000119078
8.43473e-05
0.00016186
0.000193468
0.00017363
0.00014883
0.000119066
8.43387e-05
1.57096e-35
4.46494e-05
0.000208346
0.000218264
0.000223225
0.000223223
0.00019348
0.000179066
0.000208356
0.00021827
1.57111e-35
0.000134577
4.46539e-05
0.000102329
6.51183e-05
0.000148836
0.000173639
0.00020835
0.00019347
0.00017363
0.000148827
0.000119063
8.43361e-05
4.46481e-05
1.57093e-35
0.00021827
0.00022323
0.000223232
0.000208353
0.000193479
0.000208358
0.000218276
1.57103e-35
0.00011907
4.46511e-05
8.43417e-05
0.000119067
0.000148833
0.000173637
0.000193472
0.000148826
0.00017363
0.000119061
8.43348e-05
4.46475e-05
1.57091e-35
0.000148826
0.000208355
0.000218274
0.000223235
0.000223236
0.000218276
0.000193478
0.000218277
0.000208358
1.57098e-35
8.43391e-05
4.46497e-05
0.000173635
8.43373e-05
0.000119065
0.000148831
0.000193473
0.00017363
0.000119061
8.43343e-05
4.46473e-05
1.57091e-35
0.00017363
0.000148826
0.000208356
0.000218278
0.000223237
0.000223238
0.000223239
0.000193477
0.000218279
0.000208358
1.57096e-35
4.46488e-05
8.43362e-05
0.000173634
0.000119063
0.000148829
0.000193473
0.00011906
8.43342e-05
4.46473e-05
1.57092e-35
0.00017363
0.000148826
0.000208356
0.000218278
0.000223239
0.000218279
0.000223239
0.000193477
0.000208359
0.000173633
1.57094e-35
4.46483e-05
6.5112e-05
0.000102319
0.000155495
0.000134566
0.000193474
0.00011906
8.43342e-05
4.46474e-05
1.57092e-35
0.000134563
0.00017363
0.000208357
0.000148826
0.000218279
0.00022324
0.00022324
0.00021828
0.000193476
0.000208358
0.000173633
0.000173632
1.57094e-35
4.46479e-05
8.43354e-05
0.000119062
0.000148828
0.000193474
0.000119061
8.43344e-05
4.46475e-05
1.57093e-35
0.000173631
0.000208357
0.000173631
0.000148826
0.000201536
0.000218279
0.00022324
0.00022324
0.00021828
0.000193476
0.000208358
0.000148827
0.000173632
1.57093e-35
4.46478e-05
8.43351e-05
0.000119062
0.000193474
0.000119061
8.43346e-05
4.46477e-05
1.57093e-35
0.000213938
0.000173631
0.000148826
0.000208357
0.000218279
0.00022324
0.00022324
0.00021828
0.000208358
0.000193475
0.000148827
0.000173632
1.57093e-35
4.46478e-05
8.43349e-05
0.000119061
0.000184173
0.000201536
0.000119061
8.43348e-05
4.46478e-05
1.57094e-35
0.000134564
0.000161849
0.000213938
0.00022138
0.00022324
0.00021828
0.000208358
0.000193475
0.000173631
0.000148827
1.57094e-35
4.46477e-05
8.43348e-05
0.000119061
0.000173631
0.000193475
0.000208357
0.000119061
8.43349e-05
4.46479e-05
1.57094e-35
0.000148826
0.000218279
0.00022324
0.000148827
0.000173631
0.00022324
0.000218279
0.000208358
0.000193475
0.000119061
1.57094e-35
4.46478e-05
8.43348e-05
0.000119061
0.000193475
0.000173631
0.000218279
0.000208357
0.000148827
0.000119061
4.4648e-05
8.4335e-05
1.57095e-35
0.000148827
0.00022324
0.000218279
0.00022324
0.000148827
0.000173631
0.000218279
0.000208358
0.000193475
1.57094e-35
8.43348e-05
4.46478e-05
0.000119061
0.000148826
0.000173631
0.000193475
0.000208357
0.000119061
8.43351e-05
4.4648e-05
1.57095e-35
0.000173631
0.000148827
0.00022324
0.000218279
0.00022324
0.00022324
0.000173631
0.000193475
0.000218279
0.000208357
8.43348e-05
1.57094e-35
4.46478e-05
8.43349e-05
0.000119061
0.000148826
0.000193475
0.000208358
0.000119061
8.43352e-05
4.4648e-05
1.57095e-35
0.000184173
0.000134564
0.000161849
0.00022324
0.000208357
0.00022324
0.000218279
0.00022324
0.000218279
0.000173631
0.000193475
0.000208357
4.46478e-05
1.57094e-35
0.000148826
8.43349e-05
0.000119061
0.000193475
4.4648e-05
0.000119061
8.43352e-05
1.57095e-35
0.000173631
0.000148827
0.000218279
0.000218279
0.000208357
0.000218279
0.00022324
0.00022324
0.000208357
0.000173631
0.000193475
1.57094e-35
4.46479e-05
0.000148826
0.000119061
8.43349e-05
0.000193475
4.46481e-05
0.000148827
0.000119061
8.43352e-05
1.57095e-35
0.000173631
0.000208357
0.00022324
0.000218279
0.000193475
0.000208357
0.000218279
0.00022324
0.000193475
0.000173631
0.000173631
1.57094e-35
4.46479e-05
0.000148826
0.000119061
8.4335e-05
0.000173631
0.000148827
4.46481e-05
0.000119061
8.43352e-05
1.57095e-35
0.000208357
0.00022386
0.00022138
0.000213938
0.000193475
0.000208357
0.000218279
0.000193475
0.000173631
1.57094e-35
4.46479e-05
0.000148827
0.000119061
8.4335e-05
0.000173631
0.000148827
4.46481e-05
8.43352e-05
0.000119061
1.57095e-35
0.000201536
0.00022324
0.00022324
0.000218279
0.000208357
0.000173631
0.000193475
0.000208357
0.000218279
1.57095e-35
0.000193475
0.000173631
0.000155493
4.46479e-05
6.51116e-05
0.000134564
0.000102318
0.000148827
0.000119061
4.46481e-05
8.43352e-05
1.57095e-35
0.00022386
0.00022138
0.000213938
0.000201536
0.000148827
0.000173631
0.00022324
0.000193475
0.000208357
0.000218279
1.57095e-35
0.000188979
0.000173631
0.000148827
4.46479e-05
8.4335e-05
0.000119061
0.000119061
8.43352e-05
1.57095e-35
4.4648e-05
0.00022324
0.000218279
0.000208357
0.000193475
0.000173631
0.000148827
0.00022324
0.000193475
0.00022324
0.000208357
0.000218279
1.57095e-35
0.000173631
0.000148827
0.000119061
4.46479e-05
8.4335e-05
0.000119061
8.43352e-05
4.4648e-05
1.57095e-35
0.000148827
0.000218279
0.000208357
0.000193475
0.000173631
0.000173631
0.00022324
0.00022324
0.000193475
0.000218279
0.000208357
1.57095e-35
0.000148827
0.000119061
4.4648e-05
8.4335e-05
0.000119061
8.43352e-05
4.4648e-05
1.57095e-35
0.000161849
0.000134564
0.000218279
0.000208357
0.000193475
0.000173631
0.000173631
0.000218279
0.00022324
0.00022324
0.000193475
0.000208357
0.000218279
1.57095e-35
0.000148827
0.000119061
4.4648e-05
8.43351e-05
0.000119061
8.43352e-05
1.57095e-35
4.4648e-05
0.000148827
0.000208357
0.000193475
0.000173631
0.000173631
0.000208357
0.000193475
0.000218279
0.00022324
0.00022324
0.000208357
0.000218279
1.57095e-35
4.4648e-05
0.000148827
0.000119061
8.43351e-05
0.000148827
0.000119061
4.4648e-05
8.43352e-05
1.57095e-35
0.000193475
0.000173631
0.000148827
0.000148827
0.000173631
0.000208357
0.000218279
0.000193475
0.00022324
0.00022324
0.000218279
0.000208357
1.57095e-35
4.4648e-05
0.000119061
8.43351e-05
0.000119061
8.43352e-05
4.4648e-05
1.57095e-35
0.000193475
0.000173631
0.000148827
0.000134564
0.000161849
0.000208357
0.000184173
0.000218279
0.00022324
0.000201536
0.000223705
0.00022138
0.000213938
1.57095e-35
4.4648e-05
0.000119061
8.43351e-05
0.000119061
8.43351e-05
4.4648e-05
1.57095e-35
0.000193475
0.000173631
0.000148827
0.000148827
0.000173631
0.000208357
0.000218279
0.000193475
0.00022324
0.000208357
0.00022324
0.000218279
1.57095e-35
4.4648e-05
0.000119061
8.43351e-05
0.000119061
8.43351e-05
1.57095e-35
4.4648e-05
0.000193475
0.000173631
0.000148827
0.000208357
0.000148827
0.000173631
0.000218279
0.00022324
0.000193475
0.00022324
0.000208357
0.000218279
1.57095e-35
4.4648e-05
8.43351e-05
0.000119061
0.000102318
0.000148827
0.000119061
4.4648e-05
8.43351e-05
1.57095e-35
0.000193475
0.000173631
0.000148827
0.000201536
0.000213938
0.000173631
0.00022138
0.00022386
0.000193475
0.000218279
0.000208357
1.57095e-35
4.4648e-05
8.43351e-05
0.000119061
0.000148827
0.000119061
8.43351e-05
4.4648e-05
1.57095e-35
0.000184173
0.000161849
0.000148827
0.000193475
0.000208357
0.000218279
0.000173631
0.00022324
0.00022324
0.000193475
0.000218279
0.000208357
1.57095e-35
4.4648e-05
8.43351e-05
0.000119061
0.000148827
0.000119061
8.43351e-05
4.4648e-05
1.57095e-35
0.000173631
8.43351e-05
0.000148827
0.000173631
0.000193475
0.000208357
0.000218279
0.00022324
0.000173631
0.00022324
0.000218279
0.000193475
0.000208357
8.43351e-05
1.57095e-35
4.4648e-05
0.000119061
0.000173631
0.000119061
0.000148827
1.57095e-35
4.4648e-05
8.43351e-05
0.000119061
0.000134564
0.000161849
0.000184173
0.000201536
0.000213938
0.00022138
0.00022386
0.000193475
0.000222465
0.000218279
0.000208357
1.57095e-35
8.43351e-05
4.4648e-05
6.51117e-05
0.000119061
0.000173631
0.000148827
1.57095e-35
4.4648e-05
6.51117e-05
0.000102318
0.000134564
0.000148827
0.000173631
0.000193475
0.000208357
0.000218279
0.00022324
0.000193475
0.00022324
0.000208357
0.000218279
1.57095e-35
8.43351e-05
4.4648e-05
0.000119061
0.000173631
0.000148827
4.4648e-05
1.57095e-35
8.43351e-05
0.000119061
0.000148827
0.000173631
0.000193475
0.000208357
0.00022324
0.000218279
0.000208357
0.000184173
0.000193475
0.00022324
0.000218279
1.57095e-35
8.43351e-05
4.4648e-05
0.000119061
0.000173631
0.000148827
0.000119061
4.4648e-05
1.57095e-35
8.43351e-05
0.000148827
0.00022324
0.000173631
0.000193475
0.000208357
0.000218279
0.000208357
0.000193475
0.000218279
0.00022324
1.57095e-35
8.43351e-05
4.4648e-05
0.000119061
0.000173631
0.000148827
0.000119061
8.43351e-05
4.4648e-05
1.57095e-35
0.000213938
0.000148827
0.000148827
0.00022324
0.000218279
0.000134564
0.000173631
0.000193475
0.000208357
0.000193475
0.000208357
0.000218279
0.00022324
1.57095e-35
4.4648e-05
8.43351e-05
0.000119061
0.000173631
0.000119061
8.43351e-05
4.4648e-05
1.57095e-35
0.000134564
0.000161849
0.000161849
0.00022138
0.000213938
0.000148827
0.000184173
0.000201536
0.000208357
0.000193475
0.00022324
0.000218279
0.00022324
1.57095e-35
0.000119061
4.4648e-05
8.43351e-05
0.000173631
8.43351e-05
0.000119061
1.57095e-35
4.4648e-05
0.000148827
0.000213938
0.000173631
0.000218279
0.000208357
0.000148827
0.00022324
0.000193475
0.000148827
0.000193475
0.000208357
0.00022324
0.000218279
0.000218279
0.000148827
0.000193475
1.57095e-35
4.4648e-05
0.000119061
8.43351e-05
0.000173631
0.000119061
8.43351e-05
6.51117e-05
1.57095e-35
4.4648e-05
0.000173631
0.000213938
0.000201536
0.000161849
0.000134564
0.00022386
0.000208357
0.000173631
0.000193475
0.000208357
0.000218279
0.00022138
0.00022324
0.000213938
0.000134564
0.000161849
0.000193475
1.57095e-35
4.4648e-05
8.43351e-05
0.000119061
0.000173631
0.000119061
8.43351e-05
4.4648e-05
1.57095e-35
0.000148827
0.00022324
0.000208357
0.000184173
0.000201536
0.000218279
0.000218279
0.000119061
0.000148827
0.00022324
0.00022324
0.000208357
0.000173631
0.000148827
0.000148827
0.000193475
0.000208357
4.4648e-05
1.57095e-35
8.43351e-05
0.000119061
0.000173631
4.4648e-05
8.43351e-05
1.57095e-35
0.000193475
0.000218279
0.000218279
0.000119061
0.000148827
0.00022324
0.00022324
0.000134564
0.000193475
0.000208357
0.000161849
0.000173631
0.000208357
0.000193475
0.000218279
1.57095e-35
4.4648e-05
8.43351e-05
0.000119061
0.000173631
4.4648e-05
8.43351e-05
1.57095e-35
0.000218279
0.000161849
0.000102318
0.000134564
0.00022324
0.00022324
0.000208357
0.000148827
0.000193475
0.000173631
0.000208357
0.000193475
0.000218279
1.57095e-35
4.4648e-05
0.000119061
8.43351e-05
0.000173631
4.4648e-05
8.43351e-05
1.57095e-35
0.000218279
0.000148827
0.000119061
0.00022324
0.00022324
0.000218279
0.000208357
0.000148827
0.000193475
0.000173631
0.000173631
0.000193475
0.000218279
0.000208357
0.00022324
1.57095e-35
4.4648e-05
0.000119061
8.43351e-05
0.000148827
4.4648e-05
8.43351e-05
1.57095e-35
0.000119061
0.00022138
0.00022324
0.000148827
0.000216264
0.000208357
0.000148827
0.000193475
0.000173631
0.000193475
0.000173631
0.000208357
0.00022324
0.000218279
0.000223705
1.57095e-35
4.4648e-05
0.000119061
8.43351e-05
0.000119061
8.43351e-05
4.4648e-05
1.57095e-35
0.000218279
0.00022138
0.000173631
0.000148827
0.000208357
0.000193475
0.000148827
0.000173631
0.000208357
0.000193475
0.000218279
0.00022324
0.00022324
0.000148827
1.57095e-35
4.4648e-05
0.000119061
8.43351e-05
0.000119061
8.43351e-05
4.4648e-05
1.57095e-35
0.000213938
0.000218279
0.000184173
0.000161849
0.000134564
0.000208357
0.000193475
0.000173631
0.000148827
0.000193475
0.000208357
0.000218279
0.00022324
0.000218279
0.00022324
0.000119061
1.57095e-35
4.4648e-05
8.43351e-05
0.000119061
8.43351e-05
1.57095e-35
4.4648e-05
0.000213938
0.000173631
0.000173631
0.000148827
0.000201536
0.000188979
0.000208357
0.000148827
0.000173631
0.000208357
0.000193475
0.000216264
0.00022138
0.000213938
0.00022386
0.00022138
1.57095e-35
0.000119061
4.4648e-05
8.43351e-05
0.000119061
8.43351e-05
4.4648e-05
1.57095e-35
0.000173631
0.000148827
0.000148827
0.000201536
0.000193475
0.000173631
0.000173631
0.000208357
0.000193475
0.000218279
0.00022324
0.000208357
0.000218279
0.00022324
0.000119061
1.57095e-35
4.4648e-05
0.000119061
8.43351e-05
8.43351e-05
4.4648e-05
1.57095e-35
0.000148827
0.000161849
0.000134564
0.000193475
0.000173631
0.000148827
0.000173631
0.000193475
0.000208357
0.000208357
0.000208357
0.000218279
0.00022324
0.000218279
0.00022324
0.000119061
1.57095e-35
4.4648e-05
8.43351e-05
0.000119061
8.43351e-05
4.4648e-05
1.57095e-35
0.000148827
0.000193475
0.000148827
0.000173631
0.000193475
0.000148827
0.000173631
0.000193475
0.000205102
0.000208357
0.000218279
0.000213938
0.00022324
0.00022324
0.000218279
0.000119061
1.57095e-35
4.4648e-05
8.43351e-05
0.000119061
8.43351e-05
1.57095e-35
4.4648e-05
0.000134564
0.000161849
0.000148827
0.000184173
0.000201536
0.000173631
0.000193475
0.000208357
0.000213938
0.00022138
0.000218279
0.00022386
0.00022138
0.000119061
1.57095e-35
4.4648e-05
8.43351e-05
0.000119061
8.43351e-05
1.57095e-35
4.4648e-05
0.000148827
0.000173631
0.000134564
0.000161849
0.000193475
0.000208357
0.000184173
0.000201536
0.000213938
0.000218279
0.00022138
0.00022324
0.00022324
0.000119061
1.57095e-35
4.4648e-05
8.43351e-05
0.000119061
8.43351e-05
1.57095e-35
4.4648e-05
0.000148827
0.000173631
0.000148827
0.000173631
0.000193475
0.000208357
0.000193475
0.000208357
0.000218279
0.00022324
0.000218279
0.00022324
0.000119061
0.000148827
1.57095e-35
4.4648e-05
8.43351e-05
0.000119061
0.000148827
8.43351e-05
1.57095e-35
4.4648e-05
0.000173631
0.000213938
0.000148827
0.000148827
0.000173631
0.000193475
0.000193475
0.000208357
0.000218279
0.000218279
0.000208357
0.00022324
0.00022324
0.000119061
0.000173631
1.57095e-35
4.4648e-05
8.43351e-05
0.000119061
0.000173631
8.43351e-05
1.57095e-35
4.4648e-05
6.51117e-05
0.000161849
0.000134564
0.000148827
0.000173631
0.000193475
0.000208357
0.000193475
0.000208357
0.000218279
0.00022324
0.000218279
0.00022324
0.000119061
0.000193475
4.4648e-05
1.57095e-35
8.43351e-05
0.000119061
0.000173631
8.43351e-05
4.4648e-05
1.57095e-35
0.000148827
0.000134564
0.000161849
0.000184173
0.000208357
0.000218279
0.000193475
0.000205102
0.000213938
0.00022138
0.00022324
0.000208357
0.000119061
0.000193475
4.4648e-05
1.57095e-35
8.43351e-05
0.000148827
0.000119061
0.000173631
8.43351e-05
4.4648e-05
1.57095e-35
0.000148827
0.000173631
0.000216264
0.00022138
0.000193475
0.000208357
0.000218279
0.000218279
0.00022324
0.000119061
0.000208357
0.000148827
0.000193475
0.000173631
1.57095e-35
4.4648e-05
0.000148827
8.43351e-05
0.000119061
0.000173631
8.43351e-05
4.4648e-05
1.57095e-35
0.00022324
0.000193475
0.000173631
0.000148827
0.000208357
0.000218279
0.000218279
0.00022324
0.00022324
0.000119061
0.000208357
0.000193475
0.000173631
1.57095e-35
4.4648e-05
8.43351e-05
0.000148827
0.000119061
0.000193475
8.43351e-05
4.4648e-05
1.57095e-35
0.000208357
0.000173631
0.000148827
0.000161849
0.000134564
0.000218279
0.000218279
0.00022324
0.00022324
0.000213938
0.000119061
0.000201536
0.000184173
1.57095e-35
4.4648e-05
8.43351e-05
0.000119061
0.000193475
8.43351e-05
1.57095e-35
4.4648e-05
0.000208357
0.000134564
0.000184173
0.000161849
0.000173631
0.000148827
0.000218279
0.00022138
0.00022386
0.000218279
0.000208357
0.000208357
0.000119061
0.000148827
0.000193475
1.57095e-35
4.4648e-05
8.43351e-05
0.000119061
0.000193475
8.43351e-05
1.57095e-35
4.4648e-05
0.000148827
0.000173631
0.000173631
0.000218279
0.00022324
0.00022324
0.000208357
0.000222465
0.000218279
0.000173631
0.000208357
0.000102318
0.000134564
0.000161849
0.000193475
1.57095e-35
4.4648e-05
8.43351e-05
0.000119061
0.000193475
8.43351e-05
4.4648e-05
1.57095e-35
0.000148827
0.000184173
0.000218279
0.00022386
0.000148827
0.000208357
0.00022324
0.000218279
0.000173631
0.000208357
0.000218279
0.000148827
0.000119061
0.000173631
0.000193475
1.57095e-35
4.4648e-05
8.43351e-05
0.000119061
0.000193475
8.43351e-05
4.4648e-05
1.57095e-35
0.00022324
0.000161849
0.000134564
0.000208357
0.00022324
0.00022324
0.000218279
0.000173631
0.000208357
0.000218279
0.000148827
0.000119061
0.000173631
0.000193475
1.57095e-35
4.4648e-05
0.000119061
8.43351e-05
0.000193475
0.000119061
8.43351e-05
4.4648e-05
1.57095e-35
0.000148827
0.000173631
0.000208357
0.000218279
0.00022386
0.000222465
0.000148827
0.000208357
0.000218279
0.00022324
0.000134564
0.000148827
0.000173631
0.000193475
1.57095e-35
4.4648e-05
0.000119061
8.43351e-05
0.000193475
0.000208357
0.000119061
8.43351e-05
4.4648e-05
1.57095e-35
0.000173631
0.000208357
0.000218279
0.00022324
0.000148827
0.000218279
0.00022324
0.00022324
0.000148827
0.000173631
0.000193475
0.000119061
0.000173631
1.57095e-35
4.4648e-05
8.43351e-05
0.000208357
0.000193475
0.000148827
0.000119061
4.4648e-05
8.43351e-05
1.57095e-35
0.000208357
0.000218279
0.000148827
0.000218279
0.00022324
0.00022324
0.000173631
0.000193475
0.000208357
0.000161849
0.000119061
0.000173631
0.000218279
1.57095e-35
4.4648e-05
8.43351e-05
0.000208357
0.000193475
0.000148827
0.000119061
8.43351e-05
4.4648e-05
1.57095e-35
0.000218279
0.000134564
0.00022324
0.000208357
0.00022324
0.000218279
0.000173631
0.000193475
0.000208357
0.000148827
0.000119061
8.43351e-05
0.000173631
0.000148827
0.000218279
1.57095e-35
4.4648e-05
0.000173631
0.000193475
0.000148827
0.000119061
1.57095e-35
8.43351e-05
4.4648e-05
0.00022324
0.000208357
0.00022324
0.000218279
0.000193475
0.000208357
0.000119061
8.43351e-05
0.000173631
0.000148827
0.000218279
0.00022324
4.4648e-05
1.57095e-35
0.000193475
0.000173631
0.000193475
0.000148827
0.000119061
1.57095e-35
4.4648e-05
8.43351e-05
0.000208357
0.00022324
0.000218279
0.000208357
0.000119061
8.43351e-05
0.000184173
0.000161849
0.000134564
0.000218279
0.00022324
1.57095e-35
4.4648e-05
0.000208357
0.000193475
0.000173631
0.000193475
0.000148827
0.000119061
1.57095e-35
4.4648e-05
8.43351e-05
0.000208357
0.000201536
0.00022324
0.000218279
0.000102318
6.51117e-05
0.000173631
0.000173631
0.000148827
0.000119061
0.000218279
0.00022324
0.00022324
1.57095e-35
4.4648e-05
0.000208357
0.000148827
0.000193475
0.000173631
0.000193475
0.000119061
8.43351e-05
1.57095e-35
4.4648e-05
0.000208357
0.000218279
8.43351e-05
0.000173631
0.000148827
0.000148827
0.000119061
8.43351e-05
0.000218279
0.000218279
0.00022324
0.00022324
1.57095e-35
4.4648e-05
0.000208357
0.000148827
0.000173631
0.000193475
0.000208357
0.000193475
0.000119061
8.43351e-05
1.57095e-35
4.4648e-05
0.000173631
0.000148827
0.000119061
8.43351e-05
0.000216264
0.000213938
0.00022138
0.00022324
0.000219984
0.000223705
0.000184173
1.57095e-35
4.4648e-05
0.000148827
0.000201536
0.000173631
0.000188979
0.000208357
0.000193475
4.4648e-05
0.000119061
8.43351e-05
1.57095e-35
0.000161849
0.000134564
0.000119061
8.43351e-05
0.000218279
0.000208357
0.000218279
0.00022324
0.00022324
0.000173631
1.57095e-35
4.4648e-05
0.000216264
0.000119061
0.000148827
0.000173631
0.000193475
0.000208357
0.000201536
0.000188979
4.4648e-05
8.43351e-05
1.57095e-35
0.000148827
0.000119061
8.43351e-05
0.000201536
0.00022138
0.000213938
0.00022138
0.00022386
0.000173631
1.57095e-35
4.4648e-05
8.43351e-05
0.000218279
0.000119061
0.000148827
0.000173631
0.000193475
0.000208357
0.000193475
0.000173631
1.57095e-35
4.4648e-05
0.000148827
0.000119061
8.43351e-05
0.000208357
0.00022324
0.000218279
0.00022324
0.000148827
1.57095e-35
4.4648e-05
0.000119061
8.43351e-05
0.000218279
0.000148827
0.000173631
0.000193475
0.000208357
0.000161849
0.000208357
0.000193475
0.000173631
1.57095e-35
4.4648e-05
0.000119061
8.43351e-05
0.000218279
0.00022324
0.00022324
0.00022324
1.57095e-35
0.000134564
4.4648e-05
0.000148827
0.000119061
8.43351e-05
0.000218279
0.000173631
0.000193475
0.000208357
0.000148827
0.000148827
0.000173631
0.000208357
0.000193475
1.57095e-35
4.4648e-05
0.000102318
6.51117e-05
0.000218279
0.00022324
0.00022386
0.000213938
1.57095e-35
0.000119061
4.4648e-05
0.000161849
0.000134564
6.51117e-05
0.000102318
0.000213938
0.000218279
0.00022324
0.000184173
0.000201536
0.000161849
0.000134564
0.000119061
0.000184173
0.000201536
1.57095e-35
4.4648e-05
8.43351e-05
0.00022138
0.00022324
0.000208357
1.57095e-35
8.43351e-05
4.4648e-05
0.000208357
0.000173631
0.000148827
0.000119061
8.43351e-05
0.000218279
0.000218279
0.00022324
0.00022324
0.000193475
0.000173631
0.000148827
0.000119061
8.43351e-05
0.000193475
0.000173631
4.4648e-05
1.57095e-35
0.000208357
1.57095e-35
4.4648e-05
0.000201536
0.000213938
0.000208357
0.000173631
0.000148827
0.000119061
8.43351e-05
0.000218279
0.000218279
0.00022324
0.00022324
0.000193475
4.4648e-05
0.000148827
0.000148827
0.000119061
8.43351e-05
0.000193475
0.000173631
1.57095e-35
4.4648e-05
1.57095e-35
0.000208357
0.000201536
0.000213938
0.000119061
0.000173631
0.000148827
8.43351e-05
0.000218279
0.000218279
0.00022324
0.00022324
0.000184173
0.00019766
1.57095e-35
4.4648e-05
0.000161849
0.000134564
0.000119061
8.43351e-05
0.000193475
0.000173631
1.57095e-35
4.4648e-05
0.000208357
0.000208357
0.000201536
0.000102318
0.000134564
0.000161849
8.43351e-05
0.000173631
0.000208357
0.000218279
0.000218279
0.00022324
0.00022324
0.000193475
1.57095e-35
4.4648e-05
0.000148827
0.000119061
8.43351e-05
0.000148827
0.000173631
0.000193475
4.4648e-05
1.57095e-35
0.000208357
0.000119061
0.000148827
8.43351e-05
0.000173631
0.000148827
0.000201536
0.000213938
0.000218279
0.000218279
0.000222465
0.00022138
0.00022386
0.000193475
1.57095e-35
4.4648e-05
0.000119061
8.43351e-05
0.000148827
0.000173631
0.000193475
0.000208357
8.43351e-05
4.4648e-05
1.57095e-35
0.000119061
0.000119061
0.000148827
0.000173631
0.000208357
0.000213938
0.000218279
0.00022324
0.000218279
0.00022324
0.000193475
1.57095e-35
4.4648e-05
8.43351e-05
0.000119061
0.000134564
0.000161849
0.000184173
0.000201536
0.000213938
0.000119061
8.43351e-05
4.4648e-05
1.57095e-35
0.000148827
0.000173631
0.000134564
0.000208357
0.00022138
0.000218279
0.00022386
0.000222465
0.000193475
1.57095e-35
4.4648e-05
8.43351e-05
0.000119061
0.000173631
0.000148827
0.000208357
0.000193475
0.000218279
0.000119061
8.43351e-05
4.4648e-05
1.57095e-35
0.000161849
0.000173631
0.000148827
0.000208357
0.000148827
0.00022324
0.000218279
0.00022324
0.000193475
1.57095e-35
4.4648e-05
0.000119061
8.43351e-05
0.000173631
0.000148827
0.000208357
0.000193475
0.000218279
0.000213938
1.57095e-35
0.000119061
8.43351e-05
4.4648e-05
0.000173631
0.000208357
0.000173631
0.000134564
0.000184173
0.000161849
0.00022324
0.000218279
0.00022324
0.000208357
0.000193475
1.57095e-35
4.4648e-05
0.000119061
8.43351e-05
0.000148827
0.000201536
0.000184173
0.000218279
0.000208357
1.57095e-35
4.4648e-05
0.000119061
8.43351e-05
0.000161849
0.000148827
0.000173631
0.00022324
0.000218279
0.00022324
0.000208357
0.000193475
0.00022324
8.43351e-05
1.57095e-35
4.4648e-05
0.000119061
0.000148827
0.000173631
0.000193475
0.000218279
0.000208357
1.57095e-35
4.4648e-05
0.000148827
8.43351e-05
0.000119061
0.000173631
0.000213938
0.000102318
0.00022324
0.000193475
0.000218279
0.000208357
0.000218279
0.00022324
0.000223705
1.57095e-35
8.43351e-05
4.4648e-05
0.000119061
0.000148827
0.000173631
0.000193475
0.000208357
0.000173631
0.000148827
1.57095e-35
4.4648e-05
0.000119061
8.43351e-05
0.000184173
0.00022138
0.000201536
0.000213938
0.000173631
0.000208357
0.000218279
0.00022324
0.00022324
1.57095e-35
8.43351e-05
4.4648e-05
0.000148827
0.000119061
0.000193475
0.000173631
0.000148827
1.57095e-35
4.4648e-05
8.43351e-05
0.000119061
0.000193475
0.000218279
0.000208357
0.000173631
0.000205102
0.000213938
0.000219984
0.00022324
0.000223705
0.00022138
0.000193475
0.000119061
1.57095e-35
4.4648e-05
8.43351e-05
0.000148827
0.000193475
0.000173631
0.000148827
1.57095e-35
4.4648e-05
8.43351e-05
0.000119061
0.000213938
0.000208357
0.000148827
0.000161849
0.000184173
0.000208357
0.000218279
0.00022324
0.00022324
0.000218279
0.000201536
0.000188979
1.57095e-35
0.000119061
4.4648e-05
8.43351e-05
0.000148827
0.000193475
0.000173631
0.000119061
1.57095e-35
4.4648e-05
8.43351e-05
0.000213938
0.000134564
0.000161849
0.000173631
0.000208357
0.000218279
0.00022324
0.00022324
0.000218279
0.000208357
0.000193475
1.57095e-35
4.4648e-05
0.000119061
8.43351e-05
0.000148827
0.000188979
0.000201536
0.000173631
0.000119061
8.43351e-05
1.57095e-35
4.4648e-05
0.000148827
0.000173631
0.000213938
0.00022138
0.000208357
0.00022324
0.000208357
0.000218279
0.000193475
0.000173631
1.57095e-35
4.4648e-05
8.43351e-05
0.000148827
0.000119061
0.000173631
0.000193475
0.000148827
0.000119061
8.43351e-05
4.4648e-05
1.57095e-35
0.000218279
0.00022324
0.00022324
0.000208357
0.000193475
0.000218279
0.000193475
0.000208357
0.000173631
1.57095e-35
4.4648e-05
0.000119061
8.43351e-05
0.000134564
0.000148827
0.000173631
0.000148827
0.000119061
8.43351e-05
4.4648e-05
1.57095e-35
0.000218279
0.000218279
0.00022324
0.00022324
0.000173631
0.000213938
0.000205102
0.000193475
0.000208357
0.000193475
0.000148827
0.000173631
1.57095e-35
4.4648e-05
8.43351e-05
0.000119061
0.000148827
0.000119061
8.43351e-05
4.4648e-05
1.57095e-35
0.000148827
0.000208357
0.000218279
0.00022138
0.00022324
0.000173631
0.000218279
0.000208357
0.000193475
0.000193475
0.000119061
0.000148827
0.000173631
1.57095e-35
4.4648e-05
8.43351e-05
0.000119061
8.43352e-05
4.4648e-05
1.57095e-35
0.000161849
0.000134564
0.000201536
0.000213938
0.00022138
0.00022324
0.000119061
0.000173631
0.000193475
0.00022324
0.000218279
0.000208357
0.000193475
0.000148827
0.000173631
1.57095e-35
4.4648e-05
0.000119061
8.43351e-05
8.43352e-05
4.4648e-05
1.57095e-35
0.000148827
0.000208357
0.000218279
0.00022324
0.000119061
8.43352e-05
0.00022324
0.000193475
0.000173631
0.000148827
0.000208357
0.00022324
0.000218279
0.000193475
0.000205102
0.000148827
0.000173631
1.57095e-35
0.000119061
4.4648e-05
8.43351e-05
4.4648e-05
1.57095e-35
0.000213938
0.000219984
0.000148827
0.000119061
8.43352e-05
0.00022324
0.000148827
0.000205102
0.000193475
0.000173631
0.000213938
0.00022138
0.000193475
0.000208357
0.000173631
1.57095e-35
0.000119061
8.43351e-05
4.4648e-05
4.46481e-05
1.57095e-35
0.000218279
0.000161849
0.000134564
0.00022324
0.00022324
0.000119062
8.43353e-05
0.000218279
0.000208357
0.000148827
0.000173631
0.000208357
0.000193475
0.000218279
0.000193475
0.000173631
1.57095e-35
4.4648e-05
0.000119061
8.43352e-05
1.57095e-35
4.46481e-05
0.000148827
0.000213938
0.000134564
0.00022324
0.00022324
0.000148827
0.000119062
8.43354e-05
0.000208357
0.000218279
0.000161849
0.000179057
0.000193475
0.000208357
0.000218279
0.000193475
0.000173631
1.57095e-35
4.46481e-05
8.43352e-05
0.000119061
1.57095e-35
4.46482e-05
0.000148827
0.00022386
0.000221379
0.000161849
0.000134565
0.000102319
6.5112e-05
0.000208357
0.000216264
0.000173631
0.000193475
0.000208357
0.000218279
0.00022324
0.000193475
0.000184173
1.57095e-35
4.46481e-05
8.43354e-05
0.000119062
0.000148827
1.57096e-35
4.46483e-05
0.00022324
0.000218279
0.000173631
0.000148827
0.000119062
8.43356e-05
0.000208357
0.000173631
0.000193475
0.000208357
0.000218279
0.000223239
0.000223704
0.000193475
1.57096e-35
4.46482e-05
8.43356e-05
0.000119062
0.000148827
1.57096e-35
4.46484e-05
0.000213938
0.000221379
0.000173632
0.000148827
0.000119062
8.43358e-05
0.000208357
0.000173631
8.43361e-05
0.000193474
0.000208357
0.000218278
0.000223239
0.000223239
0.000193475
1.57096e-35
4.46484e-05
8.43359e-05
0.000119062
0.000148827
0.000173631
1.57097e-35
4.46486e-05
0.000218278
0.000173632
0.000148828
0.000119062
6.51127e-05
0.000218278
0.000208357
0.000193474
0.00010232
0.000208356
0.000218278
0.000223239
0.000223239
0.000179058
0.000193475
1.57097e-35
4.46487e-05
8.43363e-05
0.000119063
0.000148828
0.000173632
1.57098e-35
4.46489e-05
0.00016185
0.000134565
8.43367e-05
0.000218278
0.000208356
0.000193474
0.000119063
0.000208356
0.000218277
0.000173632
0.000223238
0.000223238
0.000193474
1.57099e-35
4.46491e-05
8.4337e-05
0.000119063
0.000148828
0.000173632
1.571e-35
4.46494e-05
0.000148828
8.43373e-05
0.000208356
0.000218277
0.000193474
0.000119064
0.000208356
0.000218276
0.000148829
0.000173632
0.000193474
0.000223237
0.000223237
0.0002051
1.57102e-35
4.46498e-05
8.4338e-05
0.000119064
0.000173632
0.000148829
1.57102e-35
4.465e-05
8.43383e-05
0.000119065
0.000213936
0.000219981
0.000193474
0.000148829
0.000208355
0.000218275
0.000173632
0.000193474
0.000223235
0.000223235
0.000208355
4.46507e-05
1.57105e-35
8.43394e-05
0.000119066
0.000193473
0.00014883
0.000173632
1.57106e-35
4.4651e-05
8.43399e-05
0.000119066
0.000218275
0.000208354
0.00014883
0.000218274
0.000223233
0.000173633
0.000193474
0.000223233
0.000218274
0.000208354
1.5711e-35
4.4652e-05
8.43413e-05
0.000193473
0.000119068
0.000173633
0.000148831
4.46522e-05
1.57112e-35
0.000148831
8.43416e-05
0.000119068
0.000208352
0.000173633
0.000218271
0.000223231
0.000193473
0.000208352
0.000223231
0.000218271
1.57118e-35
4.46537e-05
8.43438e-05
0.00011907
0.00020835
0.000193472
0.000148833
0.000173633
0.000148833
1.57119e-35
4.46539e-05
0.00011907
8.4344e-05
0.000218269
0.000173633
0.000223228
0.000223228
0.000193472
0.00020835
0.000218269
1.57128e-35
4.4656e-05
8.43469e-05
0.000119073
0.000208348
0.000193471
0.000173633
0.000148834
0.000148834
0.000173633
0.000119073
1.57129e-35
4.46562e-05
8.43472e-05
0.000148836
0.000218266
0.000193471
0.000223225
0.000223225
0.000208348
0.000218266
1.57142e-35
4.46587e-05
8.43502e-05
0.000119075
0.000208346
0.00019347
0.000173633
0.000148835
0.000173632
0.000193469
0.000119075
8.43503e-05
1.57142e-35
4.46588e-05
0.000134577
0.000161855
0.000218263
0.000208345
0.000223222
0.000223221
0.000218263
1.57158e-35
4.46622e-05
8.43545e-05
0.000208344
0.000119078
0.000193468
0.000173632
0.000173631
0.000148835
0.000208342
0.000193466
0.000119077
8.43538e-05
4.4662e-05
1.57158e-35
0.000148837
0.000218261
0.000148834
0.00021826
0.000223219
0.000223219
1.57178e-35
4.46659e-05
8.4358e-05
0.00011908
0.000218261
0.000208342
0.000148836
0.000193465
0.00017363
0.00020834
0.000173629
0.000193463
0.000119078
8.43565e-05
4.46652e-05
1.57177e-35
0.00022322
0.000161849
0.000134575
0.00021826
0.00022322
1.572e-35
4.46691e-05
8.43593e-05
0.000218264
0.000223227
0.000119078
0.000218266
0.000208343
0.000193463
0.000148831
0.000173625
0.000208341
0.000173622
0.000193459
1.57197e-35
0.000119075
8.43573e-05
4.46681e-05
0.000148828
0.000223227
0.000173611
0.000148815
0.000134569
0.000218273
1.57221e-35
4.46705e-05
8.43551e-05
0.000222463
0.00022386
0.000221377
0.000119066
0.000213931
0.000201523
0.00018416
0.000161842
0.000208344
0.000193455
1.57215e-35
0.000119065
8.43532e-05
4.46691e-05
0.000134546
0.000184145
0.000161819
0.000148816
0.000218292
1.57225e-35
4.46674e-05
8.4343e-05
0.000223263
0.000223262
0.00021829
0.000119047
0.000208354
0.000193459
0.000173612
0.000208353
0.00019345
0.000119036
1.57222e-35
8.43363e-05
4.46648e-05
0.000148781
0.000173586
0.000148796
0.000213966
0.000173562
0.000221433
1.57218e-35
4.46559e-05
8.43123e-05
0.000223924
0.000221433
0.000213966
0.000119003
0.000201533
0.000173599
0.000188956
0.000193449
0.00020839
0.000118994
8.43061e-05
1.57206e-35
4.46526e-05
0.000148742
0.000148752
0.000218365
0.000173513
0.000148663
0.000223359
1.57151e-35
4.46255e-05
8.42414e-05
0.000223361
0.000208397
0.00021837
0.000118904
0.000148694
0.000193458
0.000173572
0.00019345
0.000208447
0.000218471
0.00011891
8.42423e-05
4.46231e-05
1.57125e-35
0.000223493
0.00017346
0.000148564
0.000223495
1.56997e-35
4.45673e-05
8.41209e-05
0.000118749
0.000218477
0.000193462
0.000208457
0.000161656
0.000148512
0.000173526
0.000193458
0.000208527
0.000218606
0.000222864
0.000118793
8.41417e-05
4.45695e-05
1.56971e-35
0.000224281
0.000173357
0.000148371
0.00021866
1.56677e-35
4.44675e-05
8.39398e-05
0.000118541
0.00014834
0.000208562
0.000193475
0.00017343
0.000193475
0.00020865
0.000218808
0.000223891
0.000118567
8.39512e-05
4.44663e-05
1.5664e-35
0.000223874
0.000183992
0.000161331
0.00013388
0.000173344
0.000148014
0.00019354
0.000218961
1.56083e-35
4.42853e-05
8.36095e-05
0.000118155
0.00020874
0.000193505
0.000208817
0.000219128
0.000224334
0.000118131
8.35906e-05
1.56035e-35
4.42746e-05
0.000224368
0.000173153
0.000147988
0.00017318
0.000209083
0.000133366
0.000160973
0.000193642
0.000172905
0.000209032
0.000225541
0.000219442
1.55047e-35
4.39612e-05
8.30038e-05
0.000117428
0.000193565
0.000217428
0.000222874
0.000117518
8.31182e-05
1.54981e-35
4.3987e-05
0.000147481
0.000183932
0.000209475
0.000147383
0.000172863
0.000202462
0.000183819
0.000172449
0.000146904
0.000209496
0.000225584
0.000220195
0.000225588
1.53208e-35
8.22309e-05
4.3484e-05
0.000116614
0.000193722
0.000220183
0.000116745
8.23058e-05
1.53194e-35
4.34993e-05
0.000216084
0.000131685
0.000172599
0.000146767
0.000210541
0.000193906
0.000172083
0.000145625
0.000210218
0.000221336
0.00022696
0.000226963
1.50406e-35
0.000115465
4.27529e-05
8.10948e-05
0.000145934
0.000194066
0.000221957
0.000115162
8.08923e-05
1.50302e-35
4.26777e-05
0.000172271
0.000203384
0.000217806
0.000144419
0.00019447
0.000171641
0.000130259
0.000211314
0.000228992
0.000223041
0.000228999
1.45965e-35
4.14792e-05
0.000113143
7.8969e-05
0.000183715
0.000158936
0.000194715
0.00022435
1.45708e-35
0.000113449
7.91591e-05
4.15337e-05
0.000212234
0.000212933
0.000127954
0.000220781
0.000157685
0.000204943
0.000183636
0.000143715
0.000225509
0.000231925
0.00023193
1.38504e-35
1.38839e-35
3.43688e-05
7.60515e-05
0.000110154
0.000171336
0.000195574
0.000229009
3.95854e-05
0.000110083
7.59896e-05
0.000215317
0.00014187
0.000215272
0.000170683
0.000195515
6.4793e-05
0.000141941
3.23501e-05
0.00022904
0.000236064
0.000236073
0.000236282
1.27709e-35
1.27802e-35
2.97402e-05
0.000115914
9.32317e-05
0.000170744
0.000190596
0.000218895
0.000221671
5.3024e-05
0.000125787
8.89979e-05
0.000232947
0.000150405
0.000200566
0.000179175
5.85592e-05
0.00014562
2.47562e-05
0.00024141
0.000242596
0.000242788
0.000230036
1.11364e-35
1.11576e-35
2.47993e-05
0.000238104
0.000121197
7.42696e-05
0.000223975
0.000173701
0.000201054
0.000206886
8.3853e-05
5.26068e-05
0.000148741
0.000107591
0.000180788
4.55638e-05
0.00014939
2.35599e-05
4.39461e-05
0.000248489
0.000251764
0.000252359
0.000214968
0.000237547
8.76239e-36
8.81291e-36
2.36465e-05
0.000244515
0.000123374
6.14694e-05
9.14734e-05
0.000230899
0.000205345
0.000177621
0.000187946
8.73744e-05
6.59975e-05
0.000152743
0.000119469
0.000146135
1.49697e-05
4.39994e-05
2.07649e-05
0.000257254
0.000262935
0.000263817
0.000252472
0.000220145
0.000197096
5.53065e-36
5.63268e-36
3.41265e-05
0.000252445
0.000229407
0.000109013
6.9457e-05
0.000199008
0.000173107
0.000157778
6.18045e-05
9.4031e-05
0.000125085
0.000136649
0.000198416
1.38226e-05
4.55827e-05
2.33262e-05
8.1355e-06
0.000267949
0.000276481
0.000277154
0.000269008
0.000231811
0.000164725
0.00020917
1.76571e-36
1.90885e-36
3.34379e-05
0.000275129
0.000255537
0.000226564
9.56004e-05
6.17274e-05
0.000167854
0.000124424
8.3626e-05
0.000139588
0.000197832
1.07121e-05
4.70218e-05
2.25443e-05
3.31713e-06
0.000287618
0.000293564
0.000286782
0.000251346
0.00022421
0.000174182
0.000131003
-1.16585e-36
-1.1288e-36
9.39113e-07
2.97317e-05
0.000288606
0.000268714
0.000257023
0.000221979
0.000107296
5.55229e-05
0.000161802
8.72294e-05
0.000187541
6.78557e-06
2.02993e-05
6.52516e-06
-5.31243e-07
0.00029898
0.000281395
0.000305008
0.000305822
0.000255718
0.000219077
0.000186636
0.000137521
-1.49538e-36
-1.35304e-36
1.04768e-07
2.22819e-05
0.000277863
0.00024749
0.000214861
0.000111839
4.65153e-05
0.000154919
7.53713e-05
3.99273e-06
7.13646e-35
-3.70113e-08
5.70145e-06
0.000285254
0.000308523
0.000320146
0.000308524
0.00032015
0.000250311
0.000145044
0.000203581
2.47759e-37
2.73709e-37
2.22501e-06
6.8924e-35
0.000285277
0.000250318
0.000203597
7.48188e-05
0.000144973
6.61365e-35
0.000102969
2.38477e-35
0.000303869
2.34786e-35
2.13627e-06
1.61533e-36
0.000277096
0.000307927
0.000323921
0.000332423
0.000326305
1.60915e-36
0.00023345
0.000176149
2.86671e-06
2.83465e-06
1.15785e-35
6.65609e-35
0.000293166
0.000247084
0.000186661
0.000108961
5.47425e-35
0.000127601
0.000323479
1.15351e-35
1.98025e-36
0.000277232
0.00031947
0.000342135
0.000338139
1.97423e-36
0.000215936
0.000174571
0.000328686
7.59185e-36
3.04319e-06
3.04012e-06
7.58767e-36
5.47709e-35
0.000281168
0.000217857
0.000127971
4.93122e-35
0.000121655
2.13691e-36
4.98146e-36
0.000279679
0.000330053
0.000351544
0.000348683
0.000350013
4.97261e-36
2.13779e-36
0.000213431
0.000288522
0.000331313
3.16818e-06
3.17444e-06
4.93085e-35
0.000221958
0.000127802
4.42477e-35
0.000118201
0.000280521
2.2361e-36
3.48146e-36
0.000325292
0.000351041
0.00035836
0.000352269
3.48329e-36
2.23634e-36
0.000277602
0.000209588
0.000277582
0.000324628
3.23485e-06
3.24709e-06
4.4272e-35
0.000117431
0.00020868
4.37936e-35
0.000117205
0.000247142
2.27354e-36
2.57252e-36
0.000327473
0.000355157
0.000363767
0.000355597
2.5712e-36
2.27324e-36
0.000279254
0.000209307
0.000279061
0.000327676
3.26423e-06
3.26393e-06
0.000209797
4.38085e-35
0.000117618
4.42291e-35
0.000125549
2.2724e-36
2.27142e-36
0.000328097
0.000357356
0.000367325
0.000358049
2.26905e-36
2.27112e-36
0.000223438
0.000295284
0.000223436
0.000295277
0.000342383
3.26522e-06
3.26344e-06
4.3856e-35
0.000125536
4.41957e-35
0.000124011
0.000222447
2.27302e-36
2.27211e-36
0.000342377
0.000365684
0.000368426
2.27296e-36
2.2714e-36
2.27173e-36
2.27271e-36
0.000295374
0.000222445
0.000343478
0.000295376
0.00034348
0.000367362
3.26519e-06
3.26347e-06
4.36133e-35
0.000124027
4.39075e-35
0.000123341
0.000221843
0.000367362
2.27293e-36
0.000221918
2.27177e-36
2.27143e-36
2.27269e-36
0.000344005
0.000295328
0.000368253
0.000295312
0.000344007
0.000368252
3.26524e-06
3.26346e-06
4.34985e-35
0.000123081
0.000123359
4.35815e-35
0.000221574
0.000175325
2.273e-36
0.000261593
0.000175539
2.27175e-36
2.27145e-36
2.27268e-36
0.000344241
0.000295239
0.000368687
0.000295242
0.00034424
0.000368687
2.27298e-36
3.26523e-06
3.26346e-06
4.34768e-35
0.000122972
0.000123066
4.34953e-35
0.000295191
0.000221394
0.000221536
2.27175e-36
2.27144e-36
2.27268e-36
0.000221404
0.000344331
0.000295191
0.000368878
0.000344331
0.000368877
2.27298e-36
3.26523e-06
3.26346e-06
4.34715e-35
0.000122946
4.34718e-35
0.000122972
0.000221346
0.000344359
0.000295157
0.000221359
2.27175e-36
2.27145e-36
2.27268e-36
0.000344364
0.000295172
0.000368953
0.000368951
2.27299e-36
3.26523e-06
3.26346e-06
0.000122938
4.3472e-35
4.34686e-35
0.000122946
0.000221332
0.000295147
0.000344362
0.000261333
0.000175216
0.000221326
2.27175e-36
2.27144e-36
2.27268e-36
0.000368976
0.000344377
0.000295166
0.000359737
0.000368971
2.27298e-36
3.26523e-06
3.26346e-06
0.000122935
4.34708e-35
4.3472e-35
0.000122943
0.00029514
0.000344344
0.000221345
0.000175202
0.000261306
2.27175e-36
2.27144e-36
0.000295177
0.000221358
2.27268e-36
0.000368976
0.000344381
0.000368949
2.27299e-36
3.26523e-06
3.26346e-06
0.000122938
4.34693e-35
0.000122952
4.34754e-35
0.000295135
0.000344318
0.000221334
2.27175e-36
2.27144e-36
0.000344382
0.000295197
0.000221388
2.27268e-36
0.000368961
0.000368904
2.27299e-36
3.26523e-06
3.26346e-06
0.000122964
4.34723e-35
4.34786e-35
0.00012297
0.000221376
0.000295143
0.000344266
2.27175e-36
2.27144e-36
2.27175e-36
0.000359722
2.27144e-36
0.000322879
0.000261409
0.000175295
2.27268e-36
0.000368814
0.000368848
2.27299e-36
3.26523e-06
3.26346e-06
0.000123043
4.34966e-35
4.34927e-35
0.000123036
0.000221509
0.000295177
0.000344127
0.000221755
2.27175e-36
0.000344358
2.27144e-36
0.000295265
0.000221515
2.27268e-36
0.000368555
0.00036861
2.27299e-36
3.26523e-06
3.26346e-06
0.000123274
4.35855e-35
0.000123185
4.35351e-35
0.000295233
0.000343825
0.000175973
0.000261852
2.27175e-36
0.000344276
2.27144e-36
0.000295372
0.000221741
2.27268e-36
0.00036798
0.000368063
2.27299e-36
3.26523e-06
3.26346e-06
0.000123912
4.38282e-35
0.000123482
4.36532e-35
0.00036331
0.000343186
0.000295429
0.000222543
0.000222109
2.27175e-36
0.000344051
2.27144e-36
0.000295565
2.27268e-36
0.000370206
0.000358552
2.27299e-36
3.26523e-06
2.27175e-36
3.26346e-06
0.000125258
0.000224023
4.43821e-35
0.000222774
0.000124102
4.39215e-35
0.000365716
0.000341918
0.000295742
0.000322848
0.000177461
2.27144e-36
0.000295989
2.27268e-36
0.000366077
0.000343214
2.27299e-36
2.27144e-36
3.26523e-06
2.27175e-36
3.26346e-06
0.000291424
0.000236227
0.000141101
4.55999e-35
4.44756e-35
0.000224579
0.000125601
0.000364758
0.000352868
0.000329488
0.000296384
2.27268e-36
0.000358083
0.000273804
0.000327463
2.27299e-36
2.27144e-36
3.26523e-06
2.27175e-36
3.26346e-06
0.000316003
0.000257223
0.000158073
4.82104e-35
9.83047e-05
4.57278e-35
0.000222817
0.00035482
0.000358533
0.000341668
2.27268e-36
0.00026965
0.000346534
0.000315766
2.45077e-36
2.44913e-36
2.45046e-36
3.23742e-06
2.44943e-36
3.23566e-06
0.000322326
0.000275087
0.000183457
9.75347e-05
5.31525e-35
0.000158635
4.82588e-35
0.00022408
0.000345857
0.000347411
0.000335891
0.000303871
0.000332432
1.31427e-36
1.31341e-36
1.31412e-36
1.31356e-36
0.000314192
0.000123858
0.000289296
0.00025052
0.000186348
6.50162e-35
9.79474e-05
5.32561e-35
0.000181997
0.000315929
0.000272171
0.000334005
0.000336152
0.000308838
0.000316713
0.0003232
0.000293627
0.000270961
0.000170667
0.000245446
9.24151e-35
6.51393e-35
0.000321681
0.000123829
0.000245442
0.000301575
0.000311138
0.000335172
0.000218819
-6.91071e-35
0.000213578
0.000305748
0.000166412
0.000278145
0.000240075
9.17987e-35
0.000133324
0.000301982
0.000214272
0.000276699
0.000218819
0.000329891
0.000203096
0.000187374
-6.91071e-35
0.000166412
0.000226619
0.000314606
0.000280451
0.000213578
0.000187374
0.000203096
