0.000218866
0.000204289
0.000218866
0.000214007
0.000176852
0.000192763
0.000214007
0.000189335
0.000204289
0.000145979
0.000170275
0.000189711
4.39368e-05
-5.40455e-35
0.000116824
8.281e-05
3.51425e-05
0.000169029
0.000188011
0.000188216
0.000198555
0.000196406
0.000190486
0.00017985
0.000189711
0.000164709
9.9849e-05
0.00012646
0.000145507
0.000162662
8.37266e-36
7.1548e-05
6.44723e-05
4.72411e-05
2.33792e-05
0.000178938
0.000195212
0.000188516
0.000195559
0.00019189
0.000179077
0.000170275
0.000164498
0.000147018
0.000113815
0.000137499
0.000167717
0.000147107
1.03499e-35
9.53704e-05
5.40601e-05
2.34078e-05
0.000181213
0.000187597
0.000194782
0.000165034
0.000178813
0.000194631
0.000189267
0.000145979
0.000123549
0.000143745
0.000135827
0.000171328
0.000119353
0.000141274
0.000155987
9.90841e-05
1.16893e-35
7.43453e-05
4.83348e-05
2.28806e-05
0.000183649
0.000191391
0.000193711
0.000167265
0.000150695
0.000181475
0.000189919
0.000116824
9.6685e-05
0.000126531
0.000115166
0.00013079
0.000174165
0.000162691
0.000113675
0.000134571
0.000146323
9.10503e-05
1.22072e-35
5.17892e-05
2.53126e-05
0.000141841
0.000186923
0.000191484
0.000192465
0.00019027
0.000165891
0.00018338
8.281e-05
6.77676e-05
7.92757e-05
9.40206e-05
9.75932e-05
0.000113082
0.000181235
0.000163627
0.00012683
0.000149128
7.37828e-05
0.0001101
9.49554e-05
4.95266e-05
1.2713e-35
2.72326e-05
0.000152155
0.000136874
0.000164944
0.000188181
0.000191226
0.000184948
0.000190861
0.000178339
4.39368e-05
3.4218e-05
5.02062e-05
5.25472e-05
7.17531e-05
9.34433e-05
7.61092e-05
9.69393e-05
0.000119205
0.000178928
0.000167005
0.000131998
0.00015094
0.000113981
7.44027e-05
9.18601e-05
5.19122e-05
2.5919e-05
1.29683e-35
0.000144339
0.000164144
0.000187104
0.000190788
0.000182285
0.000189077
0.000174057
-5.40455e-35
8.08468e-36
2.30666e-05
2.47179e-05
2.23923e-05
4.74181e-05
7.02896e-05
5.09973e-05
7.60216e-05
0.000126548
9.9825e-05
0.000160622
0.000177887
0.000186114
0.000136838
0.000146442
0.000117664
9.45245e-05
7.19107e-05
5.0039e-05
2.71673e-05
1.3141e-35
0.00015105
0.000163502
0.000190056
0.000185231
0.000189543
0.000178743
1.13825e-35
1.03871e-35
1.19341e-35
2.48411e-05
2.68865e-05
5.09062e-05
7.84736e-05
5.15388e-05
0.000133333
0.000115355
9.51303e-05
0.000155009
0.00016877
0.000182575
0.000187545
0.000121163
0.000137848
9.70233e-05
7.11772e-05
2.60945e-05
1.32502e-35
0.000139615
0.000153802
0.00016992
0.0001893
0.00018724
0.000182444
1.25217e-35
1.28303e-35
2.66798e-05
2.70091e-05
4.9798e-05
0.000116751
8.30227e-05
0.000165718
0.000145589
0.00017543
0.000184036
0.000188355
9.93895e-05
0.000124502
7.02865e-05
3.71794e-05
1.33176e-35
0.000124346
0.000145428
0.000162484
0.000175295
0.000188348
0.000183881
1.30527e-35
0.000154481
1.31918e-35
2.59949e-05
6.01463e-05
9.92229e-05
7.01056e-05
0.000188027
0.000162543
0.000145631
0.00017525
0.000183763
0.000124651
9.95645e-05
3.72937e-05
7.04622e-05
1.33622e-35
9.94396e-05
0.000124501
0.000145533
0.00016242
0.000175139
0.000183642
0.0001879
1.3282e-35
3.70763e-05
7.03559e-05
0.000183574
0.000187801
0.000162495
0.000145673
0.000175125
0.000124736
9.97072e-05
3.737e-05
7.06022e-05
1.33897e-35
9.96198e-05
0.000124667
0.000145582
0.000162399
0.000183483
0.000175038
0.000187711
1.33376e-35
3.72368e-05
7.05338e-05
3.73296e-05
7.06279e-05
0.000145702
0.000183445
0.000187648
0.000162462
0.000175041
0.000124821
9.98006e-05
3.74173e-05
7.06748e-05
1.34061e-35
9.97546e-05
0.000124743
0.000145633
0.00016239
0.000183398
0.000174976
0.000187587
1.33747e-35
1.33972e-35
3.73919e-05
7.06964e-05
0.00014572
0.000174985
0.000187547
0.00018336
0.000162435
0.000124857
3.74461e-05
9.98596e-05
7.07304e-05
1.34157e-35
9.98193e-05
0.000124811
0.000112862
0.000162389
0.000145678
0.000174939
0.000183338
0.000187506
1.34106e-35
3.74323e-05
7.07424e-05
3.74541e-05
0.000145732
0.000174955
0.000183305
0.000187482
0.000162424
0.000124887
3.74624e-05
9.98959e-05
0.000112923
7.07592e-05
1.34209e-35
9.98761e-05
0.000124863
0.00016239
0.00017492
0.000145697
0.000183274
0.000187456
1.34185e-35
1.34228e-35
7.07651e-05
3.74677e-05
0.000187442
0.000145738
0.000174933
0.00018327
0.000162416
0.000124907
3.74716e-05
7.07748e-05
9.99196e-05
1.34236e-35
9.99059e-05
0.00012489
0.000145716
0.000174909
0.000162392
0.000187425
0.00018325
1.3425e-35
7.07804e-05
3.74753e-05
0.000187417
0.000124916
0.000183249
0.000145742
0.00016241
0.000174916
9.99307e-05
3.74761e-05
7.07843e-05
1.34247e-35
0.000124907
9.99218e-05
0.000145731
0.000162395
0.000187407
0.000174901
0.000183237
1.3426e-35
7.07891e-05
3.74794e-05
0.000183236
0.000187405
9.99358e-05
0.000145744
0.000124921
0.000174903
0.000162406
3.74782e-05
7.07892e-05
1.34251e-35
0.000124916
9.99348e-05
0.000145739
0.000162398
0.00018323
0.000187396
0.000174896
1.34263e-35
3.74812e-05
7.0794e-05
9.99401e-05
0.00018323
0.000187397
0.000174898
9.9939e-05
0.000145745
0.000124923
0.000162403
0.000124925
3.7479e-05
7.07916e-05
1.34251e-35
0.000145743
0.000124923
0.000162401
0.000183227
0.000187391
0.000174895
1.34263e-35
0.000124927
3.74818e-05
9.99441e-05
7.07959e-05
0.000183226
0.000187389
0.000174896
9.99405e-05
0.000162402
0.000145745
0.000112953
0.000135856
3.7479e-05
7.07923e-05
1.3425e-35
0.000145746
0.000162403
0.000183224
0.000187388
0.000174895
1.34262e-35
0.000124929
3.74819e-05
9.99457e-05
7.07969e-05
0.000183223
0.000187387
0.000174895
0.000162402
9.99411e-05
0.000145745
0.000124925
7.07924e-05
3.74789e-05
1.34248e-35
0.000187387
0.000174895
0.000145749
0.000162404
0.000183223
1.3426e-35
0.000124931
9.99465e-05
3.74817e-05
7.07971e-05
0.000187386
0.000174894
0.000183222
0.000162401
9.99413e-05
0.000145746
0.000124926
7.07925e-05
3.74787e-05
1.34247e-35
0.000187386
0.00014575
0.000174895
0.000162404
0.000183222
1.34258e-35
0.000124931
3.74816e-05
9.99469e-05
7.07971e-05
0.000187385
0.000174893
0.000183221
0.000162401
0.000145746
9.99417e-05
0.000124926
3.74787e-05
7.07926e-05
1.34246e-35
0.000187385
0.00014575
0.000162405
0.000174896
0.000183222
1.34257e-35
0.000124931
3.74815e-05
9.99472e-05
7.07973e-05
0.00018322
0.000187384
0.000174893
0.000162401
0.000145746
0.000124926
9.99421e-05
3.74789e-05
7.07931e-05
1.34247e-35
0.000183222
0.000187384
0.000145751
0.000162405
0.000174895
1.34258e-35
0.000124932
3.74817e-05
9.99476e-05
7.07977e-05
0.00018322
0.000187384
0.000174892
0.000162401
0.000145746
0.000124927
9.99431e-05
3.74794e-05
7.07939e-05
1.34249e-35
0.000183221
0.000187384
0.000145751
0.000162405
0.000174895
1.3426e-35
0.000124932
7.07985e-05
3.74822e-05
9.99485e-05
0.000174891
0.000183219
0.000187382
0.000145747
0.000162401
0.000124928
0.000112957
9.99441e-05
7.07951e-05
3.74802e-05
1.34252e-35
0.00018322
0.000187382
0.000145751
0.00016917
1.34264e-35
0.000124933
3.74831e-05
7.07997e-05
9.99498e-05
0.000183217
0.00017489
0.000187381
0.000162401
0.000145747
0.000124929
9.9946e-05
7.07969e-05
3.74814e-05
1.34257e-35
0.00018738
0.000174893
0.000183218
0.000145751
0.000162404
1.3427e-35
0.000124934
3.74846e-05
7.08018e-05
9.99515e-05
0.000145751
0.000124931
0.000183215
0.000174889
0.000187377
0.0001624
0.000145748
9.99478e-05
7.07991e-05
3.74831e-05
1.34265e-35
0.000187378
0.000174891
0.000183216
0.000162403
1.34279e-35
0.000124935
3.74864e-05
7.0804e-05
9.99535e-05
0.00014575
2.41631e-36
2.41708e-36
4.50567e-36
0.000124932
0.000183213
0.000174888
0.000187375
0.000162399
0.000145748
7.08017e-05
9.99505e-05
3.74852e-05
1.34275e-35
0.000187375
0.000174889
0.000183213
0.000162401
0.000187373
0.000187373
1.34291e-35
0.000124935
3.74889e-05
7.08072e-05
9.99554e-05
0.00014575
6.0051e-06
4.50721e-36
4.17871e-36
0.000145747
0.000124933
0.000174886
0.000183211
0.000162398
9.99528e-05
3.74877e-05
7.08051e-05
1.34287e-35
0.000174887
0.000183211
0.000162399
0.000187372
0.000187372
0.000124933
1.34306e-35
3.74917e-05
0.000124935
7.08097e-05
9.99566e-05
0.000145747
6.0051e-06
4.18025e-36
4.17871e-36
0.000145746
0.000174884
0.000183209
0.000162396
9.99543e-05
7.08081e-05
1.34303e-35
3.74907e-05
1.3432e-35
0.000174885
0.00018321
0.000162397
0.000187373
0.000187375
0.000124931
1.34323e-35
3.74945e-05
0.000124932
7.08116e-05
9.99555e-05
0.000145743
6.0051e-06
4.18025e-36
4.17871e-36
0.000145742
0.000174883
0.000183214
0.00018321
0.000162393
9.99536e-05
7.08098e-05
3.74935e-05
1.34338e-35
0.000174885
0.000183213
0.000162395
0.000187379
0.000187383
0.000185828
0.000124924
1.34341e-35
3.74961e-05
0.000124925
7.08103e-05
9.99507e-05
0.000145738
6.0051e-06
4.18025e-36
4.17871e-36
4.18025e-36
0.000145738
0.00016239
0.000179575
0.000174884
3.74953e-05
9.99497e-05
7.08087e-05
1.34346e-35
3.74943e-05
0.000183219
0.000174887
0.000165906
0.000187397
0.000187411
0.000183237
0.000154581
0.00011295
0.000135844
1.34353e-35
3.74951e-05
7.08033e-05
0.000124909
9.99373e-05
0.000145722
6.0051e-06
4.17871e-36
4.18025e-36
0.000145723
0.000162387
0.000174894
7.08012e-05
9.99345e-05
1.34344e-35
3.74879e-05
0.000183238
0.000174896
0.000162389
0.000187431
0.00018746
0.000183265
0.000124906
1.34349e-35
3.74886e-05
7.07804e-05
0.00012488
9.99015e-05
0.000145707
0.000162389
4.17871e-36
6.0051e-06
4.18025e-36
4.17871e-36
0.000145709
0.000174913
0.000162385
7.07812e-05
9.99108e-05
1.34304e-35
3.74704e-05
0.000183277
0.000174928
0.000187497
0.000187524
0.000183312
0.000124876
1.34313e-35
3.74696e-05
7.07369e-05
9.98529e-05
0.000124827
0.000145674
0.000162391
6.0051e-06
4.18025e-36
4.17871e-36
0.00014568
0.000174952
0.000162385
7.07397e-05
9.98597e-05
1.34213e-35
3.74314e-05
7.0661e-05
0.000183349
0.000174977
0.000187582
0.000187623
0.000183411
0.000124836
1.34212e-35
3.74305e-05
0.000162401
7.06541e-05
9.97537e-05
0.000124736
0.000145605
6.0051e-06
4.18025e-36
4.17871e-36
0.000145632
0.000175023
0.000162391
0.000124753
9.97679e-05
9.96106e-05
3.7358e-05
1.33959e-35
7.0521e-05
0.000175066
0.000187709
0.000183476
0.000183583
0.000187831
1.33993e-35
3.7356e-05
0.00016242
0.000145541
9.95496e-05
7.05068e-05
0.000124587
6.0051e-06
4.18025e-36
4.18025e-36
4.17871e-36
0.000145558
0.000175147
0.000162408
0.000124617
9.93497e-05
3.72377e-05
1.33554e-35
7.02829e-05
0.00018369
0.000175218
0.000187973
0.000183867
0.000188397
1.33588e-35
3.72342e-05
0.000162454
0.000145418
9.93054e-05
7.0258e-05
0.000124285
6.0051e-06
4.18026e-36
4.17871e-36
0.000175354
0.000145446
0.000162437
0.000124339
9.89328e-05
3.70226e-05
1.32789e-35
6.98913e-05
0.000184038
0.000175468
0.000188679
0.000184321
0.000189066
1.32756e-35
3.70121e-05
0.000162528
0.000145178
6.98483e-05
9.88596e-05
0.000123879
6.0051e-06
4.18025e-36
4.17871e-36
4.18026e-36
4.17871e-36
0.000162489
0.00017569
0.000123966
0.000145279
9.828e-05
3.66665e-05
1.31472e-35
6.92663e-05
0.000184589
0.000175869
0.000189502
0.000189809
0.000185031
1.31583e-35
3.66525e-05
6.91961e-05
0.000162724
0.000144976
9.81643e-05
0.00012327
6.00511e-06
4.18025e-36
4.1787e-36
0.000123402
0.00017622
0.000162599
0.000144963
9.72839e-05
1.29314e-35
3.6056e-05
6.82874e-05
0.000176494
0.00018544
0.000190406
0.000190828
0.000186113
0.00017704
0.000163
1.29372e-35
6.83005e-05
3.60285e-05
0.00017745
0.000144503
0.000122583
9.6898e-05
6.0051e-06
4.18028e-36
4.17874e-36
1.25816e-35
0.000122766
0.000144703
0.000162881
9.57922e-05
3.51987e-05
6.69807e-05
0.000186724
0.000191632
0.00019388
0.000187727
0.000178272
0.000144125
0.000163453
1.25895e-35
6.66258e-05
3.51483e-05
0.000188618
0.000178881
0.000121076
9.55205e-05
4.1799e-36
4.17882e-36
6.00508e-06
1.20288e-35
3.3816e-05
0.00012136
0.000144248
0.000163267
9.36103e-05
6.45629e-05
0.000193888
0.000179705
0.000197097
0.000190072
6.45844e-05
0.000119689
0.000143324
0.000164054
1.2035e-35
3.36514e-05
0.000191347
0.000180523
9.27945e-05
4.18846e-36
4.17545e-36
6.00553e-06
3.17399e-05
1.11678e-35
6.17096e-05
0.000105612
0.000120061
0.00014366
0.000163903
8.99319e-05
6.66493e-05
0.00019903
0.000181651
0.000201552
0.000195151
0.000164907
6.13414e-05
0.000117373
0.000142741
0.000164938
3.16187e-05
1.1159e-35
0.000182738
0.000195169
8.99582e-05
4.73555e-36
4.21307e-36
6.0003e-06
4.18262e-36
9.89011e-36
2.66027e-05
8.03277e-36
0.00011735
0.000142922
9.55968e-05
7.16427e-05
4.29717e-05
0.000203771
0.000207647
0.000186802
0.000199783
0.000167869
0.000145878
5.46006e-05
0.000111812
0.000150701
0.000167275
0.000182977
2.7275e-05
9.91241e-36
0.000198104
0.000208177
7.95922e-05
6.40629e-36
5.95126e-06
5.81043e-06
3.99257e-36
2.07985e-05
5.40197e-36
0.000121428
8.98293e-05
4.75404e-05
0.000134928
0.000212319
0.000215101
0.000186837
0.000200464
0.000171958
0.000153676
0.000105326
4.90627e-05
0.00013174
0.000158396
0.000183366
2.08156e-05
8.02071e-36
6.06708e-05
0.000201761
0.000218409
0.000223581
8.64913e-05
9.10884e-36
5.643e-06
3.67944e-36
2.50649e-05
1.09366e-05
2.32663e-36
0.000109624
4.04855e-05
6.81528e-05
0.000131536
0.000212873
0.000224951
0.000207025
0.000190189
0.000168227
0.000107239
3.74302e-05
0.000129483
0.000153768
0.000183865
5.46863e-36
6.50865e-05
1.88416e-05
4.06513e-05
0.000206062
0.000222974
0.000233178
9.37028e-05
1.39673e-35
5.42073e-06
3.09379e-36
2.13916e-05
-5.46228e-38
-2.38721e-37
4.3192e-06
1.68345e-36
4.07433e-05
0.000104697
6.45747e-05
0.00013893
0.000221274
0.000236077
0.000202615
0.000175523
0.00012716
0.000241677
6.40699e-05
0.000154484
0.000183475
2.3746e-36
4.26084e-05
2.14545e-05
0.000214893
0.000234308
0.00012506
8.03057e-05
2.12482e-35
4.71331e-06
7.67925e-06
2.08562e-05
1.98244e-06
5.9903e-05
3.89066e-05
9.8849e-05
0.000123716
0.000148993
0.000230865
0.000247888
0.00021685
0.000194014
0.000250454
3.98845e-05
0.000201593
0.000157323
0.000182526
1.08142e-05
-1.12999e-37
2.10173e-05
3.49747e-05
0.000225015
0.000246392
0.000258707
6.95394e-05
0.000123506
4.12678e-35
4.60657e-06
9.59052e-06
4.74952e-05
7.6427e-05
0.000119374
0.00016186
0.000201739
0.000254801
0.000244451
0.000227843
7.81333e-06
0.000204514
0.000180396
1.11583e-06
-3.18075e-37
1.26536e-05
8.86582e-35
0.000235379
0.000266206
0.000258059
0.00026779
6.41242e-05
0.000121259
0.000175187
8.71553e-35
6.56552e-05
0.00012128
0.000170283
0.000231906
0.000209373
0.000258063
4.36204e-06
0.000207158
0.000271339
0.00021544
1.87088e-06
1.5586e-36
4.1281e-35
4.69659e-06
7.54893e-35
0.000245243
0.000278031
0.000272934
8.62437e-05
0.000147441
0.000195301
7.58451e-35
9.09985e-05
0.000147339
0.000195254
0.000270556
0.000234728
0.000285711
0.000231799
3.98203e-06
3.03052e-36
2.12077e-35
5.59595e-35
0.000264138
0.000286167
0.000105028
0.000180679
0.000235168
5.59103e-35
0.000291633
0.000107075
0.000182242
0.00027605
0.000235156
5.17101e-06
3.67589e-36
1.39705e-35
4.72786e-35
0.000106946
0.000277113
0.000294658
0.000185691
0.000241345
4.72971e-35
0.000293624
0.000185663
0.00010174
0.000272084
0.000234653
5.59473e-06
0.000266907
3.99711e-36
5.814e-06
9.11451e-36
4.03333e-35
0.000170948
9.82328e-05
0.000290899
0.00030228
0.000226929
4.03263e-35
0.00027358
0.000297073
9.89031e-05
0.000175342
0.000232194
0.000252545
0.000284686
4.17933e-36
6.40805e-36
5.94877e-06
3.82111e-35
9.83925e-05
0.000175498
0.000307247
0.000297992
0.000233597
0.000298913
3.82323e-35
0.000274099
9.89245e-05
0.000176199
0.00023344
0.000274087
0.000142663
0.000280969
4.21397e-36
4.73368e-36
5.99945e-06
0.000305882
3.73711e-35
0.000105023
0.000175163
0.000305887
0.000247
0.00028639
3.73689e-35
0.000246996
0.00010488
0.000186739
0.000287043
4.18598e-36
4.17518e-36
6.00326e-06
0.000307292
3.66999e-35
0.000103733
0.000186065
0.000307687
0.000247066
0.000287315
3.66956e-35
0.000247077
0.000186073
0.000103738
0.000287509
0.000147212
4.1779e-36
4.17872e-36
6.00372e-06
0.000307907
3.6472e-35
0.000103138
0.000185506
0.000308236
0.000287805
0.000247022
0.000287756
0.000247027
3.64847e-35
0.000185635
0.000103175
4.17767e-36
4.17914e-36
6.00356e-06
0.000308268
3.63863e-35
0.000185307
0.000102939
0.000308489
0.000287949
0.000246948
0.000287952
0.00024698
0.000102956
3.63866e-35
0.000185315
0.000146641
4.17767e-36
4.17922e-36
6.00359e-06
0.000308504
0.000288028
3.63648e-35
0.000185188
0.000102861
0.000308579
0.000288026
0.000246914
0.000246924
3.63652e-35
0.000102873
0.000185204
4.17765e-36
4.1792e-36
6.00359e-06
0.000246901
0.000308622
0.000308601
0.000288051
3.63616e-35
0.00010284
0.000185158
0.000288054
0.0002469
0.000185159
3.63634e-35
0.000102844
4.17766e-36
4.1792e-36
6.00359e-06
0.000246887
0.000308642
0.000308634
0.000300918
3.63635e-35
0.000102839
0.00018515
0.000288063
0.0002469
3.63641e-35
0.000185142
0.000102838
4.17766e-36
4.1792e-36
6.00359e-06
0.00028805
0.000246882
0.00030864
0.000308631
3.63657e-35
0.000102846
0.000185164
0.000288069
0.000246913
3.63639e-35
0.000185137
0.000102835
4.17766e-36
4.1792e-36
6.00359e-06
0.000288064
0.000185143
0.000288034
0.000246876
0.00030859
0.000308598
3.63682e-35
0.000102865
0.000185192
0.000246942
3.63623e-35
0.000102838
4.17766e-36
4.1792e-36
0.000246982
6.00359e-06
0.000288035
0.000185167
0.000308476
0.000246882
0.000287998
0.000308512
3.63831e-35
0.000102908
0.000185287
3.63648e-35
0.000102854
4.17766e-36
4.1792e-36
0.000247101
0.000308283
6.00359e-06
0.000287943
0.00018525
0.00030837
0.000246896
0.000287914
3.64098e-35
0.000103016
0.000185471
3.63792e-35
0.000102926
0.00021873
4.17766e-36
4.1792e-36
0.000247228
0.000185771
0.000307921
0.000308102
6.00359e-06
0.000287589
0.000185527
0.000287733
0.000259071
3.64979e-35
0.000103275
0.000103121
3.64454e-35
0.000246991
4.17766e-36
4.1792e-36
0.000269976
0.000247412
0.000186457
0.000307019
0.000307498
6.00359e-06
0.000103604
0.000286515
0.00018608
0.000287474
3.67138e-35
0.000103894
3.66536e-35
0.000247098
0.000299437
4.17766e-36
4.1792e-36
0.000247913
0.000187798
0.00030522
0.000306045
4.1792e-36
4.17766e-36
6.00359e-06
0.000187236
0.000104536
0.000276482
0.000299673
0.000247245
0.000286551
3.7188e-35
0.000105032
3.70294e-35
0.000228904
0.000161252
0.000234814
0.000304392
0.000296978
4.1792e-36
4.17766e-36
6.00359e-06
0.00017038
8.17448e-05
0.000292044
0.000265497
0.00029924
0.000274558
3.81959e-35
0.000132347
3.7932e-35
0.000208529
0.000222281
0.000292967
4.1792e-36
4.17766e-36
6.00359e-06
0.000153311
8.09014e-05
0.000232951
0.000290812
0.000281962
0.000254247
0.000290501
0.000266206
0.000186841
4.02404e-35
8.16853e-05
3.99142e-35
0.000210227
0.000281076
4.1792e-36
4.17766e-36
6.00359e-06
0.000152804
8.10398e-05
0.000210183
0.000282202
0.000271725
0.000240961
0.000279284
0.000247429
0.000154969
0.000102291
4.43443e-35
4.38302e-35
0.00020879
0.000264349
4.50607e-36
4.50453e-36
5.95245e-06
0.000154093
0.000102483
0.000197182
0.000231556
0.000268375
0.000255895
0.000265717
0.000255604
0.000262693
0.000230432
0.000142919
5.39944e-35
5.58999e-35
0.000204632
0.000249553
0.000203096
2.41647e-36
2.4157e-36
0.000179259
0.000108987
0.000188818
0.000187374
0.000213578
0.00027269
0.000268179
0.000223756
0.000264669
0.000250486
7.18846e-35
7.27624e-35
0.000178114
0.000166412
0.000166412
0.000187374
0.000218819
0.000218819
0.000203096
0.000213578
1.01237e-35
1.01237e-35
