-1.00111e-34
4.37731e-05
1.29506e-35
0.000116728
8.26826e-05
5.08871e-05
0.00014591
0.000170229
0.000204275
-1.00111e-34
2.66176e-05
1.42386e-35
4.37731e-05
0.000189684
0.000170229
8.26826e-05
0.000119041
8.96724e-05
6.30373e-05
0.00014563
0.000214002
0.000189684
0.000167554
0.000204275
0.00018805
0.000214002
0.000199977
0.000218866
0.000208568
0.000218866
1.30558e-35
1.42363e-35
7.74246e-05
3.26078e-05
5.13664e-05
2.68544e-05
0.00014591
0.000116728
0.000168004
0.000147537
8.42332e-05
0.000130786
0.000106232
8.93443e-05
0.000175941
0.000156571
0.000211092
0.000199219
0.000189971
0.000179062
0.000192538
0.000208445
0.000205137
0.000211734
0.000211646
0.000213499
1.42597e-35
2.77722e-05
1.44473e-35
5.74163e-05
5.96003e-05
3.07247e-05
0.000119255
0.000152512
9.48262e-05
0.000139165
0.000120808
0.000100521
0.000182814
0.000165189
0.000204921
0.00019693
0.000165453
0.000179933
0.000196898
0.000210787
0.000207697
0.000212097
0.000212801
1.42874e-35
2.99188e-05
1.45645e-35
7.8448e-05
6.57029e-05
3.45072e-05
9.10614e-05
0.000132771
0.000114258
0.000148659
0.000129573
0.00010851
0.00015098
0.000174267
0.00018669
0.000205989
0.000197233
0.000186912
0.000174578
0.000201362
0.000209685
0.000212552
0.000209813
1.44571e-35
5.44267e-05
1.46443e-35
8.50483e-05
6.32711e-05
2.99571e-05
8.97317e-05
0.000134665
0.000116738
0.000159899
0.000143487
0.000124989
0.000104402
0.000160109
0.000181565
0.000195267
0.000204987
0.000192507
0.000178913
0.000204
0.000211659
0.000211894
1.4588e-35
3.07863e-05
5.91984e-05
1.46986e-35
8.1665e-05
6.2577e-05
3.27343e-05
9.70719e-05
0.000143645
0.000125118
0.000164916
0.000148843
0.000135709
0.000117095
0.000169239
0.000180577
0.00020506
0.000194981
0.000210261
0.000194804
0.000204209
0.000182989
0.000209922
0.000207695
0.000211939
1.46604e-35
2.96998e-05
3.08685e-05
5.67129e-05
1.47326e-35
9.73064e-05
0.000128955
7.56584e-05
5.92566e-05
0.000104506
0.000152754
0.000129037
0.000169647
0.00015831
0.000145681
0.000154917
0.000169819
0.000188881
0.000198261
0.000205205
0.000211049
0.000198146
0.000186769
0.000204826
0.00021077
1.47123e-35
3.08961e-05
2.94997e-05
6.81971e-05
1.47553e-35
0.000111924
7.92407e-05
0.000111983
0.00013999
5.67616e-05
8.17399e-05
0.000107066
0.000154079
0.000132828
0.000163425
0.000174105
0.00017829
0.000174247
0.00019584
0.000205368
0.000209571
0.00021135
0.000190263
0.000201097
0.000207448
1.47451e-35
2.95232e-05
6.8245e-05
4.19386e-05
1.47699e-35
4.19764e-05
7.92984e-05
0.000112032
0.000163445
0.000140075
0.000140033
9.7375e-05
0.000158914
0.000136501
0.00018221
0.00019158
0.000182205
0.000178406
0.00016351
0.000201469
0.000210109
0.000211177
0.000190974
0.000203657
0.000209348
1.47659e-35
4.19656e-05
7.92869e-05
1.47793e-35
4.20034e-05
7.93436e-05
7.93737e-05
0.000112067
0.000140104
0.000163467
0.000182204
0.000111986
0.000140064
0.000126635
0.000196324
0.000196294
0.000182302
0.00016352
0.000205782
0.000210516
0.000210533
0.000196416
0.000205831
0.000196272
1.47786e-35
4.20025e-05
7.93483e-05
0.000112087
1.47862e-35
4.20211e-05
7.93922e-05
0.000126697
0.000140121
0.000163485
0.000182204
0.00011205
0.000140111
0.000205711
0.000205662
0.000140131
0.000163526
0.000182276
0.000210427
0.00021044
0.000205749
0.000196357
0.000196255
1.47868e-35
4.20233e-05
7.93801e-05
0.000112106
7.94071e-05
1.479e-35
4.2033e-05
0.000163497
0.000140139
0.000182205
0.000196244
0.000112082
0.000210365
0.00020563
0.000126702
0.000152419
0.000173473
0.000182258
0.000196323
0.000210375
0.000205702
0.000205609
1.47915e-35
4.20373e-05
7.94045e-05
0.000140147
0.000112115
4.20398e-05
7.9415e-05
1.47924e-35
0.000163507
0.000163514
0.000182207
0.000196238
0.000112109
0.000210323
0.000210296
0.000163532
0.000140152
0.000182244
0.000196298
0.000201548
0.000210331
0.000205667
0.000205596
1.47942e-35
4.20446e-05
7.94164e-05
0.000152419
0.00012672
9.63535e-05
1.4794e-35
6.13165e-05
4.20443e-05
0.000173448
0.00016352
0.000182209
0.000201497
0.000196234
0.000112121
0.000210302
0.000210278
0.000163533
0.000126728
0.00014016
0.000182237
0.000196271
0.000205626
0.000208514
7.94248e-05
1.47956e-35
4.20491e-05
0.000140157
0.000140161
0.000112124
1.47949e-35
7.94216e-05
4.20474e-05
0.000163522
0.000182212
0.000205586
0.000196233
0.00011213
0.000210283
0.000210856
0.000163534
0.000140167
0.000182233
0.000196258
0.000205609
0.000210263
0.000189807
7.94283e-05
4.20511e-05
1.47962e-35
0.000163524
0.000112128
0.000140163
7.94246e-05
1.47953e-35
4.2049e-05
0.000182214
0.000173454
0.000205582
0.000201491
0.000140169
0.000112134
0.000205598
0.000210266
0.000163534
0.000182229
0.00019625
0.000210258
0.000196233
0.000112136
7.94303e-05
4.2052e-05
1.47964e-35
0.000152429
0.000112131
0.000126732
7.94265e-05
1.47956e-35
4.205e-05
0.000163527
0.000189808
0.000182216
0.00020558
0.000140171
0.000163534
0.000140171
0.000205591
0.00021026
0.000182226
0.000196245
0.000210255
0.000210256
0.00020149
0.000126738
0.000112137
7.9431e-05
4.20522e-05
1.47964e-35
0.000140166
0.000112133
1.47958e-35
7.9428e-05
4.20505e-05
0.000163528
0.000182217
0.000196234
0.000196234
0.000208501
0.000140171
0.000152436
0.000163534
0.000182224
0.000205586
0.000196242
0.000210692
0.000210255
0.000205584
0.000205579
0.000126738
1.47963e-35
0.000112137
7.9431e-05
4.20521e-05
0.000140167
0.000112134
1.47958e-35
7.94287e-05
4.20508e-05
0.000140168
0.000163529
0.000182218
0.000193168
0.000205579
0.000201491
0.000210253
0.000152436
0.000163533
0.000182222
0.000196239
0.000210254
0.000205582
0.000210252
0.000140171
0.000112137
1.47961e-35
7.94307e-05
4.20518e-05
0.000112135
0.000140168
7.94291e-05
1.47958e-35
4.2051e-05
0.000163529
0.000182218
0.000196235
0.0002085
0.00020558
0.000210253
0.000182221
0.000163532
0.000196238
0.000205581
0.000196237
0.000163532
0.00014017
0.000210836
0.000112137
7.94303e-05
1.47959e-35
4.20515e-05
0.00016353
1.47958e-35
0.000112135
0.000126736
0.000140169
7.94293e-05
4.2051e-05
0.000182219
0.000196235
0.00020558
0.000210252
0.000210252
0.000208501
0.00018222
0.000201493
0.000189812
0.000163531
0.00014017
0.000210252
1.47958e-35
0.000140169
0.000112136
7.94299e-05
4.20512e-05
0.00016353
0.000182219
1.47958e-35
4.2051e-05
0.000112135
0.000140169
7.94294e-05
0.000196236
0.00020558
0.000210252
0.000210252
0.000210252
0.000205581
0.00018222
0.000196236
0.000163531
0.00020558
1.47957e-35
0.000152434
0.000126736
0.000112136
4.2051e-05
7.94295e-05
0.000152434
0.000173459
0.000189811
1.47958e-35
4.2051e-05
7.94294e-05
0.000126736
0.000112135
0.000140169
0.000201492
0.0002085
0.00021069
0.000210252
0.00020558
0.000196236
0.000182219
0.00016353
0.000201492
0.000196236
1.47956e-35
0.000140169
0.000112135
7.94292e-05
4.20508e-05
0.000140169
0.00016353
0.000196236
0.000182219
1.47957e-35
4.20509e-05
7.94294e-05
0.000112135
0.000126736
0.000152434
0.00020558
0.000210252
0.000210252
0.00020558
0.000196236
0.000182219
0.00016353
0.00016353
0.000189811
1.47956e-35
0.000112135
7.9429e-05
4.20507e-05
0.000152433
0.000140169
0.000201492
0.000173459
0.000189812
0.00016353
1.47957e-35
4.20509e-05
7.94293e-05
0.000112135
0.000140169
0.000140169
0.0002085
0.000210837
0.00020558
1.47956e-35
0.000201492
0.000173458
0.000196236
0.000182219
0.00016353
4.20506e-05
0.000112135
0.000140168
7.94289e-05
0.000126736
0.00020558
0.000201492
0.000196236
0.000182219
0.00016353
1.47957e-35
4.20508e-05
0.000152434
0.000126736
7.94293e-05
0.000112135
0.000210253
0.000210253
0.00020558
1.47955e-35
4.20505e-05
0.000196236
0.000182219
0.000173458
0.000152433
0.000126736
7.94288e-05
0.000112135
0.000210253
0.000205581
0.000196236
0.000182219
0.00016353
1.47957e-35
4.20508e-05
0.000140169
0.000112135
7.94292e-05
0.000210253
0.00020558
0.000210253
0.000210837
1.47955e-35
4.20505e-05
0.000196236
0.000182219
0.000140168
0.00016353
0.000112135
7.94287e-05
0.000205581
0.000205581
0.000196236
0.000182219
0.00016353
0.000140169
0.000140169
1.47956e-35
4.20508e-05
0.000112135
7.94292e-05
0.000208501
0.000201492
0.000210253
0.000210253
1.47955e-35
4.20505e-05
0.000189811
0.00016353
0.000177985
0.000112135
0.000140168
7.94287e-05
0.000201492
0.000205581
0.00016353
0.000196236
0.000182219
0.000152434
0.000126736
0.000112135
1.47956e-35
4.20507e-05
7.94291e-05
1.47955e-35
0.00020558
0.000196236
0.000210253
0.000210253
4.20505e-05
0.000182219
0.00016353
0.000112135
0.000140168
7.94287e-05
0.000203683
0.000208501
0.00016353
0.000196236
0.000182219
0.000140169
0.000140169
0.000112135
7.94291e-05
1.47956e-35
4.20507e-05
1.47955e-35
0.00020558
0.000196236
0.000210253
4.20505e-05
0.000182219
0.00016353
0.000112135
0.000140168
7.94287e-05
0.000196236
0.000210253
0.000205581
0.00016353
0.000182219
0.000189812
0.00016353
0.000140169
0.000112135
7.9429e-05
4.20507e-05
1.47956e-35
1.47955e-35
0.000210253
0.00020558
0.000196236
0.00020558
4.20505e-05
7.94287e-05
0.000140168
0.00016353
0.000182219
0.000112135
0.000196236
0.000210837
0.000208501
0.000203683
0.000182219
0.000173459
0.000152433
0.000126736
0.000112135
0.000140169
7.9429e-05
4.20507e-05
1.47956e-35
1.47955e-35
0.000208501
0.000182219
0.000203682
0.000196236
4.20505e-05
7.94287e-05
0.000140168
0.00016353
0.000112135
0.000210253
0.000196236
0.000210253
0.000205581
0.00019317
0.000182219
0.00016353
0.000112135
0.000140169
7.9429e-05
4.20506e-05
1.47956e-35
1.47955e-35
0.000208501
0.000182219
0.00016353
0.00020558
0.000196236
4.20505e-05
7.94287e-05
0.000140168
0.000112135
0.000210837
0.000201492
0.000208501
0.000196236
0.000182219
0.00016353
0.000112135
0.000126736
0.000140169
7.9429e-05
1.47956e-35
4.20506e-05
1.47955e-35
0.000210253
0.00020558
0.000182219
0.00016353
0.000196236
4.20505e-05
7.94287e-05
0.000112135
0.000140168
0.000140168
0.000210253
0.000205581
0.000210253
0.000196236
0.000182219
0.00016353
0.000152433
1.47956e-35
0.000126736
0.000112135
7.94289e-05
4.20506e-05
1.47956e-35
0.000210253
0.00020558
0.000196236
0.00016353
0.000182219
0.000196236
4.20505e-05
7.94288e-05
0.000152433
0.000126736
0.000112135
0.000205581
0.000210837
0.000208501
0.000196236
0.000182219
0.00016353
0.000140169
1.47956e-35
0.000112135
7.94289e-05
4.20506e-05
1.47956e-35
0.000208501
0.000201492
0.00016353
0.000182219
0.00019317
0.00016353
4.20505e-05
7.94288e-05
0.000140168
0.000140168
0.000112135
0.000205581
0.000210253
0.000210253
0.000201492
0.000182219
0.000140169
0.00016353
0.000173459
0.000112135
1.47956e-35
7.94289e-05
4.20506e-05
1.47956e-35
0.000210253
0.000205581
0.000173459
0.000196236
0.000182219
0.00016353
0.000152433
4.20505e-05
0.000126736
7.94288e-05
0.000112135
0.000205581
0.000196236
0.000210253
0.000196236
1.47956e-35
0.000182219
0.000140169
0.00016353
0.000112135
4.20506e-05
7.94289e-05
0.000210253
1.47956e-35
0.000210253
0.000205581
0.000196236
0.000201492
0.000182219
0.00016353
0.000140169
0.000140168
4.20505e-05
0.000112135
7.94288e-05
0.000182219
0.00019317
0.000201492
0.000205581
0.000126736
4.20506e-05
1.47956e-35
0.00016353
0.000140169
0.000112135
7.94289e-05
0.000210253
0.000210253
1.47956e-35
0.000205581
0.000189812
0.000196236
0.000173459
0.000152433
0.000126736
0.000112135
4.20505e-05
7.94288e-05
0.00016353
0.000182219
0.000196236
0.000205581
1.47956e-35
4.20506e-05
0.000140169
0.000112135
7.94289e-05
0.000208501
0.000210691
0.000210253
0.000205581
0.000205581
1.47956e-35
0.000196236
0.000182219
0.00016353
0.000140169
0.000112135
7.94288e-05
4.20506e-05
0.00016353
0.000182219
0.000196236
0.000205581
0.000126736
1.47956e-35
4.20506e-05
0.000140169
0.000112135
7.94289e-05
0.000210253
0.000210253
0.000205581
0.000196236
0.000196236
1.47956e-35
0.000182219
0.00016353
0.000140169
7.94288e-05
0.000112135
4.20506e-05
0.00016353
0.000182219
0.000205581
0.000196236
0.000152433
1.47956e-35
4.20506e-05
0.000112135
0.000140169
7.94289e-05
0.000210253
0.000210253
0.000205581
0.000196236
0.000182219
4.20506e-05
1.47956e-35
0.00016353
0.000140169
0.000112135
6.13237e-05
7.94288e-05
0.00016353
0.000173459
0.000189812
0.000208501
0.000201492
0.000140169
0.000140169
1.47956e-35
4.20506e-05
7.94289e-05
0.000112135
0.000210837
0.000208501
0.000201492
0.000189812
0.000182219
1.47956e-35
4.20506e-05
0.00016353
0.000140169
0.000112135
7.94288e-05
0.000196236
0.00016353
0.000182219
0.000210253
0.000205581
0.000201492
0.000210253
0.000126736
0.000152433
0.000112135
1.47956e-35
4.20506e-05
7.94289e-05
0.000210253
0.000205581
0.000196236
0.000182219
0.00016353
0.000177985
4.20506e-05
1.47956e-35
0.000140169
0.000112135
7.94288e-05
1.47956e-35
0.000189812
0.00016353
0.000173459
0.000210691
0.000196236
0.000201492
0.000205581
0.000210253
0.000112135
0.000140169
7.94289e-05
1.47956e-35
4.20506e-05
0.000140169
0.00016353
0.000208501
0.000201492
0.000189812
0.000173459
0.00016353
0.000140169
4.20506e-05
0.000112135
7.94288e-05
1.47956e-35
0.000182219
0.000210253
0.000210253
0.000210253
0.000196236
0.000205581
0.000126736
7.94289e-05
0.000112135
4.20506e-05
1.47956e-35
0.000152433
0.000173459
0.000205581
0.000196236
0.000182219
4.20506e-05
0.00016353
0.000140169
7.94289e-05
0.000112135
1.47956e-35
0.000189812
0.000205581
0.000208501
0.000210837
0.000208501
0.000201492
0.000140169
0.000112135
7.94288e-05
4.20506e-05
1.47956e-35
0.000140169
0.00016353
0.00016353
0.000182219
0.000196236
0.000182219
0.00016353
4.20506e-05
0.000140169
7.94289e-05
0.000140169
0.000112135
1.47956e-35
0.000196236
0.000201492
0.000205581
0.000210253
0.000210253
0.000205581
0.000112135
7.94288e-05
4.20506e-05
1.47956e-35
0.000112135
0.000140169
0.000177985
0.00016353
0.000189812
0.000182219
0.00019317
0.00016353
4.20506e-05
0.000152433
0.000126736
7.94289e-05
0.000112135
1.47956e-35
0.000201492
0.000196236
0.000205581
0.000210253
0.000208501
0.000112135
7.94288e-05
4.20506e-05
1.47956e-35
7.94288e-05
0.000140169
0.000182219
0.00016353
0.000196236
0.000182219
0.00016353
4.20506e-05
0.000140169
0.000112135
7.94289e-05
1.47956e-35
0.000205581
0.000196236
0.000201492
0.000205581
0.000210253
0.000210253
1.47956e-35
0.000140169
0.000112135
1.47956e-35
4.20506e-05
7.94288e-05
0.00016353
0.000182219
0.000196236
0.000182219
0.000140169
0.00016353
0.000182219
4.20506e-05
0.000112135
7.94289e-05
4.20506e-05
0.000140169
0.000205581
0.000196236
0.000201492
0.000208501
0.000210253
4.20506e-05
1.47956e-35
0.000152433
0.000126736
9.63659e-05
1.47956e-35
4.20506e-05
6.13237e-05
0.000173459
0.000196236
0.000205581
0.000189812
0.00016353
0.00016353
0.000182219
7.94289e-05
0.000112135
7.94289e-05
0.000152433
0.000126736
0.000210253
0.000196236
0.000205581
0.000210253
7.94289e-05
4.20506e-05
1.47956e-35
6.13238e-05
0.000140169
0.000140169
0.000112135
7.94288e-05
1.47956e-35
4.20506e-05
0.000182219
0.000208501
0.000201492
0.000196236
0.00016353
0.000182219
0.00016353
0.000112135
0.000140169
0.000112135
0.000210837
0.000196236
0.000205581
0.000209523
1.47956e-35
0.000112135
7.94289e-05
4.20506e-05
0.000112135
0.000140169
7.94288e-05
4.20506e-05
1.47956e-35
0.000182219
0.000210253
0.000205581
0.000196236
0.00016353
0.000196236
0.000182219
0.00016353
0.000140169
0.000140169
0.000126736
0.000210253
0.000205581
1.47956e-35
0.000112135
7.94289e-05
4.20506e-05
0.00016353
0.000112135
0.000126736
0.000140169
7.94288e-05
4.20506e-05
1.47956e-35
0.000210253
0.000182219
0.000210253
0.000205581
0.000196236
0.000182219
0.000196236
0.000182219
0.00016353
0.000152433
0.000140169
0.000201492
0.000205581
0.000140169
4.20506e-05
1.47956e-35
0.000112135
7.94289e-05
0.000182219
0.00016353
0.000140169
0.000112135
7.94288e-05
4.20506e-05
1.47956e-35
0.000210253
0.000210253
0.000196236
0.000205581
0.000196236
0.000189812
0.000173459
0.00016353
0.00016353
0.000196236
0.000205581
0.000152433
0.000126736
1.47956e-35
7.94289e-05
4.20506e-05
0.000112135
0.000152433
0.000189812
0.000173459
0.000126736
0.000112135
7.94288e-05
4.20506e-05
1.47956e-35
0.000205581
0.000210253
0.000210253
0.000205581
0.000201492
0.000196236
0.000182219
0.000173459
0.000196236
0.000201492
0.00016353
0.000140169
0.000152433
1.47956e-35
0.000112135
4.20506e-05
7.94289e-05
0.00016353
0.000140169
0.000182219
0.000189812
0.000112135
4.20506e-05
7.94288e-05
0.000140169
1.47956e-35
0.000205581
0.000210253
0.000210253
0.000205581
0.000201492
0.000182219
0.000196236
0.000173459
0.000196236
0.000140169
0.00016353
1.47956e-35
4.20506e-05
0.000112135
7.94289e-05
0.00016353
0.000196236
0.000182219
0.000152433
4.20506e-05
0.000112135
7.94288e-05
0.000126736
1.47956e-35
0.000201492
0.000201492
0.000205581
0.000210253
0.000210253
0.000210253
0.000205581
0.000196236
0.000182219
0.000189812
0.00016353
0.000140169
0.000140169
1.47956e-35
4.20506e-05
7.94289e-05
0.000126736
0.000112135
0.00016353
0.000189812
0.000177985
0.000196236
0.000140169
4.20506e-05
7.94288e-05
0.000112135
1.47956e-35
0.000205581
0.000205581
0.000210253
0.000210253
0.000196236
0.000182219
0.00016353
0.000152433
0.000140169
1.47956e-35
4.20506e-05
7.94289e-05
0.000112135
0.000126736
0.00016353
0.000182219
0.000196236
0.00016353
4.20506e-05
0.000140169
0.000140169
7.94288e-05
0.000112135
1.47956e-35
0.000201492
0.000205581
0.000205581
0.000210253
0.000201492
0.000210253
0.000210253
0.000152433
0.000189812
0.000173459
0.00016353
0.000196236
1.47956e-35
0.000140169
0.000140169
4.20506e-05
7.94289e-05
0.000112135
0.000182219
0.000196236
0.000173459
0.000152433
0.00016353
0.000126736
4.20506e-05
0.000112135
7.94289e-05
1.47956e-35
0.000196236
0.000205581
0.000210253
0.000205581
0.000201492
0.000210253
0.00016353
0.000182219
0.000189812
0.00016353
0.000196236
0.000152433
0.000126736
1.47956e-35
0.000112135
4.20506e-05
7.94288e-05
0.000182219
0.00016353
0.000140169
0.000140169
0.000112135
4.20506e-05
7.94289e-05
1.47956e-35
0.000189812
0.000201492
0.000205581
0.000210253
0.000210253
0.000205581
0.000182219
0.00016353
0.000173459
0.000196236
0.000140169
0.000140169
0.000112135
1.47956e-35
7.94288e-05
4.20506e-05
0.000182219
0.00016353
0.000112135
0.000140169
7.94289e-05
4.20506e-05
1.47956e-35
0.000196236
0.000205581
0.000210253
0.000210253
0.000205581
0.00016353
0.000182219
0.000196236
0.00016353
0.000112135
0.000140169
7.94288e-05
1.47956e-35
4.20506e-05
0.000189812
0.000173459
0.000152433
0.000112135
0.000126736
7.94289e-05
1.47956e-35
4.20506e-05
0.000201492
0.000208501
0.000210837
0.000205581
0.000209523
0.000196236
0.000182219
0.000196236
0.000173459
0.000152433
0.000126736
0.000112135
7.94288e-05
1.47956e-35
4.20506e-05
0.000182219
0.00016353
0.000140169
7.94289e-05
0.000112135
1.47956e-35
4.20506e-05
0.000205581
0.000210253
0.000210253
0.000205581
0.000182219
0.000196236
0.000182219
0.000196236
0.000205581
0.00016353
0.000140169
0.000112135
7.94288e-05
1.47956e-35
4.20506e-05
0.000140169
0.00016353
0.000112135
7.94289e-05
1.47956e-35
4.20506e-05
0.000205581
0.000210253
0.000210253
0.000182219
0.000196236
0.000182219
0.000196236
0.000205581
0.000210253
0.00016353
0.000140169
0.000112135
7.94288e-05
1.47956e-35
4.20506e-05
0.000182219
0.00016353
0.000140169
0.000112135
7.94289e-05
1.47956e-35
4.20506e-05
0.000205581
0.000210253
0.000182219
0.000196236
0.000196236
0.000205581
0.000210253
0.000210253
0.00016353
0.000140169
0.000112135
7.94288e-05
4.20505e-05
1.47956e-35
0.000182219
0.00016353
0.00019317
0.000126736
0.00016353
0.000140169
0.000112135
7.94289e-05
1.47956e-35
4.20506e-05
0.000205581
0.000182219
0.000182219
0.000196236
0.000201492
0.000208501
0.000208501
0.000210837
0.000140169
0.000112135
7.94288e-05
4.20505e-05
1.47956e-35
0.000196236
0.00016353
0.000182219
0.00016353
0.00016353
0.000140169
0.000182219
0.000112135
7.94289e-05
1.47956e-35
4.20506e-05
0.000205581
0.000196236
0.000196236
0.000205581
0.000210253
0.000210253
0.000201492
0.000140169
0.00016353
0.000126736
0.000112135
1.47956e-35
7.94288e-05
4.20505e-05
0.000196236
0.000182219
0.000140169
0.00016353
0.000112135
0.000189812
0.000173459
7.94289e-05
4.20506e-05
1.47956e-35
0.000196236
0.000205581
0.00020558
0.000210253
0.000210253
0.00020558
0.00016353
0.000140169
0.000126736
0.000112135
1.47956e-35
4.20505e-05
7.94288e-05
0.000182219
0.000196236
0.00016353
0.000152433
0.000140169
0.000112135
0.000182219
0.00016353
7.94289e-05
4.20506e-05
1.47956e-35
0.000196236
0.000182219
0.00020558
0.000210253
0.00020558
0.000210253
0.000210253
0.000196236
0.000140169
0.000140169
0.000112135
7.94288e-05
1.47956e-35
4.20506e-05
0.000189811
0.000182219
0.00016353
0.000140169
0.000112135
0.000140169
0.00016353
7.9429e-05
1.47956e-35
4.20506e-05
0.00020558
0.000196236
0.000182219
0.00016353
0.000210253
0.000210253
0.00020558
0.000210253
0.000201492
0.000196236
0.000152433
0.000126736
0.000112135
7.94289e-05
4.20506e-05
1.47956e-35
0.000182219
0.00016353
0.000189811
0.000126736
0.000112135
0.000140169
7.9429e-05
1.47956e-35
4.20507e-05
0.000210252
0.00020558
0.000196236
0.00016353
0.000182219
0.000210252
0.00020558
0.000201492
0.000210252
0.00021069
0.000140169
0.000140169
0.000112135
7.94289e-05
1.47956e-35
4.20506e-05
0.00016353
0.000182219
0.000196236
0.000112135
0.000140169
7.94291e-05
1.47956e-35
4.20507e-05
0.000152434
0.0002085
0.000201492
0.000189812
0.000173459
0.000210252
0.000201492
0.00020558
0.000210252
0.000152433
0.000126736
0.000112135
7.9429e-05
4.20507e-05
1.47956e-35
0.000173459
0.000189811
0.000196235
0.00016353
0.000112135
0.000140169
0.000126736
1.47957e-35
7.94293e-05
4.20508e-05
0.00016353
0.00020558
0.000196236
0.000182219
0.0002085
0.000210836
0.00020558
0.000201491
0.000140169
0.000112135
7.94292e-05
1.47956e-35
4.20508e-05
0.000140169
0.000182219
0.000189811
0.00016353
0.000152434
0.000126737
0.000112136
4.20509e-05
1.47957e-35
7.94295e-05
0.000173459
0.000201492
0.000189811
0.000205579
0.000210251
0.000210251
1.47957e-35
0.000205579
0.000196235
0.000112136
7.94295e-05
4.20509e-05
0.000140169
0.00016353
0.000182219
0.000163531
0.00014017
0.000112136
1.47958e-35
7.94299e-05
4.20511e-05
0.000182219
0.000163531
0.000196235
0.000203681
1.47958e-35
0.000208499
0.000210834
0.000208498
4.20512e-05
0.000201491
0.000189811
0.000112136
7.94299e-05
0.000126737
0.000152434
0.000173459
0.00014017
0.000112137
7.94304e-05
1.47959e-35
4.20515e-05
0.00014017
0.000182219
0.000163531
0.000196235
0.000189811
0.000205578
1.47959e-35
4.20516e-05
0.00021025
0.00021025
0.000205578
7.94306e-05
0.000196234
0.000182219
0.000112137
0.00014017
0.000163531
0.000112137
7.9431e-05
4.20519e-05
1.47961e-35
0.000140171
0.000163531
0.000182219
0.000205577
0.000196234
1.47962e-35
4.20522e-05
7.94315e-05
0.000210248
0.000210248
0.000205577
0.000112138
0.000196233
0.000182218
0.000126739
0.000140171
0.000163531
0.000112138
7.94318e-05
4.20524e-05
1.47963e-35
0.000126739
0.000152435
0.000173459
0.00018981
0.000205575
0.000196233
1.47965e-35
4.2053e-05
7.94327e-05
0.000210247
0.000210247
0.000205575
0.000208493
0.000112139
0.000196233
0.000182218
0.000140172
0.000163531
0.000112139
7.94332e-05
4.20533e-05
1.47967e-35
0.000140172
0.000163531
0.000140173
0.000182218
0.000201487
0.000189809
0.000205572
1.4797e-35
4.20543e-05
7.94346e-05
0.000210829
0.000208493
0.000201487
0.000210243
0.000112141
0.000182218
0.000193166
0.000140173
0.000163532
0.000112141
7.94347e-05
4.20544e-05
1.47971e-35
0.000126742
0.000163532
0.000152437
0.000208489
0.000182217
0.000196231
0.000203673
4.20559e-05
1.47977e-35
0.000112143
7.94369e-05
0.000205572
0.000210243
0.00019623
0.000210825
0.000210238
0.000196229
0.000140174
0.000182217
0.000163532
0.000140176
1.8468e-36
3.44376e-36
1.84702e-36
0.000112143
7.94371e-05
4.20561e-05
1.47978e-35
0.000140174
0.000163532
0.000140175
0.000205568
0.000182216
0.000196229
0.000196227
1.47987e-35
1.47999e-35
0.000112145
4.2058e-05
7.94398e-05
0.000140177
0.000210236
0.00020557
0.000210239
0.000201482
0.000189806
0.000163532
0.000173458
0.000163532
0.000152439
3.19392e-36
4.58881e-06
3.44419e-36
0.000112145
7.94396e-05
4.2058e-05
1.47988e-35
0.000163532
0.000126745
0.000152438
0.000205566
0.000182215
0.000196225
1.48015e-35
4.20606e-05
4.20639e-05
0.000112148
7.94429e-05
0.000126748
0.000140178
0.000210234
0.000210234
0.000205567
0.000196226
0.000173457
0.000182215
0.000163532
0.000205565
3.19392e-36
4.58881e-06
3.19435e-36
0.000112148
7.9443e-05
1.48e-35
4.20607e-05
0.000163531
0.000140176
0.000140177
0.000205564
0.000196223
0.000182213
1.48034e-35
7.94471e-05
4.20675e-05
0.000112151
0.000152438
0.000126749
0.000210233
0.000210234
0.000196225
0.000201477
0.000182213
0.000173455
0.000205563
3.19392e-36
3.19435e-36
4.58881e-06
3.19435e-36
0.000112149
7.94459e-05
1.48014e-35
4.20635e-05
0.000126747
0.000152436
0.00016353
0.000205562
0.000196221
0.00018221
1.48053e-35
7.94506e-05
4.20704e-05
0.000112152
0.000208483
0.000163529
0.000140177
0.000210237
0.000196223
0.00018221
0.000205565
3.19392e-36
4.58881e-06
3.19435e-36
0.00011215
1.48032e-35
7.94489e-05
4.20667e-05
0.000140175
0.000163526
0.000177975
0.000201475
0.000189797
1.48074e-35
4.20718e-05
7.94517e-05
7.94488e-05
0.00011215
0.000205566
0.00021024
0.000210249
0.000163525
0.000140173
0.000205575
0.000196222
0.000182208
0.00020148
3.19392e-36
4.58881e-06
3.19435e-36
0.000112147
1.48052e-35
7.94494e-05
4.20693e-05
0.000140169
0.000163521
0.000182204
0.00019622
1.48082e-35
4.2069e-05
7.94367e-05
0.000112142
0.000112122
0.000140163
0.000205579
0.000210258
0.000208513
0.000163517
0.000182206
0.000201495
0.000196226
3.19392e-36
4.58881e-06
3.19435e-36
0.000112137
7.9445e-05
1.48065e-35
4.20699e-05
0.000140156
0.00016351
0.0001822
0.000140132
0.000196228
0.000205607
1.48069e-35
4.20584e-05
7.94086e-05
0.000112081
0.000140141
0.0001401
0.000126632
0.000163501
0.000210295
0.000210296
0.000205611
0.000182204
0.000196244
3.19392e-36
4.58881e-06
3.19435e-36
1.48073e-35
0.000112115
7.94315e-05
4.20665e-05
0.000163492
0.000182197
0.000140099
0.000163472
0.000196253
0.000208578
0.000203732
1.48009e-35
4.203e-05
7.93422e-05
0.000111989
0.000163476
0.000152336
0.000140009
0.000182205
0.000210367
0.000205667
0.000196274
3.19392e-36
4.58881e-06
3.19435e-36
1.48054e-35
4.20551e-05
0.000126631
0.000112079
7.94048e-05
0.000182194
0.000140013
0.000152334
0.000173402
0.000196281
0.000210415
0.00020163
0.000205696
1.47864e-35
4.19795e-05
7.92451e-05
0.000111872
0.00017341
0.000163419
0.000139909
0.000189841
0.00020868
0.000201606
0.000126351
3.19392e-36
4.58881e-06
3.19435e-36
1.47997e-35
4.20269e-05
7.93407e-05
0.000111991
0.000126509
0.000182194
0.000152236
0.000163417
0.000196373
0.000210587
0.000210579
0.000205847
1.4757e-35
4.1883e-05
7.90351e-05
0.000111605
0.000152126
0.000182212
0.000163367
0.000196361
0.000205829
0.00020177
0.000139664
3.19392e-36
4.58881e-06
3.19435e-36
1.47837e-35
4.19677e-05
7.9215e-05
0.000210866
0.000111825
0.000139854
0.000139688
0.000182203
0.000163322
0.000163237
0.000201981
0.000196466
0.000210845
0.000206031
4.17125e-05
1.46966e-35
7.87527e-05
0.00011129
0.000163231
0.000182229
0.000196526
0.000206085
0.000139412
0.000125619
3.19392e-36
4.58881e-06
3.19435e-36
1.47531e-35
4.1872e-05
7.90418e-05
0.000206388
0.00021128
0.000111625
0.000126036
0.000151893
0.000182226
0.00017327
0.000206444
0.000196733
0.000211304
1.46029e-35
4.1428e-05
7.81861e-05
0.000110611
0.000163111
0.000202388
0.000182264
0.000196684
0.000151619
0.000138823
3.19392e-36
4.58881e-06
3.19435e-36
1.4697e-35
7.86851e-05
4.16874e-05
0.000207043
0.000212004
0.000111185
0.000139294
0.000163024
0.000196984
0.000182299
0.000202913
0.000211954
0.000206918
1.44459e-35
4.09661e-05
7.74638e-05
0.000109847
0.000173238
0.000197123
0.00019017
0.000197524
0.000162818
0.000138246
0.000123904
3.19392e-36
3.19435e-36
4.58881e-06
3.19393e-36
3.19432e-36
1.45923e-35
7.82209e-05
4.1409e-05
0.000203819
0.000207776
0.000213
0.000110682
0.000138902
0.000162843
0.000173119
0.000190405
0.000197666
0.000207921
0.000213059
1.4173e-35
4.01849e-05
7.60896e-05
0.000108281
0.000182455
0.00019087
0.000150503
0.000162571
0.000136962
3.19381e-36
4.5888e-06
3.19449e-36
1.44303e-35
4.09742e-05
0.000109959
7.75239e-05
0.000198579
0.000209294
0.000214654
0.000138361
0.000162417
0.000182622
0.000198276
0.000209022
0.000214546
1.37243e-35
3.90878e-05
7.4413e-05
0.000106607
0.000182775
0.000162005
0.000191866
0.000135769
0.000161565
0.000124032
3.1941e-36
4.58887e-06
3.19408e-36
1.30825e-35
1.41544e-35
4.01995e-05
7.62007e-05
0.000108477
0.000205727
0.000214192
0.000216812
0.0002162
0.000137162
0.000162072
0.000182897
0.000199202
0.000210433
3.74782e-05
7.20342e-05
0.000104318
0.000134213
0.000200526
0.000183381
0.000161043
3.19351e-36
3.19045e-36
4.58921e-06
1.20642e-35
3.11674e-05
1.05794e-35
1.37433e-35
3.9059e-05
7.43427e-05
0.000106523
0.000212352
0.000218388
0.000218381
0.000212333
0.000135688
0.000161495
0.000183328
0.000200489
6.10907e-05
4.55779e-05
0.00010957
8.79133e-05
0.000137497
0.000202751
0.000184193
0.000179488
0.00015964
3.19393e-36
3.61149e-36
4.58544e-06
3.14715e-36
2.3462e-05
8.31578e-36
1.30342e-35
7.16119e-05
3.73062e-05
0.000103719
0.000133637
8.38784e-05
0.000215655
0.000222266
0.000222258
0.000215623
0.000160748
0.000184109
0.000202697
5.83299e-05
0.000114256
8.55679e-05
0.000140769
0.000219312
0.000206107
0.00019199
0.000173958
4.90194e-36
3.00038e-36
4.53809e-06
2.97364e-05
5.4319e-36
1.43002e-05
3.05091e-05
1.20508e-35
5.00036e-05
0.000113234
0.000141681
7.9062e-05
0.000227264
0.000228543
0.000222441
0.000208699
0.000165063
0.000188854
5.92461e-05
0.000114531
8.63204e-05
0.000167289
0.000137702
0.000224138
0.000210854
0.000193315
6.97609e-36
2.79298e-36
4.39927e-06
3.2401e-05
1.99734e-36
1.33333e-05
2.33715e-05
1.05182e-35
4.96572e-05
0.000140125
0.000109606
9.2285e-05
0.000233892
0.000236967
0.000230378
0.000221095
0.000200793
0.000170246
6.56859e-05
0.000102838
0.000163028
0.000128764
0.000230138
0.000217329
0.000193254
1.06472e-35
2.28839e-36
4.10791e-06
3.18753e-05
9.6143e-37
-9.96698e-37
-6.93344e-37
1.05929e-05
2.22884e-05
8.29553e-36
4.16402e-05
7.35538e-05
0.000143887
0.000121174
9.52724e-05
0.000243475
0.000249328
0.000226474
0.000237483
0.000211422
0.000190494
0.000176938
5.84552e-05
9.02292e-05
0.000131488
0.000158049
0.000237549
0.000220783
0.000193353
1.64042e-35
3.63596e-06
2.85328e-05
9.71748e-07
1.37482e-07
3.31561e-06
7.05242e-06
5.3667e-36
1.97833e-05
5.53285e-05
0.000148569
9.00146e-05
0.000118964
0.000252105
0.000248236
0.000260135
0.000223559
0.000202195
0.000173797
5.25944e-05
0.000101111
0.000152312
0.000240453
0.000224753
0.000228925
0.00019354
1.72709e-36
3.15007e-35
2.13356e-05
6.3392e-06
4.39504e-05
1.58522e-05
3.69085e-05
5.8477e-05
0.000155035
0.000105825
0.000262266
0.000237553
0.000260732
0.000271604
0.000218121
0.000190487
0.000105411
0.000155599
0.000254899
0.000240635
0.000193433
3.51073e-06
-7.26102e-37
7.85243e-35
7.02841e-05
1.72149e-05
3.87177e-05
8.82975e-05
0.00016395
0.000129488
0.000272813
0.000253071
0.00027401
0.000283434
0.000210899
0.00023645
0.000136236
0.00019147
0.000264337
0.000235395
1.54679e-06
-7.80197e-37
7.18689e-35
0.000100958
1.53454e-05
7.67413e-05
0.000129352
0.000175566
0.000282735
0.000294868
0.000271954
0.000287745
0.000290732
0.000223068
0.000264681
0.000170696
0.000224228
0.000263938
0.000283937
4.98083e-06
9.29817e-07
9.86382e-37
5.62223e-35
0.000120383
8.05778e-35
7.08244e-05
0.000136431
0.000191454
0.000305086
0.000301101
0.000290145
0.000306718
0.000235411
0.00026828
0.000204919
0.000264424
0.000302856
3.57225e-06
3.19494e-35
2.94854e-06
2.32581e-36
4.91942e-35
0.000120217
7.13291e-35
9.67679e-05
0.000165619
0.000219563
0.000289588
0.00031263
0.000306892
0.000321769
0.000260613
0.00033132
0.000311595
0.000208759
0.000271364
0.000241603
1.61426e-35
3.98189e-06
2.78631e-36
4.31824e-35
0.000197154
0.000111204
5.61351e-35
0.000118069
0.000202871
0.000302833
0.000321758
0.000263969
0.000331313
0.000338024
0.000327089
0.000300102
0.000261085
1.06836e-35
4.29983e-06
3.00151e-36
0.000198122
4.19529e-35
0.000111231
4.91102e-35
0.000120137
0.000208689
0.000311568
0.000271318
0.000263147
0.00033402
0.000342101
0.000332671
0.000336082
0.000308006
6.97627e-36
4.49506e-06
3.14578e-36
0.000210144
0.000118063
4.17489e-35
4.31597e-35
0.000260641
0.000110435
0.000196246
0.000323802
0.000305711
0.000262611
0.000277712
0.00034546
0.00033672
0.000343912
0.000322003
4.89736e-36
4.58027e-06
3.19042e-36
0.0002092
0.000116643
4.12997e-35
4.18741e-35
0.000197285
0.000110597
0.000263265
0.000309554
0.000277787
0.000277726
0.000346491
0.000331196
0.00034549
0.000323028
3.61355e-36
3.18891e-36
4.58693e-06
3.1926e-36
0.00024598
0.000115979
0.000208624
4.09852e-35
0.000109543
0.00020934
4.18055e-35
0.000196938
0.000277645
0.000277786
0.00032303
0.000323462
0.000323684
0.00034549
0.000346188
3.19236e-36
4.58617e-06
3.19242e-36
0.000208314
0.000115737
4.09027e-35
0.000208219
0.000277615
0.000246284
4.12438e-35
0.000165583
0.00011671
0.000323786
0.000303465
0.000337614
0.000346588
0.000346552
0.000277716
3.19252e-36
4.58622e-06
3.19212e-36
0.000338257
0.000115648
4.08848e-35
0.000208178
0.000277597
0.000323855
0.000208574
4.10174e-35
0.00011597
0.000346838
0.000323632
0.000346855
0.000338111
0.000277669
0.000208356
3.19257e-36
4.58626e-06
3.19213e-36
0.000346964
0.000115624
4.08792e-35
0.000164782
0.000245773
0.000303625
0.000338326
0.000115746
4.09151e-35
0.000346958
0.000323812
0.000277631
0.000208243
0.000303623
3.19256e-36
4.58624e-06
3.19213e-36
0.000349887
0.000343376
0.000115622
4.0883e-35
0.000208168
0.000277594
0.000347011
0.000323877
0.000115663
4.08891e-35
0.000323859
0.000164812
0.000245802
0.000277593
3.19256e-36
4.58624e-06
3.19213e-36
0.000347004
0.00032386
4.08865e-35
0.000115633
0.000208185
0.000277612
0.000347011
0.000323887
4.08915e-35
4.08847e-35
0.00011563
0.000277576
0.000208178
3.19256e-36
3.19213e-36
4.58624e-06
0.000346994
0.000323845
0.00027765
0.000208232
0.000115659
0.000314503
0.000349872
0.000338336
4.09081e-35
4.08853e-35
0.000277561
0.000115622
0.000208156
0.000208145
3.19256e-36
3.19213e-36
4.58624e-06
0.000303582
0.000338289
0.000277699
0.000245995
0.000208309
0.000115728
0.000323892
0.000346917
0.00034695
4.09574e-35
0.000115863
4.08835e-35
0.000245739
0.000115616
0.000164766
3.19256e-36
3.19213e-36
4.58624e-06
0.000277543
0.000323793
0.000338173
0.000303719
0.000277847
0.000208543
0.000208878
0.000338251
0.000349709
4.10694e-35
0.000116144
0.000165853
4.13338e-35
4.18916e-35
4.29325e-35
4.08795e-35
0.000208144
0.000115613
0.000208166
3.19256e-36
3.19213e-36
4.58624e-06
0.000277537
0.000323663
0.000346603
0.000323834
0.000246708
0.000277998
0.00033793
0.000346689
0.000116858
0.000209815
0.000118105
4.55819e-35
9.97539e-05
4.08781e-35
0.000115625
0.000245776
0.000164826
3.19256e-36
3.19213e-36
4.58624e-06
0.000277541
0.000346226
0.000323508
0.000323542
0.000278417
0.000336939
0.000345822
5.02157e-35
6.40309e-35
0.000278796
0.000211054
0.000181387
9.21578e-05
0.000149366
4.08949e-35
0.000115702
0.000208284
3.19256e-36
3.19213e-36
4.58624e-06
0.00034556
0.000277573
0.000208512
0.000322941
0.000322698
0.000344215
-3.74148e-35
8.43783e-35
0.000161181
0.000166125
0.000313955
0.00025742
0.00023455
0.000211016
0.000115899
4.09702e-35
0.000208969
3.19256e-36
3.19213e-36
4.58624e-06
0.000344139
0.000277638
0.000322287
0.000336766
0.000344235
0.000326074
0.000166412
0.000220995
0.00022158
0.000231089
0.000304235
0.00032756
0.000274579
0.000256608
0.000116353
4.11673e-35
0.000246668
0.000166294
3.19256e-36
3.19213e-36
4.58624e-06
0.000333854
0.000277851
0.000312443
0.000338483
0.000337164
0.000187374
0.000261418
0.000261085
0.000283922
0.000322902
0.000297725
0.000117586
4.16184e-35
0.000210359
3.19256e-36
3.19213e-36
4.58624e-06
0.000318259
0.000169105
0.000231028
0.000278119
0.000327572
0.000324087
0.000203096
0.000293093
0.000314756
0.000286288
0.000307236
9.187e-05
4.26313e-35
3.19256e-36
3.19256e-36
3.19213e-36
4.58624e-06
0.00029887
0.000172257
0.000236267
0.000312144
0.000311009
0.000213578
0.000299534
0.000307639
0.000296926
9.09886e-05
4.49346e-35
3.44227e-36
3.19213e-36
4.58624e-06
0.000276883
0.000171945
0.000233691
0.000296255
0.000291939
0.000218819
0.000312169
9.11711e-05
4.94312e-35
1.84599e-36
1.84577e-36
3.44184e-36
0.000270714
0.000173505
0.000231971
0.000277071
0.000302075
0.000218819
0.000115753
6.17616e-35
0.000255411
0.000201136
0.000285295
0.000213578
0.000124338
8.49239e-35
-3.74148e-35
0.000255351
0.000208412
0.000203096
0.000166412
0.000187374
