0.000218866
0.000218866
0.00014591
0.000189684
0.000170229
-1.15512e-34
8.26826e-05
0.000116728
0.000214002
0.000204275
8.26826e-05
0.000116728
-1.15512e-34
0.000213997
0.000217562
0.000204275
0.000214171
0.000214002
0.000125422
0.000192724
0.000153928
0.000175471
4.37731e-05
1.48485e-35
0.000189684
0.00014591
0.000170229
6.24456e-05
0.000125349
9.53017e-05
0.00020569
0.000193805
0.000209568
4.37731e-05
6.24316e-05
9.00787e-05
1.48116e-35
0.000104754
0.000215917
0.000218081
0.00019677
0.000215437
0.000207971
0.000137849
0.000185078
0.00016139
2.90348e-05
1.51352e-35
0.000173867
0.000137828
0.000151672
0.000183583
6.28804e-05
8.15437e-05
0.000104749
0.000199737
0.000211484
2.89628e-05
7.23926e-05
1.51491e-35
0.00011087
0.000217854
0.000216387
0.000201788
0.000210038
0.000144518
0.000188125
0.000170716
1.51591e-35
3.27131e-05
1.5161e-35
0.000137701
0.000161399
0.000170788
0.000185085
5.64522e-05
0.00012572
9.91624e-05
0.000192009
0.000205639
0.000213261
0.000216632
8.15679e-05
9.91577e-05
5.11169e-05
2.93034e-05
0.000125705
0.00021737
0.000212999
0.000204387
0.000153903
0.000190678
0.00017405
1.51974e-35
2.93129e-05
1.52014e-35
0.000149794
0.000170788
0.000139635
7.71731e-05
0.000104795
0.000179834
0.000197859
0.000217839
0.000208797
0.000214755
0.000104775
3.13708e-05
6.02685e-05
0.000134543
0.000207213
0.00021461
0.000216877
0.000196867
0.000165321
0.000183059
0.000148579
1.52245e-35
6.31201e-05
1.52274e-35
3.13788e-05
0.00016152
0.000134574
0.000165367
8.54068e-05
0.000115605
0.000188708
0.000202938
0.000216929
0.000212081
5.6675e-05
0.000112698
8.1783e-05
0.000129556
0.000200114
0.000209693
0.000213749
0.000217694
0.000186862
0.000168727
0.000151959
1.52406e-35
1.52438e-35
3.0842e-05
5.66868e-05
0.000148615
0.000173134
8.83586e-05
0.000129603
0.000196389
3.19908e-05
0.000207261
0.000217709
0.00021493
6.14498e-05
9.0742e-05
0.000132758
0.000198105
0.000204022
0.000209601
0.000215631
0.000164935
0.000177046
1.52514e-35
1.52544e-35
3.2013e-05
6.1462e-05
0.000161727
0.000180271
0.000108298
0.000149043
0.000145343
0.000192479
3.2967e-05
0.00021083
0.000216898
0.000216948
8.46571e-05
6.47146e-05
0.000111119
0.00014269
0.000193798
0.00020887
0.000160675
0.000176478
1.5258e-35
1.52607e-35
3.05431e-05
5.87798e-05
8.46938e-05
0.000180433
0.000121236
0.000166057
0.000141545
0.000203155
0.000192659
3.37885e-05
0.000212313
0.000215099
0.000217552
0.000216686
6.04865e-05
9.55911e-05
0.000122998
0.000148051
0.000196933
0.00020847
0.000179964
1.52623e-35
1.52648e-35
7.05985e-05
3.05494e-05
0.00010072
0.000180645
0.000126648
0.000160061
0.000192808
0.000209842
0.00020434
3.1477e-05
0.000215259
0.00021537
0.000217595
6.1882e-05
8.95787e-05
0.000106919
0.00013417
0.000210365
0.000156427
0.000183293
0.000195277
1.52651e-35
8.19602e-05
1.5267e-35
4.339e-05
0.000115714
0.000181795
0.000168772
0.000144651
0.00021388
0.00020255
4.33845e-05
0.000217027
0.000217024
0.000144637
8.19511e-05
0.0001157
0.000202537
0.000212189
0.000168755
0.000188056
1.52668e-35
0.00011572
1.52685e-35
8.19663e-05
4.33939e-05
0.000144655
0.000188069
0.000168772
0.000212195
0.000202543
4.33898e-05
8.19593e-05
0.000217015
0.000217013
0.000144643
0.000115711
0.000212183
0.00020253
0.000188056
0.00016876
1.5268e-35
0.000144659
0.000115724
4.33964e-05
1.52693e-35
8.19709e-05
0.000168773
0.000188067
0.000202538
0.000212187
4.3393e-05
8.19648e-05
0.000217005
0.000217007
0.000144649
0.000115717
0.000212179
0.000202528
0.000188056
0.000168763
1.52688e-35
0.000168773
0.000115727
0.000144661
8.19733e-05
1.52698e-35
4.33978e-05
0.000202534
0.000188065
0.000217001
0.000212181
4.33951e-05
8.19685e-05
0.000217
0.000144654
0.000115721
0.000202527
0.000212175
0.000188057
0.000168766
1.52692e-35
0.000168773
0.000115729
0.000144662
8.19745e-05
1.527e-35
4.33985e-05
0.000216998
0.000202531
0.000188063
0.000212176
8.19707e-05
4.33965e-05
0.000216997
0.000115724
0.000144656
0.000202526
0.000212172
0.000168767
0.000188057
1.52695e-35
0.000168773
1.527e-35
0.00011573
0.000144662
8.19752e-05
4.33988e-05
0.000144662
0.000216996
0.00020253
0.000188062
0.000212174
8.19723e-05
4.33973e-05
0.000216995
0.000115726
0.000144658
0.000212171
0.000202526
0.000168769
0.000188058
1.52697e-35
0.000168773
1.527e-35
4.33989e-05
0.00011573
8.19755e-05
0.000130799
0.00015732
0.000216995
0.000202528
0.000188062
0.000212172
8.19734e-05
4.33978e-05
0.000212171
0.000216994
0.000115727
0.000144659
0.000188058
0.000202525
0.000168769
1.52698e-35
4.33982e-05
0.000168773
1.527e-35
4.33989e-05
8.19755e-05
0.00011573
0.000144662
0.000216994
0.000202528
0.000188061
0.000212172
8.1974e-05
0.00021217
0.000216993
0.000115728
0.00014466
0.000202525
0.000188059
0.00016877
1.52698e-35
4.33984e-05
0.000168773
1.527e-35
4.33988e-05
8.19755e-05
0.000144662
0.00011573
0.000216993
0.000188061
0.000202527
0.000212171
0.000115729
8.19745e-05
0.00021217
0.000216992
0.000202526
0.000168771
0.000144661
0.000188059
1.52699e-35
4.33985e-05
0.000168772
1.527e-35
4.33988e-05
8.19754e-05
0.00011573
0.000144662
0.000216993
0.000188061
0.000202527
0.000212171
0.000115729
8.19747e-05
0.00021217
0.000216992
0.000202526
0.000168771
0.000144661
0.000188059
1.52699e-35
8.19748e-05
4.33985e-05
0.000168772
4.33987e-05
1.52699e-35
8.19752e-05
0.00011573
0.000144662
0.00018806
0.000216992
0.00021217
0.000202526
0.000115729
0.000144661
0.000216992
0.00021217
0.000202526
0.000168771
0.00018806
1.52699e-35
8.19749e-05
4.33985e-05
1.52699e-35
0.000168772
4.33986e-05
8.19751e-05
0.00011573
0.000144662
0.00018806
0.000216992
0.000202526
0.00021217
0.000115729
0.000144661
0.000202526
0.000216992
0.00021217
0.000168772
0.00018806
1.52699e-35
4.33986e-05
0.000115729
8.1975e-05
1.52699e-35
4.33986e-05
0.000168772
8.19751e-05
0.000115729
0.000144662
0.00018806
0.000202526
0.000216992
0.00021217
0.000144662
0.000202526
0.000216992
0.00021217
0.000168772
0.00018806
1.52699e-35
4.33986e-05
0.000115729
8.1975e-05
1.52698e-35
8.1975e-05
4.33985e-05
0.000168772
0.000115729
0.000144662
0.00018806
0.00021217
0.000202526
0.000216992
0.000144662
0.000202526
0.00021217
0.000216992
0.000168772
0.00018806
1.52699e-35
4.33986e-05
8.1975e-05
0.000115729
1.52698e-35
4.33985e-05
0.000115729
8.19749e-05
0.000168772
0.000144662
0.00018806
0.00021217
0.000202526
0.000216992
0.000144662
0.000130798
0.000202526
0.00021217
0.000216992
0.000168772
0.00018806
1.52699e-35
4.33986e-05
0.000115729
8.1975e-05
1.52698e-35
1.52698e-35
8.19749e-05
4.33985e-05
0.000144662
0.000115729
0.000168772
0.00018806
0.00021217
0.000202526
0.000216992
0.000144662
0.000202526
0.00021217
0.000216992
0.000168772
0.00018806
1.52699e-35
4.33985e-05
8.1975e-05
0.000115729
1.52698e-35
4.33985e-05
4.33985e-05
8.19749e-05
0.000144662
0.000115729
0.000168772
0.00018806
0.00021217
0.000202526
0.000216992
0.000144662
0.000216992
0.000202526
0.00021217
0.000168772
0.00018806
1.52699e-35
4.33985e-05
8.1975e-05
0.000115729
1.52698e-35
4.33984e-05
8.19749e-05
0.000115729
0.000144662
0.000168772
0.00018806
0.00021217
0.000202526
0.000216992
1.52698e-35
0.000144662
0.00021217
0.000216992
0.000202526
0.000168772
0.00018806
1.52699e-35
4.33985e-05
8.1975e-05
0.000115729
4.33984e-05
8.19749e-05
8.19749e-05
0.000168772
0.000115729
0.000144662
0.00018806
0.00021217
0.000202526
0.000216992
1.52698e-35
4.33984e-05
0.000144662
0.000168772
0.000216992
0.00021217
0.000202526
0.00018806
1.52699e-35
8.1975e-05
4.33985e-05
0.000115729
0.000216992
8.19749e-05
0.000115729
0.000115729
0.000168772
0.000144662
0.000202526
0.00018806
0.00021217
1.52698e-35
4.33985e-05
8.19749e-05
0.000144662
0.00018806
0.000168772
0.000216992
0.00021217
0.000202526
1.52698e-35
4.33985e-05
8.1975e-05
0.000115729
0.000216992
0.000216992
0.000115729
0.000115729
0.000144662
0.000144662
0.000168772
0.00021217
0.00018806
0.000202526
1.52698e-35
4.33985e-05
8.19749e-05
0.000144662
0.000168772
0.00018806
0.00021217
0.000202526
1.52698e-35
4.33985e-05
8.1975e-05
0.000115729
0.000216992
0.000216992
0.000115729
0.000144662
0.000168772
0.000168772
0.00018806
0.00021217
0.000202526
0.000195896
1.52698e-35
4.33985e-05
8.19749e-05
0.000115729
0.000144662
0.00021217
0.000168772
0.00018806
0.000202526
1.52698e-35
4.33985e-05
8.19749e-05
0.000115729
0.00021217
0.000216992
0.000216992
0.000144662
0.000168772
0.00018806
0.000202526
1.52698e-35
4.33985e-05
8.19749e-05
0.000144662
0.000115729
0.000216992
0.000144662
0.00021217
0.000168772
0.000202526
0.00018806
1.52698e-35
4.33985e-05
8.19749e-05
0.000115729
0.000130798
0.00021217
0.000216992
0.000216992
0.000168772
0.00018806
0.000202526
1.52698e-35
8.19749e-05
4.33985e-05
0.000168772
0.000144662
0.000115729
1.52698e-35
0.000216992
0.00021217
0.000144662
0.000168772
0.000202526
0.00018806
4.33985e-05
8.19749e-05
0.000115729
0.000144662
0.000216992
0.000216992
0.00021217
0.00018806
0.000202526
0.00018806
1.52698e-35
8.19749e-05
4.33985e-05
0.00018806
0.000168772
0.000115729
0.000144662
0.000157319
1.52698e-35
0.00021217
0.000202526
0.000168772
0.00018806
4.33985e-05
8.19749e-05
0.000115729
0.000144662
0.000216992
0.000216992
0.00021217
0.000202526
0.000202526
0.000216992
0.00021217
1.52698e-35
4.33985e-05
8.19749e-05
0.000195896
0.000179019
0.000115729
0.000144662
0.000168772
1.52698e-35
4.33985e-05
0.000202526
0.000168772
0.00018806
0.000202526
0.000168772
8.19749e-05
0.000144662
0.000115729
0.000216992
0.00021217
0.000207951
0.000202526
0.000216992
0.00021217
1.52698e-35
4.33985e-05
8.19749e-05
0.00018806
0.000115729
0.000144662
0.000144662
0.000168772
1.52698e-35
4.33985e-05
0.00018806
0.000202526
8.19749e-05
0.000144662
0.000168772
0.000115729
0.000216992
0.00021217
0.000202526
0.000216992
0.00021217
4.33985e-05
1.52698e-35
8.19749e-05
0.00018806
0.000115729
0.000144662
0.000168772
4.33985e-05
1.52698e-35
8.19749e-05
0.00018806
0.000202526
0.000168772
0.000115729
0.000168772
0.000144662
0.000216992
0.00021217
0.000202526
0.000216992
0.00021217
1.52698e-35
1.52698e-35
4.33985e-05
8.19749e-05
0.000115729
0.00018806
0.000144662
0.000168772
4.33985e-05
0.000115729
8.19749e-05
0.00018806
0.000202526
0.000179019
0.00015732
0.000144662
0.000216992
0.000202526
0.00021217
0.000216992
0.00021217
1.52698e-35
0.000130798
1.52698e-35
4.33985e-05
8.19749e-05
9.94548e-05
0.000157319
0.000202526
0.00018806
0.000168772
8.19749e-05
4.33985e-05
0.000115729
0.00018806
0.000202526
0.000168772
0.000144662
0.000216992
0.000216992
0.00021217
0.000202526
0.00021217
1.52698e-35
0.000144662
0.000115729
1.52698e-35
4.33985e-05
8.19749e-05
0.000168772
0.00018806
8.19749e-05
4.33985e-05
0.000144662
0.000115729
0.000144662
0.00018806
0.000202526
0.000168772
0.000168772
0.000202526
0.000216992
0.000216992
0.00021217
0.00021217
1.52698e-35
0.000168772
0.000144662
0.000115729
8.19749e-05
1.52698e-35
4.33985e-05
0.00018806
0.000202526
8.19749e-05
4.33985e-05
0.000115729
0.000130798
0.000157319
0.000202526
0.000179019
0.00018806
0.00021217
0.000216992
0.000216992
0.00021217
1.52698e-35
0.000168772
0.000144662
0.000157319
0.000115729
8.19749e-05
1.52698e-35
4.33985e-05
0.00021217
0.00018806
0.000202526
8.19749e-05
4.33985e-05
0.000115729
0.000144662
0.000168772
0.000202526
0.00018806
0.00021217
0.000216992
0.000216992
1.52698e-35
0.000168772
1.52698e-35
0.000115729
0.000144662
8.19749e-05
4.33985e-05
0.000216992
0.00021217
0.000202526
0.00018806
4.33985e-05
8.19749e-05
0.000115729
0.000144662
0.000168772
0.00018806
0.000202526
0.00021217
0.000216992
1.52698e-35
0.000168772
1.52698e-35
4.33985e-05
0.000115729
0.000144662
8.19749e-05
4.33985e-05
0.000216992
0.000216992
0.00018806
0.00021217
0.000202526
0.000168772
0.000115729
8.19749e-05
0.000144662
0.00018806
0.000202526
0.00021217
1.52698e-35
1.52698e-35
0.000144662
0.000168772
4.33985e-05
8.19749e-05
0.000115729
4.33985e-05
0.000216992
0.000216992
0.000202526
0.00018806
0.00021217
0.000168772
8.19749e-05
0.000144662
0.000115729
0.000202526
0.00018806
0.000179019
0.00021217
1.52698e-35
1.52698e-35
0.000144662
0.000168772
4.33985e-05
8.19749e-05
0.000115729
8.19749e-05
4.33985e-05
0.000216992
0.000216992
0.00018806
0.000202526
0.00021217
0.000144662
0.000168772
0.000115729
0.000130798
0.000202526
0.00018806
0.00021217
1.52698e-35
1.52698e-35
4.33985e-05
0.000168772
0.00018806
0.000144662
8.19749e-05
0.000115729
4.33985e-05
8.19749e-05
0.000216992
0.000216992
0.00021217
0.000202526
0.000168772
0.000144662
0.000115729
0.000202526
0.00018806
0.00021217
1.52698e-35
1.52698e-35
0.00018806
8.19749e-05
4.33985e-05
0.000168772
0.000144662
0.000115729
4.33985e-05
8.19749e-05
0.000115729
0.000216992
0.000216992
0.00021217
0.000202526
0.000168772
0.000144662
0.000202526
0.00018806
0.00021217
1.52698e-35
1.52698e-35
4.33985e-05
0.000202526
0.00018806
8.19749e-05
0.000168772
0.000115729
0.000144662
4.33985e-05
0.000115729
8.19749e-05
0.000216992
0.000216992
0.00021217
0.000168772
0.000144662
0.000202526
0.00018806
0.00021217
1.52698e-35
1.52698e-35
4.33985e-05
8.19749e-05
0.000202526
0.00018806
0.000115729
0.000168772
0.000144662
4.33985e-05
8.19749e-05
0.000115729
0.000144662
0.000216992
0.000216992
0.00021217
0.000168772
0.00018806
0.000202526
0.00021217
1.52698e-35
8.19749e-05
0.000115729
1.52698e-35
4.33985e-05
0.00018806
0.000202526
0.000144662
0.000168772
0.000144662
4.33985e-05
8.19749e-05
0.000115729
0.000144662
0.00021217
0.000168772
0.000216992
0.000216992
0.00018806
0.00021217
0.000202526
1.52698e-35
8.19749e-05
0.000115729
1.52698e-35
4.33985e-05
0.00018806
0.000202526
0.000168772
0.000144662
8.19749e-05
4.33985e-05
0.000144662
0.000115729
0.000216992
0.00021217
0.00018806
0.000168772
0.00021217
0.000216992
0.000202526
1.52698e-35
1.52698e-35
0.000115729
8.19749e-05
4.33985e-05
0.000144662
0.000202526
0.00018806
0.000168772
8.19749e-05
4.33985e-05
0.000144662
0.000115729
0.00021217
0.000216992
0.000216992
0.000168772
0.00018806
0.00021217
0.000202526
1.52698e-35
1.52698e-35
0.000115729
8.19749e-05
4.33985e-05
0.000130798
0.000157319
0.000202526
0.000168772
0.00018806
8.19749e-05
4.33985e-05
0.000144662
0.000115729
0.00021217
0.000216992
0.000216992
0.000168772
0.00018806
0.00021217
0.000202526
1.52698e-35
1.52698e-35
4.33985e-05
0.000115729
8.19749e-05
0.000144662
0.000168772
0.000202526
0.00018806
8.19749e-05
4.33985e-05
0.000144662
0.000115729
0.000144662
0.00021217
0.000216992
0.00021217
0.000216992
0.00018806
0.000168772
0.000202526
1.52698e-35
4.33985e-05
1.52698e-35
4.33985e-05
0.000115729
8.19749e-05
0.000144662
0.00021217
0.00018806
0.000168772
0.000202526
8.19749e-05
0.000115729
0.000130798
0.000157319
0.000168772
0.000216992
0.000216992
0.00021217
0.00018806
0.000202526
1.52698e-35
4.33985e-05
1.52698e-35
4.33985e-05
8.19749e-05
0.000115729
0.000144662
0.000168772
0.00021217
0.00018806
0.000202526
8.19749e-05
0.000115729
0.000144662
0.00018806
0.000168772
0.00021217
0.000216992
0.000216992
0.000202526
1.52698e-35
4.33985e-05
1.52698e-35
8.19749e-05
4.33985e-05
0.000115729
0.000144662
0.000168772
0.000179019
0.00021217
0.000195896
0.000207951
0.000216992
8.19749e-05
0.000115729
0.000144662
0.00018806
0.000168772
0.00021217
0.000216992
0.000202526
1.52698e-35
4.33985e-05
1.52698e-35
4.33985e-05
8.19749e-05
0.000115729
0.000144662
0.000168772
0.00018806
0.00021217
0.000202526
0.000216992
0.000216992
8.19749e-05
0.000115729
0.000144662
0.000168772
0.000202526
0.00018806
0.00021217
1.52698e-35
4.33985e-05
1.52698e-35
4.33985e-05
8.19749e-05
0.000115729
0.000144662
0.000168772
0.000202526
0.00018806
0.00021217
0.000216992
0.000216992
0.00021217
8.19749e-05
0.000115729
0.000144662
0.00018806
0.000168772
0.000202526
1.52698e-35
4.33985e-05
1.52698e-35
4.33985e-05
8.19749e-05
0.000144662
0.000115729
0.000216992
0.000168772
0.00018806
0.000202526
0.00021217
0.000216992
8.19749e-05
0.00021217
0.000168772
0.000115729
0.000144662
0.000202526
0.00018806
1.52698e-35
4.33985e-05
1.52698e-35
4.33985e-05
8.19749e-05
0.000115729
0.000144662
0.000216992
0.000168772
0.00018806
0.000202526
0.00021217
0.000216992
8.19749e-05
0.000115729
0.00021217
0.000202526
0.000168772
0.000144662
0.00018806
1.52698e-35
4.33985e-05
8.19749e-05
1.52698e-35
4.33985e-05
0.000115729
8.19749e-05
0.000168772
0.000144662
0.00021217
0.000216992
0.00018806
0.000202526
0.00021217
0.000216992
0.000144662
0.000115729
0.00018806
0.000202526
0.000168772
1.52698e-35
4.33985e-05
8.19749e-05
1.52698e-35
4.33985e-05
8.19749e-05
0.00018806
0.000144662
0.000115729
0.000168772
0.00021217
0.000216992
0.000202526
0.00021217
0.000216992
0.000202526
0.000144662
0.000115729
0.00018806
0.000202526
0.000168772
1.52698e-35
4.33985e-05
8.19749e-05
0.000115729
1.52698e-35
4.33985e-05
0.000115729
8.19749e-05
0.00018806
0.000144662
0.000168772
0.000216992
0.00021217
0.000216992
0.00021217
0.000202526
0.000144662
0.00018806
0.000202526
0.000168772
0.00021217
1.52698e-35
4.33985e-05
8.19749e-05
0.000115729
0.000157319
1.52698e-35
4.33985e-05
0.000115729
8.19749e-05
0.00018806
0.000144662
0.000168772
0.000216992
0.000216992
0.00021217
0.000202526
0.000202526
0.000144662
0.00018806
0.000168772
0.00021217
1.52698e-35
4.33985e-05
8.19749e-05
0.000115729
1.52698e-35
4.33985e-05
8.19749e-05
0.000115729
0.00018806
0.000144662
0.000168772
0.000216992
0.000216992
0.00021217
0.000202526
0.000202526
0.000168772
0.000130798
0.000144662
0.00018806
0.00021217
1.52698e-35
4.33985e-05
8.19749e-05
0.000115729
1.52698e-35
4.33985e-05
8.19749e-05
0.000144662
0.000115729
0.00018806
0.000168772
0.000202526
0.000216992
0.000216992
0.00021217
0.000202526
0.000168772
0.000144662
0.00018806
0.00021217
1.52698e-35
4.33985e-05
0.000115729
8.19749e-05
1.52698e-35
4.33985e-05
8.19749e-05
0.000144662
0.000115729
0.000168772
0.00018806
0.000202526
0.000216992
0.000216992
0.00021217
0.000202526
0.000144662
0.000168772
0.00018806
0.00021217
1.52698e-35
4.33985e-05
0.000115729
8.19749e-05
0.000144662
1.52698e-35
4.33985e-05
8.19749e-05
0.000115729
0.000144662
0.000202526
0.000168772
0.00018806
0.000216992
0.000216992
0.00021217
0.000202526
0.00018806
0.000168772
0.00021217
1.52698e-35
4.33985e-05
0.000144662
8.19749e-05
0.000115729
1.52698e-35
4.33985e-05
0.000168772
0.000144662
8.19749e-05
0.000115729
0.000202526
0.00018806
0.000216992
0.000216992
0.00021217
0.000202526
0.00018806
0.000168772
0.00021217
1.52698e-35
4.33985e-05
0.000168772
0.000144662
8.19749e-05
0.000115729
8.19749e-05
1.52698e-35
4.33985e-05
0.000168772
0.000144662
0.000115729
0.00018806
0.000202526
0.000216992
0.000216992
0.00021217
0.000202526
0.00018806
0.00021217
1.52698e-35
4.33985e-05
8.19749e-05
0.000168772
0.000144662
0.000115729
0.000115729
8.19749e-05
1.52698e-35
4.33985e-05
0.00018806
0.000168772
0.000144662
0.000202526
0.000216992
0.000216992
0.00021217
0.000202526
0.00018806
0.00021217
1.52698e-35
4.33985e-05
8.19749e-05
0.000168772
0.000144662
0.000115729
0.000144662
0.000115729
8.19749e-05
1.52698e-35
4.33985e-05
0.00018806
0.000168772
0.00021217
0.000202526
0.00021217
0.000216992
0.000216992
0.00018806
0.000202526
1.52698e-35
4.33985e-05
0.000115729
8.19749e-05
0.000168772
0.00018806
0.000144662
0.000157319
0.000130798
0.000115729
8.19749e-05
1.52698e-35
4.33985e-05
0.00018806
0.000168772
0.00021217
0.000202526
0.00021217
0.000216992
0.000216992
0.000202526
1.52698e-35
4.33985e-05
0.000115729
8.19749e-05
0.00018806
0.000144662
0.000168772
0.000144662
0.000144662
1.52698e-35
0.000115729
8.19749e-05
4.33985e-05
0.00018806
0.000168772
0.00021217
0.000202526
0.00021217
0.000216992
0.000216992
0.000202526
1.52698e-35
4.33985e-05
8.19749e-05
0.000115729
0.000144662
0.00018806
0.000168772
0.000144662
1.52698e-35
0.000115729
8.19749e-05
4.33985e-05
0.000202526
0.00018806
0.000168772
0.00021217
0.000216992
0.00021217
0.000216992
0.000202526
1.52698e-35
4.33985e-05
0.000115729
8.19749e-05
0.000144662
0.00018806
0.000168772
0.000130798
0.000157319
1.52698e-35
4.33985e-05
0.000115729
8.19749e-05
0.000202526
0.00018806
0.000168772
0.00021217
0.00021217
0.000216992
0.000216992
0.000202526
1.52698e-35
4.33985e-05
8.19749e-05
0.000115729
0.000144662
0.00018806
0.000168772
0.000144662
0.000144662
1.52698e-35
4.33985e-05
0.000115729
8.19749e-05
0.000202526
0.00018806
0.000168772
0.000216992
0.00021217
0.00021217
0.000216992
0.000202526
1.52698e-35
4.33985e-05
8.19749e-05
0.000144662
0.000115729
0.00018806
0.000168772
1.52698e-35
0.000144662
4.33985e-05
8.19749e-05
0.000115729
0.000202526
0.00018806
0.000168772
0.00021217
0.000216992
0.000216992
0.00021217
0.000202526
1.52698e-35
4.33985e-05
8.19749e-05
0.000115729
0.000144662
0.00018806
0.000168772
1.52698e-35
4.33985e-05
0.000115729
0.000144662
8.19749e-05
0.000202526
0.00018806
0.000168772
0.00021217
0.000216992
0.000216992
0.00021217
0.000202526
1.52698e-35
4.33985e-05
8.19749e-05
0.000115729
0.000144662
0.00018806
0.000168772
1.52698e-35
0.000168772
4.33985e-05
0.000115729
0.000144662
8.19749e-05
0.00021217
0.000202526
0.00018806
0.000216992
0.000216992
0.000202526
0.00021217
1.52698e-35
8.19749e-05
4.33985e-05
0.000115729
0.000144662
0.000202526
0.00018806
0.000168772
0.000144662
1.52698e-35
4.33985e-05
0.000168772
8.19749e-05
0.000115729
0.000216992
0.00021217
0.000202526
0.00018806
0.000216992
0.000207951
0.00021217
1.52698e-35
8.19749e-05
4.33985e-05
0.000115729
0.000144662
0.000195896
0.00018369
0.000168772
0.000202526
0.000157319
0.000130798
0.000216992
0.000216992
4.33985e-05
1.52698e-35
8.19749e-05
0.000168772
0.000115729
0.00021217
0.000202526
0.00018806
1.52698e-35
0.00021217
4.33985e-05
8.19749e-05
0.000115729
0.000144662
0.00018806
0.000168772
0.000157319
0.000202526
0.000144662
0.000216992
0.000216992
4.33985e-05
1.52698e-35
0.000115729
8.19749e-05
0.000168772
0.000144662
0.00021217
0.00018806
0.000202526
1.52698e-35
4.33985e-05
0.00021217
8.19749e-05
0.000115729
0.000144662
0.00018806
0.000168772
0.000202526
0.000216992
0.000216992
4.33985e-05
1.52698e-35
0.000115729
8.19749e-05
0.000168772
0.00018806
0.000144662
0.00021217
0.000202526
1.52698e-35
4.33985e-05
8.19749e-05
0.00021217
0.000115729
0.000144662
0.00018806
0.000168772
0.000202526
0.00021217
0.000216992
0.000216992
4.33985e-05
1.52698e-35
0.000115729
8.19749e-05
0.000168772
0.00018806
0.000144662
0.00021217
0.000202526
1.52698e-35
4.33985e-05
0.000115729
8.19749e-05
0.000216992
0.000144662
0.00018806
0.000168772
0.000202526
0.00021217
0.000216992
1.52698e-35
4.33985e-05
0.000115729
8.19749e-05
0.000168772
0.00018806
0.000144662
0.00021217
0.000202526
0.000216992
1.52698e-35
4.33985e-05
0.000115729
8.19749e-05
0.000216992
0.000144662
0.00018806
0.000168772
0.000202526
0.00021217
1.52698e-35
4.33985e-05
0.000115729
8.1975e-05
0.00018806
0.000168772
0.000144662
0.00021217
0.000202526
0.000216992
1.52698e-35
4.33985e-05
8.19749e-05
0.000115729
0.000144662
0.000216992
0.000168772
0.00018806
0.000202526
0.00021217
0.000216992
1.52698e-35
4.33985e-05
0.000144662
0.000115729
8.1975e-05
0.000202526
0.00018806
0.000168772
0.00021217
4.33985e-05
1.52698e-35
8.19749e-05
0.000115729
0.000144662
0.000216992
0.000168772
0.00018806
0.000202526
0.00021217
0.000216992
4.33985e-05
1.52699e-35
0.000168772
8.1975e-05
0.000144662
0.000115729
0.000202526
0.00018806
0.00021217
4.33985e-05
1.52698e-35
1.52699e-35
8.1975e-05
0.000115729
0.000144662
0.000168772
0.000216992
0.00018806
0.000202526
0.00021217
0.000216992
1.52699e-35
4.33986e-05
0.000168772
0.000144662
8.19751e-05
0.00011573
0.000202526
0.00018806
0.00021217
8.19751e-05
4.33986e-05
1.52699e-35
0.000115729
0.000144662
0.000168772
0.00018806
0.000216992
0.000202526
0.000195896
0.00021217
0.000216992
1.52699e-35
8.19753e-05
4.33987e-05
0.000168772
0.000144662
0.00011573
0.000202526
0.00018806
0.00021217
1.52699e-35
8.19752e-05
4.33986e-05
0.00011573
0.000144662
0.000168772
1.527e-35
0.00018806
0.000216992
0.000202526
0.00021217
0.000216992
1.527e-35
4.33988e-05
8.19755e-05
0.00011573
0.000168772
0.000144662
0.00018806
0.000202526
0.00021217
4.33988e-05
8.19754e-05
0.00011573
0.000144662
0.000168772
4.33989e-05
1.52701e-35
0.00018806
0.000216991
0.000202526
0.000212169
0.000216991
1.527e-35
4.3399e-05
8.19758e-05
0.000144662
0.00011573
0.000168772
0.00018806
0.000202526
0.000212169
8.19757e-05
0.000144662
0.00011573
0.000168772
4.33992e-05
1.52703e-35
0.000216991
0.000202525
0.00018806
0.000212169
1.52701e-35
0.00021699
4.33993e-05
8.19762e-05
0.000115731
0.000144663
0.000168772
0.00018806
0.000202525
0.000212169
8.19762e-05
0.000144663
0.000115731
0.000168772
4.33996e-05
1.52705e-35
0.00021699
0.000202525
0.00018806
0.000212168
1.52703e-35
0.00021699
4.33997e-05
8.19769e-05
0.000115732
0.000144663
0.000168773
0.00018806
0.000212168
0.000202525
8.19769e-05
0.000144663
0.000115731
0.000168773
4.34003e-05
8.19779e-05
1.52709e-35
0.000216989
0.000202525
0.00018806
0.000212167
1.52706e-35
4.34003e-05
0.000216989
8.19779e-05
0.000115732
0.000144664
0.000168773
0.000202524
0.00018806
0.000212167
0.000115732
0.000144664
0.000168773
4.34012e-05
8.19791e-05
0.000115734
1.52714e-35
4.34025e-05
0.000216987
0.000202524
0.000188059
0.000212166
8.19791e-05
1.52709e-35
4.34013e-05
0.000216987
0.000115734
0.000144665
0.000168773
0.000188059
0.000202523
0.000212165
0.000144665
0.000168773
8.19812e-05
0.000115735
1.52721e-35
4.34041e-05
0.000216986
0.000188059
0.000202523
0.000212164
0.000115736
8.19809e-05
1.52714e-35
4.34025e-05
1.5927e-36
1.59289e-36
0.000212163
0.000216985
0.000144666
0.000188058
0.000168773
0.000202521
0.000144666
0.000168774
8.19836e-05
0.000115738
1.52731e-35
4.34062e-05
8.19866e-05
0.000144668
0.000216984
0.000188058
0.000212162
0.000202521
0.000144667
0.000115737
8.19834e-05
1.52721e-35
4.34041e-05
3.92375e-06
2.96993e-36
2.9703e-36
0.000212161
0.000216981
0.000188058
0.000168774
0.000202519
0.000188058
0.000168774
0.00011574
1.52744e-35
4.34091e-05
8.19898e-05
0.000144669
0.00021216
0.000216981
0.00020252
0.000168774
0.000144669
0.00011574
8.19863e-05
1.52731e-35
4.34063e-05
3.95743e-06
2.75447e-36
2.75484e-36
0.000212159
0.000216978
0.000188057
0.000202517
0.000202517
0.000188056
0.000168774
0.000115743
1.5276e-35
4.34122e-05
8.19939e-05
0.00014467
0.000216976
0.000212158
0.000179017
0.000157324
0.000130808
8.19893e-05
0.000115743
1.52744e-35
4.3409e-05
3.95743e-06
2.75447e-36
2.75484e-36
2.75447e-36
0.000212156
0.000216975
0.000202515
0.000188054
0.000202515
0.000168774
0.000188054
0.000115746
1.52779e-35
4.34158e-05
8.19967e-05
0.000144671
0.000216973
0.000212154
0.000216973
0.000168773
0.00014467
0.000168772
8.19928e-05
0.000115745
1.52759e-35
4.34121e-05
3.95743e-06
2.75484e-36
2.75447e-36
2.75484e-36
0.000212153
0.000202512
0.000188052
0.000202513
0.000188052
0.000168772
0.000115747
1.52799e-35
8.19978e-05
4.34187e-05
0.000144669
0.000216972
0.000212152
0.000216972
0.00014467
0.000144669
0.00016877
0.000115746
8.19958e-05
1.52778e-35
4.34152e-05
3.95743e-06
2.75447e-36
2.75484e-36
0.000212152
0.000202511
0.000188049
0.000202511
0.00018805
0.000168769
0.000115744
1.52819e-35
8.19944e-05
4.34198e-05
0.000144663
0.000212154
0.000216973
0.000212159
0.000216975
0.000212155
0.00015732
0.000130809
0.000168764
0.000115743
1.52798e-35
8.1997e-05
4.34182e-05
3.95743e-06
2.75447e-36
2.75484e-36
0.00020251
0.000188046
0.000212162
0.000202512
0.000188048
0.000168763
0.000115733
1.52824e-35
1.52815e-35
8.19816e-05
4.34168e-05
0.00014465
0.000216987
0.000202518
0.00021217
0.000216987
0.000144663
0.000168756
0.000115735
8.19929e-05
1.52815e-35
4.34191e-05
3.95743e-06
2.75447e-36
2.75484e-36
1.5275e-35
0.000202516
0.000188042
0.000212184
0.000188045
0.000168752
0.00016874
0.000115714
4.34063e-05
8.19557e-05
0.00014463
4.33758e-05
0.000202532
0.000217013
0.000212192
0.000217036
0.000144651
0.000144633
0.000168736
0.000115711
8.19815e-05
1.52821e-35
4.34157e-05
3.95743e-06
2.75447e-36
2.75484e-36
1.52581e-35
0.00020253
0.000188038
0.000212218
0.000188042
0.000168712
0.000115671
8.18912e-05
0.000144575
8.1781e-05
4.33227e-05
0.000212229
0.000202563
0.000217069
0.000217108
0.000168707
0.000144582
0.000115666
8.19481e-05
1.52805e-35
4.34036e-05
3.95743e-06
2.75447e-36
2.75484e-36
1.52285e-35
4.32288e-05
0.000202559
0.000188037
0.000212272
0.000188042
0.000168667
0.000144512
0.000115574
0.000115453
0.000115221
8.16137e-05
0.0002172
0.000212294
0.00020262
0.000217239
1.52751e-35
0.000144525
0.000168675
0.000115601
8.18951e-05
4.33759e-05
2.75484e-36
2.75447e-36
3.95743e-06
2.75447e-36
1.51739e-35
8.12696e-05
4.30577e-05
0.000202615
0.000188039
0.000212357
0.000188048
0.000168596
0.000144388
0.000144185
0.000114918
0.000217339
0.000212533
0.000212424
0.000202722
0.000217458
4.33195e-05
1.52561e-35
0.000144411
0.000188049
0.00016861
0.000115445
8.17594e-05
2.75484e-36
3.95743e-06
2.75446e-36
2.75483e-36
1.50705e-35
8.07481e-05
4.273e-05
0.000114139
0.000202716
0.000188074
0.000168489
0.000168377
0.000143784
0.000217605
0.000212824
0.000212689
0.000202893
0.000217815
0.000157019
1.5229e-35
4.32179e-05
0.000144175
0.000188075
0.000168479
0.000115211
8.15544e-05
3.95743e-06
2.75446e-36
2.75485e-36
1.4901e-35
4.22385e-05
0.000143254
7.99318e-05
0.000113173
0.000202973
0.000188119
0.000168223
0.000213288
0.000218051
0.000213295
0.000203175
0.000218384
0.000168019
1.51699e-35
4.30395e-05
0.000143855
0.000188127
0.000168314
0.000114835
8.12582e-05
3.95743e-06
2.75448e-36
2.75481e-36
1.46235e-35
4.15114e-05
0.000142467
0.000111986
7.85055e-05
0.000203423
0.000188246
0.000203624
0.000214013
0.000218798
0.000214019
0.000219265
0.000167659
0.000188426
0.000188208
1.50605e-35
4.27426e-05
8.07385e-05
0.000143487
0.000168147
0.000114351
3.95744e-06
2.75452e-36
2.75484e-36
2.75482e-36
2.75415e-36
4.03249e-05
1.4153e-35
1.34946e-35
0.000141323
0.000167171
0.000109988
7.67697e-05
0.000204014
0.000215128
0.000204319
0.000215117
0.000219896
0.000220596
0.00018874
0.000205379
0.00018834
1.48958e-35
4.22619e-05
8.00177e-05
0.000113333
0.000167744
0.000142811
3.9573e-06
2.75406e-36
2.75217e-36
0.000189246
1.24392e-35
1.0893e-35
3.86497e-05
3.21378e-05
0.000140083
0.000166717
0.000107613
7.39566e-05
0.000204921
0.000216771
0.000222564
0.000216359
0.000221537
0.000206951
0.000219168
0.000188602
1.46118e-35
4.15436e-05
7.86474e-05
0.000111963
0.000167285
0.00014157
3.95804e-06
2.75571e-36
3.11731e-36
0.000190069
8.56488e-36
2.41697e-05
6.29972e-05
4.69826e-05
0.000165964
0.000137987
0.000128594
9.06465e-05
0.000185241
0.000209247
0.000206285
0.000225402
0.000225397
0.000218048
0.000222581
0.000229412
0.000189036
1.41859e-35
4.03213e-05
7.65011e-05
0.000110312
0.000166686
0.000139664
1.48224e-05
5.5115e-36
3.93866e-06
2.59336e-36
2.7147e-36
4.22666e-36
0.000206802
3.05959e-05
6.01145e-05
0.000156604
0.000117837
8.7738e-05
0.000203643
0.000179499
0.00022341
0.000207686
0.000229409
0.000222564
0.000235735
0.000232873
0.000190042
7.39111e-05
1.34544e-35
3.84996e-05
0.000107068
0.000165928
0.000137941
2.7582e-05
-9.68324e-37
1.96531e-36
9.47646e-06
2.41594e-36
3.83368e-06
6.02199e-36
1.96392e-36
0.000224092
5.64277e-05
4.58544e-05
0.000145223
0.000119971
9.14288e-05
0.000199543
0.000172651
0.000236782
0.000211948
0.000228402
0.00023781
0.00024314
8.0441e-05
0.000194932
0.000174176
1.24325e-35
5.16203e-05
3.14885e-05
0.000113234
0.000146235
3.26852e-05
-1.05881e-36
1.16986e-06
1.06738e-05
3.57905e-06
9.18537e-36
3.1451e-06
7.5647e-37
0.00022433
0.000237573
5.72588e-05
6.76154e-05
0.000152576
0.000123897
0.00012267
0.000193853
0.000249925
0.00022029
0.000232949
0.000247112
8.60177e-05
0.000207265
0.000175738
0.000144637
4.86733e-05
1.0882e-35
2.41287e-05
0.000109464
2.61793e-05
5.83655e-07
6.95579e-06
1.40366e-35
3.19148e-06
0.00022897
0.000245229
6.00733e-05
9.63917e-05
0.000126054
0.000164106
0.000201374
0.000257413
0.000260278
0.000223419
0.000256269
0.000240664
7.33515e-05
0.000208877
0.000182653
0.000148504
7.66372e-05
4.9674e-05
3.05385e-05
8.47753e-36
0.000115361
2.18889e-05
4.33906e-06
2.82752e-35
4.56609e-05
0.000248126
0.000253045
0.00010142
0.0001591
0.000218668
0.00026858
0.000272141
0.000230789
0.000269204
0.000245251
1.48036e-05
0.000208754
0.000179416
0.000153393
7.93849e-05
4.48264e-05
2.7541e-05
5.57628e-36
0.000101875
0.000118731
7.36126e-35
7.42812e-05
0.000247978
0.000280962
0.000273002
0.000153321
0.000204105
0.000245926
0.00028269
0.000279648
0.000230211
0.000261314
0.000160091
0.00019665
0.000128087
7.29254e-05
4.44331e-05
2.2963e-05
8.12991e-06
1.85105e-36
9.63272e-05
0.000144619
6.91551e-35
0.000100174
0.000276623
0.00029815
0.000203456
0.000250177
0.000277065
0.000310941
0.000299049
0.00029009
0.000273263
0.000244155
0.000169219
0.000217749
0.000136191
5.6222e-05
1.76998e-05
3.49508e-06
0.000230337
-9.06801e-37
7.65989e-05
0.00017116
5.56909e-35
0.000124356
0.000307158
0.000226786
0.000269159
0.000299103
0.000322875
0.000315067
0.000299661
0.000261402
0.000181239
0.00013348
1.87029e-05
6.97555e-06
1.19636e-06
0.000243103
7.37445e-05
0.000197707
-1.07512e-36
7.74868e-35
0.000209575
4.92732e-35
4.38608e-35
0.000124139
0.000335366
0.000326023
0.000273104
0.000312774
0.0003288
0.000314175
0.000272561
0.000140826
4.36492e-06
5.56707e-07
6.94993e-35
0.000231531
0.000103959
0.000176153
6.20767e-37
2.82503e-35
0.000338667
0.000215599
4.29588e-35
0.000111699
0.000342163
0.000321803
0.00028023
0.000340964
0.000320568
0.000273046
3.20159e-06
3.04838e-06
5.55918e-35
0.000211603
0.00012432
2.01628e-36
1.40374e-35
0.00034901
0.000269644
0.000202678
4.30216e-35
0.00011425
0.000203311
0.000342159
0.000315737
0.000333015
0.00034786
0.000315964
0.000281091
0.000217721
3.53264e-06
4.93466e-35
0.000124107
2.40241e-36
9.18788e-36
4.26584e-35
0.000353322
0.000271245
0.000120473
0.000217035
0.000121941
0.000347101
0.000318687
0.000318089
0.000346032
0.000269616
0.000203587
3.68771e-06
0.000114826
4.3801e-35
0.00027175
6.032e-36
2.59185e-36
3.84704e-06
4.23319e-35
0.000119788
4.22476e-35
0.000356785
0.000215418
0.00035519
0.000254318
0.000286821
0.000216209
0.00033256
0.000319706
0.000351769
0.000204601
0.000114865
0.000246529
4.295e-35
0.000286809
4.22741e-36
2.71375e-36
3.94012e-06
0.00011954
4.22284e-35
0.000356053
0.000215183
0.000286824
0.000356824
0.000286895
0.000333625
0.000348084
0.000333027
4.30328e-35
0.000216836
0.000121936
0.000286895
3.11932e-36
2.75763e-36
3.95985e-06
0.000170284
0.000119444
4.22249e-35
0.00035736
0.000357688
0.000253918
0.000286771
0.000334144
0.00033399
0.000216057
4.26113e-35
0.000120456
0.000286854
2.75332e-36
2.75524e-36
3.95931e-06
0.000215043
4.22258e-35
0.00011942
0.000357958
0.00035811
0.000286715
0.000334407
0.000334301
0.000215549
0.000119796
4.23615e-35
0.000286783
2.75556e-36
2.75628e-36
2.75613e-36
3.95935e-06
4.22247e-35
0.000215004
0.000119414
0.000119411
0.000286692
0.000358229
0.000358294
0.000334484
0.000334468
0.000334451
0.000286729
0.000215214
0.000119546
4.22497e-35
2.75579e-36
2.75618e-36
2.75582e-36
3.95937e-06
4.22247e-35
4.22241e-35
4.22478e-35
0.000119415
0.000214984
0.00021498
0.000286683
0.000358342
0.000334482
0.000358379
4.23242e-35
0.000286698
0.000334483
0.000215049
0.000215002
0.000119447
4.22235e-35
2.75618e-36
2.7558e-36
3.95936e-06
4.2538e-35
0.000119437
0.000119536
0.000214988
0.000286671
0.000286673
0.00035839
0.000334471
0.000358385
0.000119796
0.000286693
0.000334494
0.000253832
0.000214991
0.000119417
4.22217e-35
2.75618e-36
2.75581e-36
3.95936e-06
4.30648e-35
0.000120397
4.64697e-35
4.41457e-35
0.000215041
0.000215179
0.000286677
0.000334499
0.000334449
0.000358387
0.000358365
0.000215446
0.000216103
0.000286704
0.000215003
0.000170187
0.000119413
4.22237e-35
2.75618e-36
2.75581e-36
3.95936e-06
5.14385e-35
6.42624e-35
0.000121583
0.000105102
0.000217499
9.43386e-05
8.88604e-05
0.000286704
0.000334353
0.000334499
0.000358303
0.000358357
0.000286806
0.000286983
0.000286733
0.000215031
4.22254e-35
0.00011942
2.75618e-36
2.75581e-36
2.75618e-36
3.95936e-06
-5.32609e-35
8.8309e-35
0.000128456
0.000170746
0.000287203
0.000215347
0.000264973
0.000216151
0.000334174
0.000358196
0.000357988
0.00033449
0.000358268
0.000286791
0.00033379
0.000333187
0.00033212
0.000215108
0.000119442
4.2232e-35
2.75581e-36
2.75618e-36
3.95936e-06
0.000166412
0.000206965
0.000217432
0.000236489
0.000311551
0.000262185
0.000287843
0.000343403
0.000357441
0.000357815
0.000358113
0.00033444
0.000286863
0.000356313
0.000354095
0.000215322
4.22403e-35
0.000119493
2.75581e-36
0.000119627
2.75618e-36
2.75581e-36
3.95936e-06
0.000187374
0.000263231
0.000265596
0.000290295
0.000327879
0.000308885
0.000342764
0.000352951
0.000287025
0.000357022
0.000334296
0.000354296
0.000215642
4.2289e-35
0.000119893
2.75618e-36
2.75581e-36
3.95936e-06
0.000203096
0.000287416
0.000296833
0.000309656
0.000333143
0.000347216
0.000343972
0.000287303
0.000333703
0.000332645
0.000216561
4.23899e-35
0.000120526
2.75618e-36
2.75581e-36
3.95936e-06
0.000213578
0.000319347
0.000307071
0.000324361
0.000336791
0.000335982
0.000309077
0.000287926
0.000218154
0.000121845
4.26531e-35
2.75618e-36
2.75581e-36
3.95936e-06
0.000218819
0.000322747
0.000302176
0.0003254
0.000322094
0.000304281
0.000279868
0.000231498
9.54912e-05
4.32076e-35
2.75618e-36
2.75581e-36
3.95936e-06
0.000218819
0.000318376
0.000293456
0.000308951
0.000288147
0.000245986
0.000154089
4.44014e-35
2.75618e-36
2.75581e-36
3.95936e-06
0.000213578
0.000300976
0.000266446
0.000283013
0.000238196
0.000179346
9.50359e-05
4.68993e-35
2.75618e-36
2.75581e-36
3.95936e-06
0.000203096
0.000269173
0.000228291
0.000120466
5.17595e-35
1.59366e-36
1.59348e-36
2.97175e-36
2.97138e-36
0.000230896
0.000187374
0.000131014
6.41459e-35
0.000166412
8.91811e-35
-5.32609e-35
