0.000203096
0.000187374
0.000213578
0.000218819
0.000218819
0.000266189
-5.72247e-36
0.000166412
0.000236073
0.000189565
-5.72247e-36
0.000213578
0.000203096
0.000187374
0.000166412
0.000282153
0.000288285
0.000283573
0.000240456
0.000265526
7.52976e-35
0.000205725
0.000148935
2.27022e-36
2.27048e-36
7.72711e-35
0.000264495
0.00023588
0.000189436
0.000114878
0.000261323
0.000274049
0.000282255
0.000279856
0.000212986
0.000262543
0.000281658
5.6603e-35
0.000158535
0.000107094
5.59286e-06
4.23331e-36
4.23384e-36
2.27012e-36
2.27039e-36
4.23313e-36
5.80018e-35
0.000241034
0.000204368
0.000107085
0.000261742
0.000291108
0.000294281
0.000303591
0.000301512
0.000237302
0.000279116
4.62538e-35
0.000195179
8.53347e-05
5.64088e-06
3.92618e-36
3.92671e-36
5.64065e-06
4.23366e-36
3.92602e-36
3.92655e-36
4.60193e-35
0.00021864
8.49848e-05
0.000161265
0.000271037
0.000240887
0.00029803
0.000305136
0.000308752
0.000295989
0.000243737
0.000210213
4.20193e-35
0.000138236
5.64088e-06
3.92618e-36
3.92671e-36
3.92618e-36
5.64065e-06
3.92602e-36
3.92655e-36
4.17648e-35
8.46627e-05
0.000194542
0.000237727
0.000311357
0.000281475
0.000313725
0.000293067
0.000250972
0.000168394
3.98545e-35
8.57281e-05
5.64088e-06
3.92671e-36
3.92618e-36
5.64065e-06
3.92602e-36
3.92655e-36
3.97761e-35
0.000145267
0.000318766
0.000238482
0.00031431
0.000290757
0.000308952
0.000318987
0.000289737
0.000196122
0.000258957
0.000109653
3.8808e-35
5.64088e-06
3.92671e-36
3.92618e-36
3.92671e-36
5.64065e-06
3.92602e-36
3.92655e-36
3.87457e-35
0.000109349
0.000195886
0.000319955
0.000258617
0.000299203
0.000320569
0.000300057
0.000258583
0.000194969
0.000108479
3.83803e-35
5.64088e-06
3.92618e-36
3.92671e-36
3.92602e-36
5.64065e-06
3.92655e-36
3.92602e-36
0.000108305
3.83247e-35
0.000258364
0.000194485
0.000321143
0.000300447
0.000321509
0.000194117
0.000300802
0.000258401
0.000107938
3.81353e-35
5.64088e-06
3.92618e-36
3.92671e-36
5.64065e-06
3.92655e-36
3.92602e-36
3.80392e-35
0.000107843
3.81242e-35
0.000258243
0.000193945
0.000321832
0.000300827
0.000300979
0.000322153
0.000193828
0.000258246
3.80536e-35
0.000107675
5.64088e-06
3.92618e-36
3.92671e-36
5.64065e-06
3.92655e-36
3.92602e-36
3.92655e-36
3.80194e-35
0.000193722
0.000107622
0.00025815
0.000107536
0.000322297
0.000300979
0.00032252
0.000301066
0.000258147
0.000193655
3.80238e-35
0.000107556
3.92618e-36
5.64088e-06
3.92671e-36
5.64065e-06
3.92602e-36
3.92655e-36
3.80132e-35
0.000258106
0.00015323
0.000193598
0.000107506
0.000322508
0.000322589
0.000301054
0.000301113
0.000258116
0.000193572
3.80149e-35
0.000107519
3.92618e-36
5.64088e-06
3.92671e-36
3.92618e-36
5.64065e-06
3.92602e-36
3.92655e-36
3.92602e-36
3.80133e-35
0.000258086
0.000193549
0.000107501
0.000322595
0.00032262
0.000301103
0.000153218
0.00030112
0.000258096
0.000193545
3.80136e-35
0.000107504
5.64088e-06
3.92671e-36
3.92618e-36
5.64065e-06
3.92655e-36
3.92602e-36
3.80123e-35
0.0001075
0.000193539
0.000258081
0.000193538
0.000322626
0.000322633
0.000301115
0.00030112
0.000258088
0.000193541
0.0001075
3.80124e-35
5.64088e-06
3.92671e-36
3.92671e-36
3.92617e-36
5.64065e-06
3.92655e-36
3.92602e-36
3.80108e-35
0.000107507
0.000193553
0.000258084
0.000301115
0.000314548
0.000322625
0.000322631
0.000292376
0.000258092
0.000193552
0.000301098
0.000107505
3.80108e-35
5.64088e-06
3.92671e-36
3.92619e-36
5.64065e-06
3.92655e-36
3.92602e-36
3.80133e-35
0.000107534
0.000193599
0.000258099
0.000314552
0.000292374
0.000322547
0.000322591
0.000258115
0.000193584
0.000301042
0.000258159
0.000107528
3.80122e-35
5.64083e-06
3.92676e-36
3.92618e-36
5.64064e-06
3.92655e-36
3.92598e-36
3.92664e-36
3.80342e-35
0.000107627
0.000193749
0.000258127
0.000301085
0.000322433
0.00032249
0.000258175
0.000322211
0.000193684
0.000300896
0.000258205
0.000107609
3.80393e-35
3.92575e-36
5.64097e-06
3.92653e-36
5.64067e-06
3.92657e-36
3.92575e-36
3.81084e-35
0.000107874
0.000194051
0.000300951
0.000322246
0.000258241
0.00032164
0.000321708
0.000300549
0.000193976
0.000258253
0.000107816
3.81335e-35
3.92308e-36
5.64086e-06
3.92601e-36
5.64056e-06
3.92562e-36
3.92204e-36
3.83911e-35
0.000108452
0.000320655
0.00019451
0.000300671
0.000313356
0.000258278
0.000320527
0.000300058
0.000258272
0.000194393
0.000108518
3.83542e-35
4.43914e-36
3.926e-36
5.63672e-06
0.000293704
3.89721e-35
5.6413e-06
3.9283e-36
4.44383e-36
0.000109614
0.000195199
0.000312465
0.000321108
0.000258247
0.000299808
0.000313065
0.000102854
0.0002582
0.000109785
0.000195374
3.90035e-35
6.02388e-36
3.86604e-36
5.57849e-06
0.000286514
3.96411e-35
3.8678e-36
5.61368e-06
6.02323e-36
0.00024418
0.000183455
0.000310549
0.000319768
0.000286523
0.0003093
0.000102686
0.000244659
0.000103407
0.000183448
3.96491e-35
8.58278e-36
3.69119e-36
5.3925e-06
0.000283832
3.70402e-36
4.15303e-35
8.59173e-36
5.47011e-06
0.00018328
0.000221474
0.000242315
0.000304071
0.000315982
0.000310978
0.000283817
0.000300419
0.000111763
0.000242735
0.000103401
0.000178713
4.15422e-35
1.3089e-35
3.43248e-36
5.10661e-06
0.00025228
0.000289678
3.39612e-36
4.82893e-35
1.30941e-35
5.11133e-06
0.000196051
0.00025228
0.000302927
0.000308022
0.000288602
0.000190511
0.00011194
0.000194076
0.000111761
4.82429e-35
1.98915e-35
4.84511e-06
2.90296e-36
0.000224645
0.000245439
0.000281555
0.000293451
2.92041e-36
5.65523e-35
1.99432e-35
9.01911e-05
4.4833e-06
0.000245827
0.000299134
0.00027932
0.000204122
0.000154071
0.000190507
0.000109821
5.65426e-35
3.86478e-35
7.50822e-35
0.000204135
4.06548e-06
1.53651e-36
6.55237e-06
0.000242304
0.000269211
0.000282161
0.000290625
1.46443e-36
0.000126821
4.38048e-06
7.50232e-35
3.87905e-35
6.55158e-05
1.74275e-06
0.000242272
0.000285294
0.000269218
0.000218852
0.00017801
0.000154085
9.01971e-05
8.47468e-35
6.68207e-05
0.00018313
0.000218839
-3.23202e-37
1.64192e-06
7.2622e-06
2.02021e-05
0.000249401
0.000269741
0.000279905
0.000279904
-3.19715e-37
0.000120284
5.05445e-06
8.48775e-35
4.83305e-05
2.18711e-06
8.21753e-06
0.000249396
0.000269732
0.000191556
0.00022359
0.000163207
0.000126789
4.11294e-05
9.0633e-05
0.000183783
0.000216401
-3.31957e-37
3.85101e-06
1.39385e-05
2.43275e-05
4.76429e-05
0.000265315
0.000249012
0.000266683
0.000269594
0.000258728
0.000119201
-3.91677e-37
8.5033e-05
2.05044e-05
3.78937e-06
2.42915e-05
1.39886e-05
0.000252428
0.000196088
0.000219826
0.000152724
0.000135472
9.09994e-05
0.000182686
0.000212831
1.91249e-36
8.80436e-06
3.00084e-05
5.20926e-05
9.2628e-05
0.000235518
0.000208993
0.000254748
0.000254379
0.000243138
0.000110261
8.16097e-05
1.93211e-36
4.98807e-05
8.80611e-06
3.00104e-05
0.000235297
0.000179495
0.000202503
0.000155978
0.00013451
0.000141669
0.00011437
0.000181419
5.13834e-36
1.35372e-05
2.52169e-05
5.00715e-05
8.24654e-05
0.000223579
0.000205332
0.000242419
0.000241881
0.000234432
9.97322e-05
7.3191e-05
5.1359e-36
1.35371e-05
4.83034e-05
2.52179e-05
0.000124659
0.000221919
0.000204725
0.000172369
0.0001545
0.000147019
0.00011079
0.000174294
7.79414e-36
2.77988e-05
5.11728e-05
8.2717e-05
5.20253e-05
0.000220919
0.000202155
0.000225919
0.000228789
0.000231346
6.63935e-05
9.32071e-05
7.79187e-36
2.7793e-05
4.63524e-05
0.000114443
0.000145517
0.000214898
0.000199116
0.000175607
9.87477e-36
0.00015172
0.000128234
0.000108359
0.000179872
9.8765e-36
2.1881e-05
7.97395e-05
5.15397e-05
0.00020126
0.000216074
0.000218787
0.000222447
0.000219989
8.3197e-05
2.18825e-05
4.52368e-05
0.000158489
9.88301e-05
0.000137959
0.000201482
0.000180809
1.12509e-35
0.000155706
0.000131069
0.000106422
0.000182274
0.000101759
1.12356e-35
2.61571e-05
5.69473e-05
8.19135e-05
0.000200317
0.000211722
0.000214514
0.000212709
8.06858e-05
6.31986e-05
2.85314e-05
0.00010285
0.000153821
0.000131314
0.000196473
0.000173729
0.000205394
1.21824e-35
3.49117e-05
0.000152311
0.000127763
0.00018423
0.000165957
9.66829e-05
0.000124523
1.21958e-35
3.02016e-05
6.67785e-05
0.000189548
0.000202163
0.000207931
0.000209383
9.71547e-05
6.70862e-05
0.000124969
0.000149918
0.000204999
0.00018869
0.000171162
0.000199283
1.27951e-35
3.64072e-05
0.000149724
0.000177112
1.27987e-35
0.000150245
9.89212e-05
0.000126062
6.90745e-05
3.63256e-05
0.000187316
0.0001988
0.000204813
9.92655e-05
6.95056e-05
0.000126726
0.000150406
0.000202578
0.000186647
0.000170535
0.000196653
1.31912e-35
3.74609e-05
0.000170897
3.74191e-05
1.31958e-35
0.000150815
0.000100817
0.000127756
7.1e-05
0.000185699
0.000195515
0.000201819
7.11355e-05
0.000101054
0.000127986
0.000150941
0.00020073
0.000185243
0.000170148
0.000194823
1.34418e-35
7.2215e-05
3.81654e-05
0.000170249
3.81113e-05
1.34455e-35
0.000151254
0.000102112
0.000128708
7.21202e-05
0.000184605
0.000194043
0.000199723
0.000169914
0.000128866
0.000102424
0.000151435
0.000193578
0.000198972
0.000184041
1.35946e-35
7.28549e-05
3.85862e-05
0.000169976
3.85711e-05
1.36007e-35
0.000151645
0.000129358
0.000103083
7.28546e-05
0.000193232
0.000183682
0.000198288
0.000169795
0.000129358
0.00010318
0.000151706
0.000192894
0.000197372
0.000183513
1.36853e-35
7.33169e-05
3.88334e-05
0.000169815
3.88332e-05
1.36823e-35
0.000151855
0.000129862
0.000103612
7.33551e-05
0.000192647
0.000183283
0.000197001
0.000169722
0.000129791
0.000103611
0.000151854
0.000192408
0.000196704
0.00018311
1.37369e-35
3.89981e-05
7.3605e-05
0.000169705
1.37387e-35
7.36054e-05
3.8992e-05
0.000130076
0.000151999
0.000103947
0.000192211
0.000183033
0.000196492
0.000169675
0.000130076
0.000103985
0.000152028
0.000191993
0.000196322
0.000182967
1.37654e-35
3.90824e-05
7.37896e-05
1.37659e-35
0.000169657
3.90826e-05
0.000152096
7.3763e-05
0.000130226
0.000104153
0.000191828
0.000182902
0.000196236
0.000169646
0.000104178
0.000130285
0.000152115
0.000191657
0.000196068
0.00018284
1.37794e-35
3.91339e-05
7.38836e-05
1.37857e-35
1.37797e-35
3.91302e-05
0.000169643
7.38762e-05
0.000152146
0.000104263
0.000130369
0.000191633
0.000182817
0.000196058
0.00016964
0.000130386
0.000104292
0.000152172
0.000191553
0.000195915
0.000182767
1.37853e-35
3.91574e-05
7.39303e-05
1.37864e-35
7.39265e-05
3.9157e-05
0.000169639
0.00010435
0.000152201
0.000130426
0.000191517
0.000182739
0.000195862
0.000169638
0.000152208
0.000104358
0.000130437
0.000191485
0.000195827
0.000182726
1.37864e-35
3.91674e-05
0.000104389
7.39578e-05
1.37862e-35
3.91674e-05
3.91704e-05
7.39558e-05
0.000169639
0.000104389
0.000152226
0.000130469
0.000191452
0.000182712
0.000195797
0.000169639
0.000152226
0.000130475
0.000191434
0.000195787
0.000182709
1.37845e-35
1.37862e-35
3.91702e-05
7.39696e-05
0.000130497
0.000104409
0.000182699
3.91694e-05
7.39698e-05
7.3973e-05
0.000104407
0.000169642
0.000130497
0.000152238
0.000195763
0.000191407
0.000169642
0.000152241
0.000195763
0.000182699
0.000191407
1.37827e-35
1.37845e-35
3.91693e-05
7.3973e-05
0.000104418
0.000130508
0.000182694
3.91668e-05
7.39722e-05
0.000104417
0.000130506
0.000169645
0.00015225
0.000195747
0.000191396
0.000152251
0.000195747
0.000182694
0.000169645
0.000191395
1.3781e-35
3.91638e-05
1.37827e-35
3.91668e-05
0.000104419
7.39719e-05
0.000130513
0.000182694
7.39698e-05
0.000104419
0.000130512
0.000152254
0.000169648
0.000195742
0.000191392
0.000152254
0.000195741
0.000182694
0.000169649
0.000191391
1.37796e-35
3.9161e-05
7.39662e-05
1.3781e-35
3.91637e-05
0.000104418
7.39694e-05
0.000130513
0.000182695
0.000104418
0.000130513
0.000104416
0.00016965
0.000152257
0.00019574
0.000191392
0.000152257
0.00019574
0.000169651
0.000182695
0.000191392
0.000104414
1.37785e-35
3.91585e-05
7.39629e-05
1.37796e-35
3.91609e-05
0.000104416
7.39659e-05
0.000130513
0.000182697
0.000130513
0.000152258
0.000169652
0.000195742
0.000191394
0.000169652
0.000152258
0.000195742
0.000182697
0.000191394
0.000130512
0.000104412
7.39606e-05
1.37776e-35
3.91566e-05
1.37785e-35
3.91585e-05
0.000104414
7.39631e-05
0.000152258
0.000130512
0.000182699
0.000152258
0.000169654
0.000195745
0.000191396
0.000182699
0.000169653
0.000195745
0.000191396
1.3777e-35
0.000152258
0.000130511
0.00010441
7.39585e-05
3.91551e-05
1.37776e-35
3.91566e-05
7.39603e-05
0.000104412
0.00013051
0.000152258
0.000182701
0.000169655
0.000195747
0.000191399
0.000182701
0.000169655
0.000195748
0.0001914
1.37765e-35
3.91541e-05
0.000152258
0.000130509
0.000104409
7.39571e-05
1.3777e-35
7.39582e-05
3.91551e-05
0.00010441
0.000130509
0.000152258
0.000169655
0.000182703
0.000191401
0.000195749
0.000169655
0.000182703
0.000191402
0.00019575
1.37762e-35
3.91533e-05
7.39559e-05
0.000152258
0.000130509
0.000169656
0.000130508
0.000104407
1.37765e-35
7.39568e-05
3.91539e-05
0.000104408
0.000130508
0.000152257
0.000191403
0.000182704
0.000195751
0.000169656
0.000191403
0.000182705
0.000195753
1.3776e-35
3.91527e-05
7.3955e-05
0.000152257
0.000169656
0.000104406
0.000130507
1.37762e-35
3.91531e-05
0.000104407
7.39554e-05
0.000130507
0.000152257
0.000191404
0.000182705
0.000195754
0.000169656
0.000191404
0.000182705
0.000195754
3.91524e-05
1.37758e-35
0.000104406
7.39544e-05
0.000182706
0.000152257
0.000169657
0.000152257
0.000130507
1.37759e-35
3.91526e-05
0.000104406
7.39546e-05
0.000152257
0.000130506
0.000195755
0.000191405
0.000195755
0.000182706
0.000169656
0.000191406
1.37758e-35
3.91522e-05
0.000104406
7.39541e-05
0.000182706
0.000169657
0.000152257
0.000130506
1.37758e-35
3.91522e-05
0.000104405
7.39539e-05
0.000152256
0.000130506
0.000191406
0.000195756
0.000195756
0.000169656
0.000182706
0.000191406
0.000191407
0.000130506
7.39539e-05
1.37757e-35
3.91521e-05
0.000104405
0.000169657
0.000182707
0.000169657
0.000152257
0.000169656
3.91519e-05
1.37757e-35
7.39534e-05
0.000130505
0.000104405
0.000152256
0.000191407
0.000195756
0.000195757
0.000182707
0.000191407
1.37756e-35
0.000130506
7.39538e-05
1.37757e-35
3.9152e-05
0.000104405
1.37757e-35
0.000191407
0.000182707
0.000169657
0.000152257
0.000169656
7.39531e-05
3.91517e-05
0.000130505
0.000104404
0.000152256
0.000195757
0.000195757
0.000182707
0.000191407
1.37755e-35
0.000130506
7.39538e-05
3.9152e-05
0.000104405
1.37757e-35
0.000191408
0.000182708
0.000169658
0.000152257
0.000169656
7.39528e-05
3.91515e-05
0.000104404
0.000130505
0.000152256
0.000195757
0.000195758
0.000182707
0.000191407
3.91513e-05
1.37755e-35
0.000130507
7.39539e-05
3.91521e-05
0.000104405
3.91522e-05
1.37758e-35
0.000191408
0.000182708
0.000152257
0.000169658
0.000169656
0.000104404
7.39525e-05
0.000130505
0.000152255
0.000130504
0.000195757
0.000195758
0.000182707
0.000191407
7.39523e-05
3.91512e-05
1.37754e-35
0.000152258
0.000104406
0.000130507
7.39541e-05
3.91523e-05
1.37758e-35
0.000191408
0.000182708
0.000169658
0.000169656
0.000104403
0.000152255
0.000130504
0.000195758
0.000195758
0.000182707
0.000191407
1.37754e-35
7.39521e-05
3.9151e-05
0.000169658
0.000152258
0.000130507
0.000104406
7.39543e-05
1.37759e-35
3.91525e-05
7.39546e-05
0.000191408
0.000182708
0.000169656
0.000104403
0.000117997
0.000141923
0.000152255
0.000195758
0.000195758
0.000191407
0.000182706
1.37753e-35
7.39517e-05
3.91509e-05
1.3776e-35
0.000169659
0.000130507
0.000152258
0.000104406
3.91527e-05
7.39549e-05
0.000191408
0.000191409
0.000182709
0.000169655
0.000130504
0.000104403
0.000152254
0.000191407
0.000195758
0.000195758
0.000182706
1.37752e-35
7.39515e-05
3.91507e-05
1.37762e-35
3.91529e-05
1.37761e-35
0.000169659
0.000152259
0.000130508
0.000104407
7.39553e-05
0.000104407
0.000191409
0.000182709
0.000169655
0.000130503
0.000104402
0.000152254
0.000191407
0.000195758
0.000195758
0.000182706
1.37752e-35
3.91505e-05
0.000104402
7.39512e-05
1.37763e-35
7.39556e-05
3.91532e-05
0.000182709
0.000169659
0.000152259
0.000130508
0.000104407
0.000130509
0.000191409
0.000152254
0.000169655
0.000130503
0.000195758
0.000191407
0.000195758
0.000182706
1.37751e-35
3.91503e-05
7.39508e-05
0.000104402
0.000130502
1.37764e-35
3.91534e-05
3.91537e-05
7.3956e-05
0.000169659
0.000182709
0.000152259
0.000104408
0.000130509
0.000195758
0.000191409
0.000169655
0.000152253
0.000195757
0.000191407
0.000182706
1.3775e-35
3.91501e-05
7.39506e-05
0.000104401
0.000130502
0.000152253
1.37765e-35
3.91539e-05
7.39564e-05
7.39566e-05
0.000104408
0.000182709
0.00016966
0.00015226
0.00015226
0.000130509
0.000195757
0.000195758
0.000191409
0.000182705
0.000169654
0.000191406
1.37749e-35
3.91499e-05
7.39503e-05
0.000104401
0.000152253
0.000130502
1.37766e-35
3.91541e-05
7.39568e-05
0.000104408
0.000130509
0.000182709
0.00016966
0.00016966
0.00015226
0.000195757
0.000195758
0.000191409
0.000191409
0.000182705
0.000169654
0.000191406
1.37748e-35
7.39501e-05
3.91498e-05
0.000130502
0.000104401
0.000152253
1.37767e-35
3.91542e-05
7.39568e-05
0.000104408
0.000130509
0.000182709
0.000169659
0.000152259
0.000195757
0.000195758
0.000191408
0.000182705
0.000169654
0.000191406
1.37748e-35
7.395e-05
3.91497e-05
0.000130502
0.000104401
0.000152253
0.000169654
3.91542e-05
7.39564e-05
1.37768e-35
0.000104408
0.000104407
0.000130509
0.000182709
0.000152258
0.000169659
0.000191406
0.000195757
0.000195758
0.000191408
0.000182705
1.37747e-35
3.91496e-05
7.395e-05
0.000130502
0.000104401
0.000152253
0.000169654
0.000104406
7.39556e-05
3.91539e-05
1.37767e-35
0.000130507
0.000152257
0.000182707
0.000169657
0.000191406
0.000195757
0.000195757
0.000191407
0.000182706
1.37747e-35
3.91498e-05
0.000104402
7.39504e-05
0.000130503
0.000152254
0.000169655
0.000130505
0.000130503
7.39542e-05
0.000104403
1.37766e-35
3.91533e-05
0.000152255
0.000182705
0.000169655
0.000191407
0.000195757
0.000195756
0.000191405
0.000182707
1.37748e-35
3.91501e-05
7.39512e-05
0.000104402
0.000130504
0.000152255
0.000169657
0.000152251
0.000130498
7.39517e-05
0.0001044
1.37763e-35
3.91522e-05
0.000169652
0.000182703
0.000191407
0.000195757
0.000191404
0.000195756
0.000169659
0.000182709
1.3775e-35
7.39525e-05
3.91508e-05
0.000130507
0.000104405
0.000152258
0.000169648
0.000152247
0.000130492
7.39478e-05
0.000104393
1.37758e-35
3.91502e-05
0.000191402
0.000182699
0.000191408
0.000187604
0.000194127
0.000195755
0.000195758
0.000169662
0.000182713
1.37754e-35
7.39546e-05
3.91519e-05
0.00013051
0.000104408
0.000152262
0.000169642
0.000152238
0.000130482
0.000104384
7.39418e-05
1.37749e-35
3.91472e-05
1.37735e-35
0.000191399
0.000182693
0.000191411
0.000191413
0.000195754
0.000195759
0.000169666
0.000182717
1.37759e-35
7.39576e-05
3.91535e-05
0.000130515
0.000104412
0.000152268
0.000130468
0.000169633
0.000152228
0.000152218
0.000104374
7.39329e-05
3.91429e-05
1.37713e-35
3.91358e-05
0.000191396
0.000182686
0.000191416
0.000195754
0.000195762
0.000195755
0.000169673
0.000182723
1.37767e-35
7.39617e-05
3.91558e-05
0.000130521
0.000104418
0.000152275
0.000141875
0.000117954
0.000169622
0.000161453
1.3768e-35
0.000104353
7.39185e-05
3.91264e-05
0.000191392
0.000182678
0.00018267
0.000191422
0.000195766
0.00019577
0.000195756
0.000169681
0.000182731
0.000182741
1.37778e-35
3.91589e-05
7.39672e-05
0.000104426
0.000130529
0.000152285
0.000152195
0.000130445
0.000169603
1.37562e-35
1.37631e-35
3.91121e-05
0.000104333
7.38993e-05
0.000191387
0.000182661
1.37456e-35
1.37295e-35
0.000191435
0.000195777
0.000195761
0.000152293
0.000169697
0.000182753
3.91627e-05
1.37793e-35
1.37811e-35
0.000104434
7.39751e-05
0.000130543
0.000130417
0.000152176
0.000169583
3.90902e-05
7.3872e-05
7.38335e-05
0.000104299
0.000191385
0.000182648
3.90583e-05
3.90171e-05
1.36774e-35
1.37081e-35
3.89562e-05
0.000191449
0.00019579
0.00019577
0.000152308
0.000169714
0.000182773
1.37833e-35
3.91675e-05
0.000104445
7.39838e-05
0.000130557
0.00013038
0.000152145
0.000169559
0.000130329
7.37792e-05
0.000104244
0.000191385
0.000182636
7.37037e-05
1.36333e-35
2.81438e-05
3.88754e-05
7.35984e-05
1.35696e-35
1.34797e-35
0.00019147
0.000195811
0.000195786
0.000152327
0.000169736
0.000182801
1.37858e-35
3.91732e-05
0.000104458
7.39937e-05
0.000130573
0.000152092
0.000169529
0.000130262
0.000104085
0.000104164
0.000191391
0.000182625
0.000103959
2.72027e-05
5.3966e-05
6.38822e-05
7.34525e-05
0.00010382
2.92168e-05
2.71175e-05
1.33466e-35
0.000191501
0.000195814
0.000195844
0.000152356
0.000169764
0.000182839
1.37882e-35
3.91796e-05
7.40041e-05
0.000130592
0.000104475
0.000152019
0.000169493
0.000151965
0.000130172
0.000191405
0.000182618
0.000129897
0.000130053
5.75061e-05
8.36356e-05
9.3966e-05
0.000120244
5.4248e-05
5.19239e-05
2.86345e-05
1.31554e-35
1.2261e-35
0.000195857
0.000191545
0.000195893
0.000152377
0.000169801
0.000182891
1.37901e-35
3.9185e-05
0.000130613
7.40136e-05
0.000104487
8.66815e-36
-6.93075e-35
0.000169452
0.000151875
0.000191435
0.000182615
0.00014586
0.000151794
2.12152e-05
7.50512e-05
9.88575e-05
0.000109899
0.000139518
8.00466e-05
7.73465e-05
4.60318e-05
1.28663e-35
1.22731e-35
2.63482e-05
0.000195907
0.000195966
0.000191621
0.000182962
0.000130629
0.000152409
0.000169869
7.40192e-05
1.37904e-35
3.91887e-05
0.000104498
4.37731e-05
0.000195978
0.000169406
0.000191486
0.000182619
0.000154876
0.000169356
0.000163737
4.63682e-05
5.58142e-05
0.000104664
0.000131868
0.000122695
0.000150774
0.000114793
9.92487e-05
8.1168e-05
4.79555e-05
6.88777e-05
0.000196075
0.000191769
1.37876e-35
0.000169959
0.00018306
0.000130643
0.000152455
7.40187e-05
3.91878e-05
3.91788e-05
0.000104503
8.26826e-05
0.00019611
0.00019157
0.00018264
0.000167917
0.000180181
0.00019466
0.000174601
7.23889e-05
9.11937e-05
0.000135406
0.000143397
0.00016177
0.000121846
0.00011857
8.5654e-05
0.000103548
0.000196233
0.000191927
0.000183194
1.3779e-35
3.91539e-05
0.000152485
0.000170052
0.00013066
0.000104495
7.40013e-05
0.000116728
0.000196916
0.000188778
0.000179842
0.000193533
0.000196477
0.000171454
0.000184324
0.000106379
0.000122652
0.000142575
0.000155578
0.000147352
0.000136507
0.000124319
0.000194852
0.000188067
0.000176389
1.37621e-35
2.75458e-05
7.39655e-05
6.36636e-05
0.00015253
0.000164178
0.000130658
0.000104465
0.00014591
0.000196944
0.000188794
0.000196636
0.000189869
0.000172139
0.000180656
0.000130951
0.000140393
0.000164339
0.000155495
0.000152366
0.000193715
0.000186638
0.000174487
1.37283e-35
2.74939e-05
5.29378e-05
8.5516e-05
0.0001523
0.00013657
0.000118571
0.000170229
0.000196984
0.000195713
0.000197812
0.000188114
0.000194235
0.000180974
0.000154544
0.000166914
0.00017612
0.00017275
0.000191521
0.000183205
0.000169258
0.0001505
1.3669e-35
2.87231e-05
5.28144e-05
8.59851e-05
0.000105433
0.000123932
0.000189684
0.00019479
0.000198196
0.000197185
0.000192168
0.000197713
0.000189389
0.000173805
0.000181732
0.000185991
0.000126732
0.00018441
0.000169059
0.000142639
1.35647e-35
2.75276e-05
7.60102e-05
5.50106e-05
0.000102999
0.000204275
0.000192884
0.000199034
0.000196837
0.00018417
0.00020002
0.000197196
0.000195341
0.000193629
0.000193526
0.000116628
0.000178713
0.000156918
0.000134049
1.33929e-35
5.03483e-05
9.40461e-05
0.000214002
0.00018516
0.000192252
0.000200463
0.000197372
0.000195193
0.000200403
0.000201437
0.000200907
0.000112897
1.30894e-35
0.000169518
0.00014976
0.000130187
4.6864e-05
7.2462e-05
0.000218866
0.000180878
0.000188316
0.00019537
0.000198807
0.000203522
0.000200877
0.000103232
1.27097e-35
2.50661e-05
1.18037e-35
0.000163705
0.000145955
0.000125401
9.29284e-05
5.23443e-05
0.000218866
0.000175968
0.000185614
0.000194902
0.000194541
-6.93075e-35
9.34144e-36
2.65942e-05
3.51165e-05
0.000160316
0.000141349
7.03423e-05
0.000112244
8.72377e-05
0.000214002
0.000172398
0.000184463
0.000187152
4.37731e-05
4.15586e-05
6.35489e-05
0.000155416
0.000129925
9.74367e-05
0.000204275
0.000169655
0.000174064
8.26826e-05
7.41826e-05
9.27083e-05
0.000147821
0.000124875
0.000189684
0.000157141
0.000116728
0.000108405
0.000133781
0.000170229
0.00014591
