0.027 0.000276
0.027 0
0.0269149 0.000138
0.0267513 0.000138
0.027 0.00138
0.027 0.000828
0.027 0.001104
0.0268142 0.00125624
0.027 0.000552
0.0268464 0.000718645
0.0267187 0.000276
0.0267187 0
0.0265854 0.000138
0.0264406 0.000138
0.027 0.00276
0.027 0.002484
0.0269149 0.002622
0.0267513 0.002622
0.027 0.001656
0.0267701 0.00150938
0.027 0.001932
0.027 0.002208
0.0265993 0.00129431
0.0267548 0.00101711
0.0266507 0.000805696
0.0267187 0.000552
0.0263861 0.00135422
0.0264375 0.000276
0.0262971 0.000138
0.0264375 0
0.0261564 0.000138
0.0267187 0.00276
0.0267187 0.002484
0.0265817 0.002622
0.0264378 0.002622
0.0265258 0.00160049
0.0267321 0.00177092
0.0267187 0.002208
0.0267593 0.00199931
0.0264414 0.000805902
0.026472 0.00105182
0.0264375 0.000552
0.0262373 0.00112894
0.0262971 0.00165091
0.0261699 0.00141287
0.0261562 0.000276
0.0260156 0.000138
0.0261562 0
0.025875 0.000138
0.0264375 0.00276
0.0264375 0.002484
0.0262969 0.002622
0.0261563 0.002622
0.0264375 0.002208
0.02646 0.00194104
0.0261686 0.00188618
0.0262327 0.000833085
0.0261562 0.000552
0.0260027 0.000999035
0.026027 0.00123145
0.0259086 0.00141962
0.0260351 0.00162683
0.025875 0.000276
0.0257344 0.000138
0.025875 0
0.0255938 0.000138
0.0261562 0.00276
0.0261562 0.002484
0.0260156 0.002622
0.025875 0.002622
0.0261562 0.002208
0.0259742 0.00201354
0.0258689 0.00180646
0.0259703 0.000766597
0.025875 0.000552
0.0257588 0.000974706
0.0257961 0.00120295
0.0256519 0.00139148
0.0257506 0.00159159
0.0255937 0.000276
0.0255937 0
0.0253125 0.000138
0.0254531 0.000138
0.025875 0.00276
0.025875 0.002484
0.0257344 0.002622
0.0255938 0.002622
0.025875 0.002208
0.0257036 0.00200234
0.0255856 0.00179046
0.0257054 0.000755926
0.0255937 0.000552
0.0255199 0.000969365
0.0255495 0.00119014
0.0253971 0.00137213
0.0254758 0.00156773
0.0253125 0.000276
0.0251719 0.000138
0.0253125 0
0.0250312 0.000138001
0.0255937 0.00276
0.0255937 0.002484
0.0254531 0.002622
0.0253125 0.002622
0.0255937 0.002208
0.0254303 0.00199447
0.0253161 0.00176721
0.0254445 0.000744217
0.0253125 0.000552
0.0252949 0.000937806
0.025286 0.00115645
0.0251639 0.00133637
0.025191 0.00153612
0.0250312 0.000276
0.0250313 0
0.02475 0.000138004
0.0248906 0.000137999
0.0253125 0.00276
0.0253125 0.002484
0.0251719 0.002622
0.0250312 0.002622
0.0253125 0.002208
0.0251648 0.00199337
0.0249343 0.00155494
0.0250694 0.00177027
0.0251702 0.000742408
0.0250312 0.000552
0.0250039 0.00117145
0.0250615 0.000963567
0.0249342 0.00137132
0.0247201 0.0015731
0.02475 0.000276
0.0244687 0.00013801
0.0246094 0.000137994
0.02475 0
0.0250313 0.00276
0.0250312 0.002484
0.0248906 0.002622
0.02475 0.002622
0.0250312 0.002208
0.0249039 0.00200436
0.0248408 0.00179494
0.0246288 0.00177486
0.0249019 0.000757804
0.02475 0.000552
0.0247508 0.00118957
0.0247949 0.000972128
0.0246786 0.00139523
0.024491 0.00155876
0.0244687 0.000276
0.0243281 0.000137993
0.0244688 0
0.0241875 0.000137941
0.02475 0.00276
0.02475 0.002484
0.0246094 0.002622
0.0244687 0.00262201
0.02475 0.002208
0.0246363 0.00199595
0.0244249 0.00179726
0.0246287 0.000768377
0.0244687 0.000552
0.024525 0.00122874
0.0245133 0.000994252
0.0243902 0.00139449
0.0242538 0.00161022
0.0241875 0.000276001
0.0240468 0.00013813
0.0241875 0
0.0239054 0.000137248
0.0244688 0.00276
0.0244687 0.002484
0.0243281 0.00262197
0.0241875 0.0026222
0.0244687 0.002208
0.0243826 0.00202997
0.024217 0.00189628
0.0243554 0.000766067
0.0241875 0.000551999
0.0242996 0.00118214
0.024222 0.000965608
0.0241586 0.00137463
0.0240357 0.00153811
0.0240324 0.00176376
0.0239062 0.00027598
0.0239063 0
0.0237633 0.000140196
0.0241875 0.00276
0.0241875 0.002484
0.0240469 0.00262168
0.0239062 0.00262226
0.0241875 0.002208
0.0240382 0.00202467
0.0240686 0.000755524
0.0239062 0.000552019
0.0240479 0.00118221
0.0239483 0.000964171
0.0238905 0.00138083
0.0238179 0.00161692
0.0238396 0.00190315
0.023625 0.000276
0.023625 0
0.0236052 0.000119979
0.0234665 0.000180726
0.0239063 0.00276
0.0239062 0.00248402
0.0237655 0.0026218
0.0236207 0.00262548
0.0239062 0.00220798
0.0237791 0.000755764
0.023625 0.000552
0.0236928 0.000964061
0.0237898 0.00118837
0.0236364 0.00141236
0.0236287 0.00172703
0.0236479 0.00198957
0.0232964 0.000300084
0.0233503 0
0.0233112 0.000134737
0.023625 0.00276
0.023625 0.002484
0.02347 0.00260386
0.0233235 0.00261013
0.023625 0.002208
0.0232964 0.000527916
0.0234795 0.000812528
0.0235261 0.00113159
0.0234538 0.00157217
0.0233646 0.00134292
0.0233891 0.00182557
0.0234124 0.0020512
0.0231319 0.000171305
0.0229415 0.000359235
0.0230756 0
0.0231594 0.00260454
0.0233503 0.00276
0.0232964 0.00245992
0.0232964 0.00223208
0.0230276 0.00255454
0.0229415 0.000468765
0.0232241 0.000821546
0.0230484 0.000690363
0.0232735 0.00105991
0.023218 0.00162013
0.0231251 0.0012835
0.0231504 0.00198369
0.022797 0.000414
0.0229493 0.000202889
0.0227617 0.000275911
0.0228009 0
0.0230756 0.00276
0.0229415 0.00240077
0.0229415 0.00229123
0.0228508 0.00259338
0.0226425 0.000507835
0.0228057 0.000699694
0.0229619 0.000990429
0.0230112 0.00151296
0.0229986 0.00177131
0.0227407 0.00114432
0.0228734 0.00131201
0.0228955 0.00202741
0.0225262 0
0.0225651 0.000329902
0.0226379 0.000175543
0.0227216 0.00215693
0.0228009 0.00276
0.0226538 0.00255853
0.022797 0.002346
0.0224088 0.000491263
0.0225394 0.000704139
0.0226098 0.000926092
0.0227468 0.00182054
0.0227707 0.00159327
0.0225097 0.00119062
0.0226101 0.00142303
0.0225977 0.001979
0.0222515 0
0.0223413 0.000231033
0.0221674 0.000451884
0.0225207 0.0022401
0.0225262 0.00276
0.0224814 0.00246954
0.0222898 0.000755793
0.022331 0.00103722
0.0224737 0.00170096
0.0223406 0.00138621
0.0221462 0.00117964
0.0222312 0.00185121
0.0223611 0.00202768
0.0220094 0.000649131
0.0219768 0
0.0220091 0.000199157
0.0218983 0.000413135
0.0222515 0.00276
0.0222606 0.0022972
0.0222357 0.00256432
0.0220444 0.000939703
0.0218261 0.000773255
0.021891 0.00122095
0.0221769 0.00160822
0.0220645 0.00139764
0.0219906 0.00179668
0.0220789 0.0021017
0.0218557 0.00198692
0.0216879 0.000531579
0.0217021 0
0.0216898 0.00023401
0.0219767 0.00276
0.0220001 0.002407
0.0218406 0.00256371
0.0217608 0.00102795
0.0215923 0.000778
0.0215536 0.000985944
0.0216702 0.00132896
0.0218631 0.00153545
0.0217247 0.00176861
0.0218002 0.0022115
0.0216097 0.00201371
0.0214615 0.000338031
0.0214156 0.000628295
0.0214274 0
0.021702 0.00276
0.0216712 0.00239324
0.0215773 0.00257713
0.0214873 0.00116563
0.0213399 0.000909418
0.0213926 0.00138125
0.0215685 0.0015614
0.0214665 0.00177812
0.0213642 0.00198643
0.0214822 0.00224601
0.0212422 0.000222984
0.0212253 0.000489736
0.0211533 0.000729808
0.0211527 0
0.0214273 0.00276
0.021358 0.00251825
0.021238 0.00116289
0.0210801 0.000957535
0.0211295 0.00140634
0.021205 0.00178316
0.0212771 0.00158916
0.0212204 0.00235344
0.0210849 0.00194889
0.0212382 0.00214538
0.0210319 0.000382008
0.020966 0.000192645
0.020944 0.00057801
0.0208757 0.000777185
0.020878 0
0.0211526 0.00276
0.0210517 0.00252322
0.0209868 0.00118642
0.0208265 0.000993541
0.020907 0.00141809
0.0209748 0.00165819
0.0208745 0.00192629
0.0210045 0.00219955
0.0208699 0.00236943
0.0207679 0.000395506
0.0206976 0.000204976
0.0206622 0.000592383
0.0206156 0.000813287
0.0206033 0
0.0208779 0.00276
0.0207648 0.00256433
0.0207331 0.00123352
0.0206003 0.00105297
0.0206983 0.00147464
0.0207117 0.00171633
0.0206366 0.00195516
0.0206207 0.00234674
0.0207467 0.00215096
0.0204065 0.000971206
0.0202199 0.000873548
0.0204586 0.000189554
0.0204665 0.000405582
0.020397 0.000663549
0.0203286 0
0.0206032 0.00276
0.0204956 0.00256391
0.0204614 0.00182323
0.0204715 0.00127104
0.0204804 0.00155999
0.0203878 0.00235351
0.0204574 0.00212075
0.0202124 0.00115346
0.0201676 0.000630836
0.0199994 0.000755251
0.0199956 0.00097955
0.0202153 0.000216155
0.020179 0.000428658
0.0200538 0
0.0203285 0.00276
0.0202294 0.00253567
0.0202593 0.00196209
0.0202487 0.0016894
0.0202647 0.00143
0.0201848 0.0022534
0.0200555 0.00203989
0.0200475 0.00135566
0.0199241 0.00118885
0.0199154 0.00052334
0.0196986 0.00120181
0.0197365 0.000985756
0.0197873 0.000769459
0.019938 0.000243416
0.0197791 0
0.0197262 0.000390523
0.0200538 0.00276
0.019998 0.00250611
0.0200181 0.00180484
0.0200061 0.0015766
0.0199245 0.00224292
0.0198296 0.00198057
0.0197789 0.00246725
0.0197824 0.00143792
0.0195285 0.00131059
0.0196292 0.000600104
0.0194847 0.0010504
0.0195221 0.000823979
0.0196394 0.000195943
0.0195044 0
0.0194718 0.000406184
0.0197791 0.00276
0.0197499 0.00171794
0.0196698 0.00220994
0.0196083 0.00195646
0.0195557 0.00245622
0.019544 0.00157116
0.0193484 0.00141136
0.0192928 0.00116639
0.0193597 0.000640894
0.0192519 0.000895807
0.0193598 0.000200877
0.0192297 0
0.019221 0.000422713
0.0195044 0.00276
0.0193586 0.00257405
0.0194512 0.00181812
0.0194108 0.00212886
0.0192769 0.00236123
0.019276 0.00163447
0.0191425 0.0013858
0.0190728 0.00112646
0.0191063 0.000662484
0.0189829 0.000890217
0.0190943 0.000206482
0.018955 0
0.018973 0.000434304
0.0192297 0.00276
0.0190964 0.00255762
0.0191932 0.00188519
0.0191433 0.00215623
0.0189791 0.00199632
0.0189854 0.00235907
0.0190339 0.00162701
0.0189352 0.00138099
0.0188461 0.00113083
0.0187299 0.00134731
0.0188405 0.000670436
0.0187251 0.000916723
0.0188359 0.000198938
0.0186803 0
0.0187352 0.000397968
0.0186356 0.000575323
0.0189549 0.00276
0.0188209 0.00255748
0.0188887 0.00179701
0.018845 0.00217938
0.0187133 0.00197647
0.0186931 0.00236368
0.0187459 0.00158278
0.0185957 0.0011431
0.0185299 0.00139025
0.0184417 0.000947928
0.018547 0.000765259
0.018565 0.00019208
0.0184056 0
0.0184666 0.00038034
0.0183946 0.000585782
0.0186802 0.00276
0.0185434 0.00255949
0.0185975 0.00177926
0.0185632 0.00216313
0.0184322 0.00196087
0.0184157 0.00235655
0.0184516 0.00160329
0.0183485 0.00118617
0.0183031 0.00141093
0.0182102 0.00098707
0.0182435 0.000730622
0.0182759 0.000208131
0.0181309 0
0.0182006 0.000441235
0.0184055 0.00276
0.0182721 0.00255918
0.0182943 0.00177027
0.0182851 0.00215347
0.0181455 0.00195574
0.0181453 0.00235694
0.0181531 0.00156004
0.0180997 0.00128468
0.0180256 0.00105645
0.0180046 0.00080493
0.0179998 0.000565589
0.017993 0.000257174
0.0178562 0
0.0181308 0.00276
0.0180018 0.00256159
0.0180097 0.0017427
0.0178752 0.00195532
0.01801 0.00215991
0.0178752 0.00236562
0.0178905 0.00148955
0.0178572 0.00121384
0.0178144 0.000963177
0.017808 0.000459041
0.0177465 0.000738061
0.0177003 0.000249062
0.0175815 0
0.0178561 0.00276
0.017727 0.00256677
0.0177526 0.00173073
0.0176155 0.0019596
0.017741 0.00216712
0.0176083 0.0023725
0.0176797 0.00130791
0.01761 0.00152517
0.0176061 0.0010415
0.017589 0.00054347
0.0174837 0.000809848
0.0174631 0.000177538
0.017436 0.000378413
0.0173067 0
0.0175814 0.00276
0.017444 0.00256727
0.0174871 0.00175437
0.0173531 0.00198024
0.0173472 0.0023705
0.0174719 0.0021722
0.0174535 0.00127872
0.0173553 0.00153659
0.0173209 0.00105159
0.017332 0.00060677
0.0172073 0.00081752
0.0172136 0.000196824
0.0171815 0.000403266
0.017032 0
0.0173067 0.00276
0.0171517 0.00251465
0.0172227 0.00176128
0.017116 0.00197427
0.0171852 0.00220684
0.0169695 0.00230702
0.0172133 0.00134271
0.0170756 0.00119682
0.0170786 0.00157921
0.0170414 0.000991406
0.0170649 0.000611967
0.0169192 0.000782437
0.0169351 0.000403556
0.0169539 0.000200805
0.0167573 0
0.017032 0.00276
0.0168688 0.00250851
0.0169269 0.00180585
0.016913 0.00207126
0.0167106 0.00221718
0.0169246 0.00139773
0.0168371 0.00118847
0.016794 0.00158597
0.0167732 0.000967988
0.0166202 0.00115968
0.0167862 0.000553924
0.0166502 0.000762003
0.0166875 0.000269999
0.0164826 0
0.0167573 0.00276
0.0166216 0.00240021
0.0166379 0.00259416
0.0166524 0.00175085
0.0166751 0.00195612
0.0164271 0.00229018
0.0164632 0.00205875
0.0166315 0.00138253
0.0164954 0.00157492
0.0165036 0.000965654
0.0164049 0.00119702
0.016541 0.000531042
0.0163896 0.000760095
0.0162887 0.000189338
0.0164336 0.000321681
0.0162079 0
0.0164826 0.00276
0.0163956 0.00255171
0.0162162 0.00244408
0.0163971 0.00180073
0.0162153 0.00217336
0.0162281 0.00195256
0.0163315 0.00139806
0.0162128 0.0015974
0.0161577 0.00119132
0.016252 0.000979148
0.0162715 0.000563498
0.0161186 0.000777796
0.0160345 0.000205574
0.0161409 0.000399114
0.0159332 0
0.0162078 0.00276
0.0160336 0.00255644
0.0160261 0.00227501
0.015857 0.00239212
0.0160812 0.00177782
0.0159798 0.00200997
0.0160531 0.00139449
0.0159201 0.00157424
0.0159055 0.0011914
0.015981 0.000991201
0.0158354 0.000817335
0.0159707 0.000602555
0.015788 0.000206627
0.0158589 0.000417783
0.0156585 0
0.015552 0.000177662
0.0159331 0.00276
0.0157682 0.00257745
0.0157898 0.00216576
0.0156335 0.0023478
0.0158078 0.00178014
0.0157086 0.00196288
0.015767 0.00136107
0.0156405 0.00157829
0.0156878 0.00108457
0.0156037 0.000876892
0.0156644 0.000623375
0.0155991 0.000408743
0.0153838 0
0.0153799 0.00029998
0.0152151 0.000173528
0.0156584 0.00276
0.0155076 0.00256905
0.0154214 0.0023594
0.0155179 0.00211051
0.0155024 0.00182363
0.0155217 0.00131011
0.0153899 0.00157495
0.0154292 0.000772787
0.0153806 0.0010492
0.0153575 0.000551114
0.0151091 0
0.0151428 0.000392491
0.0149686 0.000197202
0.0153837 0.00276
0.0152364 0.00251266
0.0152739 0.00222964
0.0152782 0.00201434
0.0152208 0.00178733
0.0152822 0.00135043
0.0151588 0.00117947
0.0151158 0.00157669
0.015207 0.000792935
0.0150789 0.000983121
0.0150573 0.000589667
0.0148344 0
0.0148734 0.000396946
0.0147078 0.000199679
0.015109 0.00276
0.015065 0.00226904
0.0149972 0.0025394
0.0150265 0.00200124
0.0149395 0.00178458
0.0150017 0.00138405
0.0148982 0.00118453
0.0148319 0.00157847
0.0149246 0.000782144
0.014805 0.000981549
0.0147671 0.000586878
0.0145596 0
0.0145956 0.000401288
0.0144443 0.0001984
0.0148343 0.00276
0.0148414 0.00218308
0.0148113 0.00242527
0.0147418 0.00198441
0.0146656 0.00177642
0.0147217 0.00137883
0.014631 0.00118501
0.0145564 0.00155712
0.0146463 0.000771335
0.0145634 0.000959695
0.0144753 0.000598979
0.0142849 0
0.0143175 0.00039088
0.014183 0.000186287
0.014617 0.00252281
0.0145596 0.00276
0.0145883 0.00222497
0.0144681 0.0019903
0.0144235 0.00176714
0.0144286 0.00135418
0.0143978 0.00108896
0.0142938 0.00158882
0.0143561 0.00081364
0.0142009 0.000578687
0.0140102 0
0.0140267 0.00032742
0.0143987 0.00235215
0.0142849 0.00276
0.0143753 0.0025704
0.0142695 0.0021575
0.0142018 0.00186258
0.0142242 0.00120748
0.0141543 0.0014
0.0141654 0.000982564
0.014054 0.00162196
0.0140715 0.0007811
0.0139371 0.000579529
0.0137355 0
0.0137635 0.000181218
0.0137877 0.000404693
0.0140102 0.00276
0.0141534 0.0024812
0.0140487 0.00228049
0.0140233 0.00203767
0.013925 0.00181166
0.013994 0.00117773
0.0139168 0.00139317
0.0138971 0.000974243
0.013799 0.00160279
0.0137846 0.000781131
0.0136423 0.000572611
0.0135331 0.000304719
0.0134608 0
0.0137355 0.00276
0.0138288 0.00222511
0.013874 0.00249565
0.0137618 0.00198031
0.0136448 0.00178185
0.0136798 0.00139381
0.0137424 0.0011867
0.013624 0.00100602
0.0135364 0.00155876
0.013627 0.00257657
0.0135064 0.000771739
0.0133779 0.000525841
0.0133889 0.000986181
0.0132827 0.0002571
0.0131861 0
0.0134608 0.00276
0.0136031 0.00215823
0.0136028 0.00237338
0.0134863 0.00198595
0.013391 0.00177672
0.0134714 0.00127784
0.0132704 0.0011583
0.0133128 0.0015489
0.0133616 0.00252812
0.0132373 0.000740647
0.0131187 0.000491778
0.013127 0.000934163
0.0130173 0.000229504
0.0129114 0
0.013186 0.00276
0.0131533 0.00178321
0.0133653 0.00223887
0.0132476 0.00200819
0.0131785 0.00238509
0.0132012 0.0013677
0.0130402 0.00116251
0.0130582 0.00158028
0.0130584 0.0025677
0.0128784 0.000439412
0.0129553 0.00069311
0.0128909 0.000943587
0.0127385 0.000230747
0.0126367 0
0.0129113 0.00276
0.0128987 0.00178767
0.0129892 0.00198755
0.013082 0.00219131
0.0129094 0.00237417
0.0129473 0.00137814
0.0128061 0.00116662
0.0128084 0.00158876
0.0127682 0.00255514
0.0127277 0.000746905
0.0126721 0.000511186
0.0126449 0.000963916
0.0124802 0.0002679
0.012362 0
0.0126366 0.00276
0.0126502 0.00180745
0.0127287 0.00198735
0.0128032 0.0021723
0.0126311 0.00232955
0.0125667 0.00117219
0.0127041 0.0013808
0.0125721 0.00159609
0.0124985 0.0025487
0.0124963 0.000744352
0.0124427 0.000530551
0.0124102 0.000955059
0.0122567 0.00044997
0.0122227 0.000198743
0.0120545 0.000349963
0.0120873 0
0.0123619 0.00276
0.0124397 0.00183161
0.0124994 0.00208512
0.0123769 0.00232829
0.0122228 0.00174589
0.0123292 0.00117822
0.0124635 0.00138083
0.0123441 0.00158228
0.0122266 0.00255373
0.0121931 0.000955215
0.0122428 0.000719367
0.0120334 0.000571346
0.0118346 0.000384935
0.0119298 0.000173346
0.0118125 0
0.0120872 0.00276
0.0122421 0.00196796
0.0121047 0.00236498
0.0121967 0.00216825
0.0119979 0.00102186
0.0120193 0.00179627
0.012086 0.0012034
0.0120687 0.00156732
0.0122118 0.0013912
0.0119286 0.00252867
0.0119733 0.000784599
0.01181 0.000945562
0.0117886 0.00060788
0.0116199 0.000423234
0.0116511 0.000203278
0.0115378 0
0.0118125 0.00276
0.0119836 0.00202743
0.0117171 0.00236342
0.0118908 0.00223601
0.0118161 0.00183218
0.0118018 0.00117938
0.0118161 0.00160316
0.0119347 0.00138105
0.0116428 0.00256355
0.0116648 0.000778428
0.0115982 0.000995768
0.0113937 0.000176678
0.0115085 0.000608478
0.0114016 0.000376329
0.0112631 0
0.0115378 0.00276
0.0117141 0.00203013
0.0114575 0.00236511
0.0115718 0.00217219
0.0116006 0.00180005
0.0115777 0.00156952
0.0115292 0.00122288
0.0116781 0.00138316
0.0113942 0.00101544
0.0113605 0.00256634
0.0113773 0.000791408
0.0111532 0.000258997
0.0112497 0.000545131
0.0109884 0
0.0108995 0.000211797
0.0112631 0.00276
0.0114172 0.00196121
0.0112052 0.00236508
0.0112921 0.00215904
0.0113823 0.00168714
0.0112733 0.00120657
0.0113811 0.00142966
0.0111706 0.000964764
0.0110767 0.00253139
0.0107907 0.000413029
0.0110876 0.00072884
0.0110093 0.000479581
0.0107137 0
0.0106274 0.000213729
0.0109884 0.00276
0.0112109 0.00181389
0.0111113 0.00199091
0.0108772 0.00236683
0.0110141 0.00221111
0.0110222 0.00118284
0.011147 0.00157955
0.0111135 0.00138127
0.0109288 0.000929529
0.0108124 0.00256921
0.0105808 0.000475793
0.0108041 0.000672283
0.010439 0
0.0103887 0.000247421
0.0107137 0.00276
0.0109705 0.00173906
0.010637 0.00236464
0.0108609 0.00196754
0.010737 0.00215858
0.010818 0.00118791
0.0108704 0.0014704
0.0106995 0.000922703
0.0106132 0.0011302
0.010547 0.00257615
0.0103699 0.0005494
0.0105283 0.000742849
0.0101643 0
0.0102026 0.000332683
0.00988957 0
0.010439 0.00276
0.0104092 0.00238289
0.0107315 0.00173473
0.0104698 0.00215927
0.0105882 0.00195658
0.0106252 0.00136279
0.0105804 0.00156569
0.0104117 0.00121066
0.0104258 0.000984407
0.0102678 0.002539
0.0101824 0.000629371
0.0102559 0.00085571
0.0100138 0.000220075
0.0100234 0.000497943
0.00977198 0.000168827
0.00961486 0
0.0101642 0.00276
0.0100346 0.00258598
0.0102281 0.00225221
0.010449 0.00178783
0.0102846 0.00199434
0.0103456 0.00140657
0.0103227 0.00160291
0.0101935 0.00118718
0.0100283 0.00238198
0.0099913 0.00079772
0.01005 0.0010252
0.00981662 0.000393369
0.00982438 0.000613587
0.00974105 0.000804371
0.00960529 0.00030682
0.0094501 0.000171449
0.00934015 0
0.00980377 0.00254413
0.00988953 0.00276
0.0100199 0.00213437
0.0101669 0.00175482
0.0100311 0.00193051
0.0100804 0.00149726
0.00994785 0.0012907
0.00981072 0.00227309
0.00962161 0.00245479
0.00981617 0.00106881
0.00961268 0.000973234
0.00958609 0.000556648
0.00948273 0.000766106
0.00937763 0.000393469
0.00920223 0.000201938
0.00906544 0
0.00961483 0.00276
0.00945553 0.00258595
0.0097784 0.00199683
0.00988894 0.00174461
0.00980563 0.00154371
0.00969528 0.00133598
0.00958702 0.00220301
0.00952809 0.00198857
0.00938891 0.00236238
0.00953901 0.00118801
0.00938166 0.000994679
0.0092216 0.000797738
0.00929824 0.000592667
0.00911108 0.000415575
0.00894452 0.000209753
0.00879073 0
0.00934012 0.00276
0.00921111 0.00255577
0.00959101 0.00177042
0.00955027 0.00155917
0.00940024 0.00140531
0.00931872 0.0021432
0.00931131 0.00190236
0.00913558 0.00233202
0.00925894 0.00122622
0.0091538 0.00104142
0.00900296 0.00089528
0.00900489 0.000628991
0.00883955 0.000428124
0.00868143 0.000211029
0.00851602 0
0.00906541 0.00276
0.00896227 0.00254894
0.00928444 0.00164809
0.00909409 0.0018374
0.00910831 0.00142394
0.0090531 0.00208816
0.00888859 0.00232438
0.00895537 0.00118816
0.00881366 0.000768781
0.00879121 0.00100564
0.00867793 0.000620389
0.00856496 0.000426768
0.0084141 0.000202676
0.00824131 0
0.0087907 0.00276
0.00871285 0.00254466
0.00885869 0.00188045
0.0089642 0.00163046
0.00880995 0.00140196
0.00862592 0.00231857
0.00876569 0.00211412
0.00862238 0.00115181
0.00856667 0.000869499
0.00838178 0.000662805
0.00839608 0.00233108
0.00833027 0.00041856
0.00814448 0.000223192
0.00810717 0.000484662
0.0079666 0
0.00847208 0.00255563
0.00851599 0.00276
0.0085369 0.00140711
0.00862178 0.00190367
0.00866764 0.00165414
0.0084756 0.00208012
0.00825991 0.00213734
0.00837139 0.00120704
0.00832199 0.000959526
0.00810737 0.000738074
0.00825838 0.0025429
0.00814602 0.00234385
0.00789248 0.000263309
0.00785517 0.000552661
0.00769189 0
0.00824128 0.00276
0.0082236 0.0014172
0.00837808 0.00159514
0.00839194 0.00180589
0.00819517 0.0019169
0.008026 0.00212008
0.00802882 0.000967204
0.00810609 0.00117636
0.00782339 0.000812192
0.00803513 0.00256439
0.00790879 0.0023488
0.00766346 0.000339954
0.00757289 0.000626113
0.00741718 0
0.00746519 0.000189496
0.00796657 0.00276
0.007948 0.00137008
0.00807729 0.0016591
0.00792711 0.00189075
0.00778868 0.00213001
0.00779429 0.001115
0.00760809 0.000914469
0.00778975 0.00256525
0.00766505 0.00236175
0.00740459 0.000401051
0.00738429 0.000827699
0.00725654 0.000550444
0.00714247 0
0.00716453 0.000217627
0.00769186 0.00276
0.00753909 0.00216823
0.00780957 0.00154263
0.00765396 0.00133544
0.00773258 0.00172908
0.00743129 0.00198162
0.007649 0.00192827
0.00746514 0.00113042
0.00753031 0.00256331
0.00740551 0.00235874
0.00703297 0.000390649
0.00716564 0.000784632
0.00721935 0.00104168
0.00699622 0.000639395
0.00686776 0
0.00681411 0.000222062
0.00741715 0.00276
0.00725653 0.00215368
0.0073868 0.00138184
0.0075158 0.00156697
0.00721919 0.00191002
0.00739736 0.00174916
0.00718438 0.00128799
0.00716901 0.00238075
0.00726794 0.00257276
0.0070117 0.00225065
0.0068166 0.000488318
0.0069946 0.000919303
0.00697812 0.00117149
0.00677626 0.000775583
0.0065984 0.000386818
0.00659305 0
0.00650014 0.000187611
0.00714244 0.00276
0.0070169 0.0020161
0.00717356 0.00155564
0.00706313 0.00175235
0.00692627 0.00141112
0.00699181 0.00254322
0.00679327 0.00214031
0.00682304 0.00237418
0.00663028 0.000620714
0.00679726 0.00100993
0.00672356 0.00122427
0.0065837 0.000987919
0.00634152 0.000369286
0.00647382 0.000798912
0.00640413 0.000589844
0.00631834 0
0.00620458 0.000187956
0.00686773 0.00276
0.00682029 0.00187633
0.00681827 0.00162404
0.00663299 0.00142774
0.00660758 0.00203521
0.00671064 0.00256088
0.00658618 0.00232298
0.00646503 0.00120307
0.0063174 0.000983454
0.00618598 0.000559705
0.00606676 0.000377435
0.00617873 0.000774036
0.00604363 0
0.00592218 0.00019273
0.00659302 0.00276
0.00658394 0.00179081
0.00648259 0.00159975
0.00634063 0.00140636
0.00637263 0.00195814
0.00642119 0.00217565
0.00630656 0.00236805
0.00645265 0.00254958
0.00619644 0.00118881
0.00604273 0.000974612
0.00595155 0.00060041
0.0058052 0.00040233
0.00586881 0.00079652
0.00576892 0
0.00565099 0.000203114
0.00631831 0.00276
0.00629148 0.00176254
0.00616748 0.00159219
0.00606253 0.00139836
0.00611148 0.00194703
0.00618453 0.00215492
0.00604827 0.0023619
0.0061769 0.00256592
0.00592638 0.00118303
0.00575462 0.00100431
0.00566944 0.000607176
0.00554365 0.000420695
0.00557869 0.000796495
0.00539103 0.000238317
0.00549421 0
0.0060436 0.00276
0.00599029 0.00176065
0.00585815 0.00159588
0.0058125 0.00139299
0.00584615 0.00193936
0.00593325 0.00214621
0.00579519 0.00234416
0.00590322 0.00256133
0.00564065 0.00124672
0.00549167 0.00104407
0.00535221 0.000818836
0.00534699 0.000562569
0.0052059 0.00032121
0.00521949 0
0.0057689 0.00276
0.00567428 0.00178724
0.00556929 0.00152151
0.00566786 0.00210122
0.00548325 0.00196885
0.00556422 0.00233677
0.00563078 0.00255649
0.00536456 0.00128171
0.00522636 0.0010307
0.00512361 0.000758653
0.0050292 0.000499909
0.00494478 0
0.0050164 0.000217634
0.00549419 0.00276
0.00540046 0.00175866
0.00529272 0.0015415
0.00539612 0.00220664
0.00523465 0.00201449
0.0053556 0.00250429
0.00512914 0.00137862
0.00504801 0.00119062
0.00494881 0.000973254
0.0048687 0.000740585
0.00478541 0.000517829
0.00467007 0
0.00478089 0.000266495
0.00521948 0.00276
0.00498894 0.00156284
0.00514097 0.00175376
0.00517049 0.00230678
0.00500571 0.00192851
0.0049966 0.00214822
0.00506906 0.00254291
0.00484212 0.00136505
0.00475159 0.00115189
0.00467324 0.00091779
0.00460384 0.000687523
0.00455022 0.000442391
0.00439536 0
0.00449814 0.000220876
0.00494477 0.00276
0.00468588 0.00156815
0.00483897 0.00174909
0.00488787 0.00236744
0.0047725 0.00196714
0.00475678 0.00219358
0.00476268 0.00254225
0.00454352 0.00133876
0.0044856 0.00107739
0.00412065 0
0.00440179 0.000832779
0.00435406 0.000621889
0.00428342 0.000432068
0.00423119 0.000216213
0.00467006 0.00276
0.00441782 0.00160133
0.00454459 0.00182035
0.00456717 0.00231244
0.00455327 0.00206207
0.0044908 0.00253461
0.00398309 0.000205848
0.00428932 0.00142166
0.00428223 0.00118263
0.00422751 0.000949323
0.00384594 0
0.00411212 0.000710688
0.00404879 0.000457294
0.00439535 0.00276
0.0041091 0.00160583
0.00425961 0.00180398
0.00413442 0.00197698
0.00429811 0.00230582
0.00433991 0.00207108
0.00423651 0.00255243
0.00407367 0.0023662
0.00382907 0.000385751
0.00371398 0.000188893
0.00408058 0.00129506
0.00392311 0.0014235
0.00384769 0.001619
0.00402076 0.00102196
0.00357123 0
0.00388737 0.000816791
0.00380162 0.000605789
0.00412064 0.00276
0.00394245 0.00186967
0.00401536 0.00214568
0.00396389 0.00256335
0.00383457 0.00232781
0.00359467 0.000406851
0.00345379 0.000200472
0.00383788 0.00119261
0.00368869 0.0013871
0.00371069 0.0018083
0.00357973 0.00158133
0.00372861 0.000991934
0.00329652 0
0.0036132 0.000786875
0.00349084 0.000595696
0.00384593 0.00276
0.0036932 0.00207942
0.00370841 0.0025599
0.00361477 0.00234187
0.00318888 0.000193521
0.00332004 0.000395955
0.00356652 0.00117454
0.00343302 0.00136948
0.0034938 0.00182245
0.0033357 0.00158387
0.0034484 0.000974946
0.00302181 0
0.0031999 0.000575771
0.00332631 0.000777098
0.00341269 0.00204214
0.00357122 0.00276
0.00342564 0.00228373
0.00345117 0.0025449
0.00302025 0.000336874
0.00329629 0.00116519
0.00318328 0.0013681
0.003255 0.00180326
0.00309643 0.00158091
0.0027471 0
0.0031705 0.000967056
0.00277364 0.000203787
0.00295452 0.000585857
0.00304165 0.000780472
0.00321437 0.00225026
0.00315541 0.00201028
0.00329651 0.00276
0.00322383 0.00252004
0.0030358 0.00245244
0.00275862 0.000465494
0.00303167 0.00115807
0.00294128 0.00136657
0.00301329 0.00178812
0.00285834 0.00157903
0.00247239 0
0.0028874 0.000951733
0.00252947 0.000310502
0.00274014 0.000742772
0.0029904 0.00220241
0.00289902 0.00198619
0.0030218 0.00276
0.00280917 0.00237622
0.00286992 0.00259103
0.00252619 0.000579805
0.0027747 0.00115776
0.0027071 0.0013683
0.00276431 0.00178877
0.00262478 0.00159249
0.00219768 0
0.00227419 0.000211572
0.0026184 0.000962667
0.00228015 0.000431463
0.00244427 0.00080742
0.00274169 0.00216536
0.00262924 0.00197313
0.00274709 0.00276
0.00257698 0.00236453
0.00262086 0.00256932
0.0022781 0.000643593
0.00251707 0.00117626
0.00248501 0.00139416
0.00237853 0.00157916
0.00249907 0.00178904
0.00192297 0
0.00201997 0.000179888
0.0020097 0.000380019
0.00233608 0.00102513
0.00203931 0.000601423
0.0021429 0.000842221
0.00248346 0.00215398
0.00234697 0.00198094
0.00247238 0.00276
0.00235081 0.00234564
0.00236473 0.00256101
0.00227833 0.00130229
0.00217001 0.00154791
0.00223455 0.00178782
0.00164826 0
0.00176071 0.000233786
0.00177106 0.000526243
0.00210443 0.00110876
0.00184965 0.000766261
0.00192505 0.000975187
0.00220133 0.00218542
0.00206741 0.00200273
0.00219767 0.00276
0.00213077 0.00245131
0.00202452 0.00133223
0.00195832 0.00156535
0.00199349 0.00178213
0.00157736 0.000367826
0.00149758 0.000562506
0.00137355 0
0.0014411 0.00019473
0.00158358 0.000753883
0.00180922 0.0011909
0.00167175 0.000981183
0.00192505 0.00224933
0.00179591 0.00196992
0.00192297 0.00276
0.0019228 0.00255573
0.00178118 0.00144761
0.00174767 0.00170704
0.00130351 0.000397299
0.00109884 0
0.00129178 0.000669641
0.00110805 0.000202276
0.00159493 0.00134019
0.0014068 0.000939268
0.00148858 0.00116183
0.00151365 0.00179115
0.00155369 0.00199651
0.00170675 0.00244697
0.00164845 0.00221688
0.00164826 0.00276
0.00152028 0.00156203
0.001522 0.00257916
0.00107451 0.000460425
0.00119697 0.000902631
0.000824131 0
0.00104128 0.000720678
0.000810703 0.000327332
0.00124225 0.00165458
0.00132822 0.00138941
0.00119621 0.00116069
0.00128749 0.00193254
0.00138673 0.00216796
0.00139784 0.0024048
0.00137355 0.00276
0.000866329 0.000556988
0.000985922 0.000984982
0.000621806 0.000227715
0.000549421 0
0.000796573 0.000794687
0.000656571 0.000589577
0.00103645 0.00187799
0.000484924 0.00048562
0.000954432 0.00162146
0.00105758 0.00140753
0.000887101 0.00121248
0.00113226 0.00219041
0.00115195 0.00249465
0.00109884 0.00276
0.000734675 0.00100078
0.000388133 0.000233245
0.000220958 0.000428265
0.00027471 0
0.000523862 0.000815304
0.000861982 0.00206874
0.000745148 0.00176289
0.000260687 0.000694681
0.000584135 0.00114029
0.000732922 0.00142417
0.000876316 0.00233784
0.000887594 0.002559
0.000824128 0.00276
0.000160444 0.000169953
0 0.000276221
0 0.000552443
0 0
0.000331233 0.000971366
0.000637511 0.00199309
0.000541236 0.00157567
0.000619236 0.00226401
0.000435592 0.00183356
0 0.000828664
0.000413807 0.00129938
0.00058998 0.00251471
0.000549419 0.00276
0.000187985 0.00108625
0.000432485 0.00211358
0.000311356 0.00156624
0.000299294 0.00233623
0.000198504 0.00180212
0.000219719 0.00206077
0 0.00110485
0.000182986 0.00132507
0.000276609 0.00257332
0.000274709 0.00276
0.000133626 0.00156005
0 0.00220756
0 0.00248378
0 0.00165562
0 0.00193134
0 0.00138047
0 0.00276
