1.03885e-08
0.0969197
0.0325476
-1.64952e-08
-19.2917
-19.2917
-19.2917
7.75164e-09
0.0328654
-1.08337e-08
0.0926771
0.103303
-19.2917
0.15446
0.103303
0.206361
-19.2917
-18.271
-18.0907
-18.0665
-18.1658
-19.2917
-19.2917
-18.0448
0.104393
0.104393
0.208028
0.155105
0.206605
-17.5591
-16.6787
0.206605
0.258225
0.309887
-17.8275
-16.9521
-16.6917
-17.8275
-16.8538
-17.6767
-16.7821
0.208786
0.260898
0.208785
0.313137
0.309908
-15.9517
-15.4044
0.41321
0.309909
0.361556
-16.3634
-15.4952
-16.3634
-15.5489
-15.8793
-14.3606
0.313178
0.313179
0.36537
0.41757
0.41321
-14.7716
-13.9268
0.464861
0.413206
0.516508
-14.169
-14.8992
-14.3378
-13.2946
-14.8993
-14.3142
-13.0396
0.417572
0.417568
0.469767
0.521961
0.516513
-13.3618
-12.577
0.516534
0.568165
0.619841
-12.6524
-13.4351
-12.2095
-13.435
-12.8503
-11.7774
0.521962
0.626371
0.521976
0.574161
0.619808
-11.9146
-11.1479
0.619716
0.671462
0.723001
-11.3528
-11.9716
-10.9517
-11.9718
-11.4697
-10.4997
0.626361
0.678551
0.626298
0.7307
0.723184
-10.5765
-9.87679
0.723589
0.774816
0.827287
-10.0637
-10.512
-9.61046
-10.5105
-9.86825
-9.23198
0.730746
0.731026
0.782974
0.835866
0.825962
-9.28432
-8.10469
-8.60958
0.878406
0.824183
0.93039
-8.72507
-9.04394
-8.23728
-9.04653
-8.28928
0.835076
0.833846
0.888106
0.933039
-7.91074
-7.02374
-7.26343
0.939988
0.986724
-7.32231
-7.68464
-6.84292
-7.66487
-6.74692
0.940742
0.945114
1.04145
0.992941
0.945522
1.00409
1.04797
-6.51486
-5.69691
-6.01751
1.09296
1.00344
-5.88287
-5.97607
-5.99872
-5.11379
1.08241
1.02829
1.03692
1.15128
1.08988
-4.43062
-4.83082
-5.2714
-4.62937
1.43092
-4.73514
-3.86027
-3.83618
-3.87323
-3.51076
1.12324
1.11779
1.20068
0.921193
0.891657
-3.37262
-3.90023
-3.50989
1.57875
-2.97602
-2.34072
-2.82534
-2.15602
-2.27785
1.08671
0.981853
1.76838
-0.21621
0.257701
-2.1509
-2.6243
-2.67247
-0.341709
-1.66465
-1.76535
-0.324384
-1.0119
0.481603
-0.213938
-0.177798
-0.694773
-0.34447
-1.25701
-1.76355
-1.91003
-1.78172
-0.847869
-1.15536
-0.449511
-0.598078
-0.303354
-0.685589
-0.418104
-0.861306
-0.605756
-0.431665
-0.360843
-1.23227
-1.31723
-0.93706
-0.691315
-0.633151
-0.364972
-0.642376
-0.517089
-0.394786
-0.447713
-0.764968
-0.485318
-0.287785
-0.234486
-0.0326847
-0.802488
-0.550873
-0.176952
-0.383574
-0.000820898
-0.353965
-0.258592
-0.192558
-0.535922
-0.271943
-0.0884621
-0.0253037
0.137287
0.292893
-0.238876
-0.329354
0.0668868
-0.0618414
0.259792
-0.0293187
0.00061084
0.12401
-0.0865527
0.171017
0.147585
0.2665
0.447655
0.459649
0.605655
0.0643275
0.513129
0.276911
0.288725
0.315237
0.426661
0.311369
0.491104
0.431879
0.52582
0.916959
0.707705
0.761231
0.454173
0.831057
0.640257
0.606232
0.663706
0.612581
0.781136
0.78232
0.722737
0.916658
1.22353
1.10158
0.98842
1.13661
1.24073
0.840101
0.965384
1.02816
0.95641
0.893986
1.04761
1.04417
1.22295
1.52783
1.42286
1.31788
1.47128
1.15662
1.44723
1.18676
1.31208
1.33028
1.30066
1.35488
1.52761
1.83092
1.72549
1.66513
1.75381
1.68794
1.52125
1.60021
1.60403
1.68684
1.95141
1.54594
1.82249
1.66183
1.83075
1.95107
2.13341
2.03048
2.01572
1.8793
1.82063
1.95147
2.22253
2.29099
2.08906
2.09128
1.94743
2.19313
2.13332
2.43566
2.44334
2.24775
2.33471
2.11112
2.27171
2.50396
2.53408
2.44809
2.34337
2.27468
2.43557
2.73776
2.84006
2.72415
2.54311
2.67359
2.59629
2.46138
2.79008
2.79611
2.67453
2.57349
2.73772
2.92826
3.03985
3.14914
3.04091
2.79691
2.93023
2.79444
3.06347
3.05508
2.83143
3.03982
3.22546
3.15343
3.32805
3.34192
3.4333
3.35014
3.07108
3.07445
3.27031
3.14241
3.31544
3.33754
3.59884
3.3419
3.49698
3.46287
3.60197
3.64399
3.63473
3.83642
3.54823
3.36277
3.45966
3.60465
3.89851
3.64398
3.73437
3.77319
3.94606
3.88713
3.85626
4.09985
3.78015
3.6976
3.90524
4.12594
4.21393
3.94606
3.97302
4.01924
4.0417
4.24813
4.32007
4.12745
4.40406
4.47867
4.05607
4.20356
4.41463
4.24813
4.28177
4.28048
4.32558
4.55021
4.61053
4.45634
4.68849
4.69162
4.44998
4.67872
4.55021
4.54077
4.53261
4.65717
4.85229
4.88819
4.78799
5.05246
4.9248
5.10574
4.93833
4.96095
4.80945
4.85229
4.78036
4.81797
4.99622
5.15437
5.14045
5.34861
5.33486
5.33688
5.19808
5.1955
5.17765
5.15437
5.07187
5.04879
5.17287
5.34234
5.45644
5.51446
5.66238
5.52349
5.59874
5.46012
5.43059
5.5345
5.45368
5.45645
5.37561
5.69886
5.75852
5.83975
5.9438
5.73678
5.81419
5.73492
5.80552
6.05676
5.67576
5.99717
5.75852
5.77011
5.9717
6.0606
6.21072
6.40445
6.16743
6.31942
6.01361
6.03958
6.27066
6.27232
6.21445
6.0606
6.11743
6.31922
6.36268
6.48817
6.67143
6.55728
6.54611
6.32267
6.51092
6.39464
6.53262
6.50499
6.36268
6.65929
6.66476
6.88561
6.81073
6.88183
6.76375
6.69653
6.60273
6.82507
6.82546
6.73864
6.66476
6.86048
7.05189
6.96684
7.14157
7.01077
7.12012
6.96883
7.03051
7.1875
7.04648
6.96684
7.12866
7.30594
7.38054
7.37979
7.26891
7.4304
7.40296
7.29723
7.27212
7.29587
7.45261
7.26891
7.56455
7.53388
7.57099
7.69369
7.651
7.66514
7.70972
7.57099
7.61753
7.57632
7.70593
7.89527
7.75001
7.85663
7.81784
7.87307
8.00076
7.92254
7.94038
7.87307
7.92519
7.93708
8.18148
8.16731
8.17515
8.00952
8.1421
8.11413
8.17515
8.2997
8.38882
8.19632
8.21126
8.20775
8.42787
8.26105
8.47559
8.61889
8.47723
8.29173
8.41801
8.41239
8.47723
8.60792
8.54862
8.67466
8.57858
8.89618
8.84812
8.82208
8.7793
8.55377
8.55396
8.73484
8.70217
8.7793
8.9241
8.90134
9.10602
8.89056
8.94698
9.11983
9.15437
9.08138
8.8064
9.00828
9.13897
8.95817
9.08138
9.244
9.24291
9.38747
9.20195
9.30979
9.42139
9.48308
9.38346
9.07126
9.26552
9.40397
9.27507
9.38346
9.49447
9.57383
9.55923
9.69513
9.53896
9.65732
9.74803
9.68554
9.47354
9.70263
9.57582
9.69798
9.68554
9.81895
9.88484
9.87079
9.96606
9.90139
9.959
10.0278
9.98762
9.75835
9.92653
9.97684
9.98762
10.1357
10.169
10.1958
10.1823
10.2325
10.2293
10.2626
10.2897
10.2273
10.2087
10.4351
10.2897
10.4535
10.4836
10.516
10.4784
10.4716
10.4582
10.5824
10.5918
10.7379
10.4606
10.6741
10.7082
10.7144
10.5918
10.8126
10.8024
10.8559
10.909
10.7728
10.6928
10.861
10.8938
11.0008
10.9401
10.9876
10.8939
11.1413
11.0746
11.1582
11.1522
11.1704
11.082
11.0033
11.1959
11.2772
11.2097
11.2508
11.1959
11.3818
11.4467
11.4768
11.3711
11.5175
11.4838
11.4724
11.3239
11.498
11.4539
11.498
11.6631
11.7269
11.7092
11.7052
11.7728
11.6613
11.907
11.7298
11.6996
11.6621
11.8001
11.8001
11.943
11.9684
11.9702
12.0045
11.9778
12.173
12.2711
11.9517
11.9518
12.1022
12.1022
12.1912
12.1911
12.2493
12.256
12.2573
12.5117
12.451
12.6263
12.2436
12.22
12.4042
12.4042
12.4457
12.4383
12.4274
12.5786
12.7162
12.5437
12.8347
12.7761
12.9655
12.528
12.7063
12.7063
12.7003
12.6729
12.6931
12.8745
13.1232
12.9328
13.1081
13.2825
12.8782
13.0084
13.0084
12.8867
12.9464
12.9965
13.1544
13.4165
13.3304
13.3519
13.4736
13.6506
13.1373
13.2116
13.3105
13.3104
13.2645
13.1575
13.284
13.4495
13.6125
13.6779
13.6888
13.6513
13.802
13.9538
13.9766
13.4677
13.512
13.6126
13.5028
13.5444
14.1181
13.7234
13.7543
13.9145
14.0009
14.1972
13.9826
14.3079
13.8186
13.9147
14.2168
13.8256
13.792
14.2579
14.4077
14.0554
14.0443
14.2165
14.4583
14.3435
14.3084
14.6352
14.6742
14.2074
14.5188
14.0817
14.3694
14.5255
14.6419
14.3397
14.3563
14.5184
14.6725
14.8637
14.6816
14.9632
14.9547
14.8208
14.6178
14.635
14.8076
14.6218
14.8201
14.9629
14.8666
15.1112
15.0472
15.0413
14.9395
15.2882
15.2376
15.2469
15.1225
14.9762
15.1216
15.1876
15.1501
15.3066
15.3714
15.3101
15.5468
15.521
15.5194
15.4227
15.5391
15.4242
15.3189
15.4641
15.4929
15.6039
15.6745
15.6781
15.8309
15.7904
15.7709
15.8177
15.7239
15.7247
15.6933
15.7955
15.9996
15.8894
15.9411
16.0078
16.1113
16.0673
16.0348
16.1416
16.0249
16.0281
16.0592
16.239
16.1652
16.2384
16.3453
16.3007
16.3746
16.3495
16.3141
16.3958
16.3216
16.3191
16.5132
16.4535
16.5834
16.5804
16.5546
16.6222
16.6552
16.6212
16.5972
16.7006
16.6569
16.6613
16.7235
16.692
16.7382
16.8339
16.7965
16.8231
17.1349
17.0835
16.8993
17.1279
17.1546
16.9514
16.9341
17.1294
17.2992
17.3338
17.3733
16.7093
16.7511
17.074
16.7058
16.7766
16.8698
17.001
17.2169
17.1612
16.5667
17.2817
17.3019
19.2917
19.2917
19.2917
19.2917
19.2917
19.2917
19.2917
19.2917
19.2917
19.2917
19.2917
