3.09908e-36
4.44047e-06
4.44047e-06
3.09908e-36
0.00125873
0.00226571
0.00201396
3.13178e-36
4.48733e-06
3.13178e-36
4.48733e-06
6.19815e-36
0.00201396
4.44047e-06
6.19815e-36
4.44047e-06
-8.93954e-34
0.000882532
0.00166669
0.0022563
0.0021778
-8.93954e-34
0.00125873
0.00175822
6.26357e-36
6.26356e-36
4.48733e-06
4.48733e-06
6.19815e-36
0.00208362
0.00225822
6.19816e-36
4.44047e-06
4.44046e-06
5.27091e-34
0.00101258
0.00172834
5.27092e-34
0.00216143
0.000934109
0.00165368
6.26356e-36
4.48733e-06
6.26357e-36
4.48733e-06
6.19815e-36
0.00209275
0.00225371
4.44051e-06
6.19812e-36
4.44047e-06
5.27089e-34
0.00136396
5.2709e-34
0.00188014
0.00105312
0.00200319
6.26357e-36
6.26355e-36
4.48733e-06
4.48735e-06
6.19818e-36
0.00214663
0.00225046
4.44048e-06
6.19831e-36
4.44026e-06
0.00179959
5.27081e-34
0.000952087
0.00129843
5.27085e-34
0.00124834
0.00185389
6.26357e-36
6.26365e-36
4.48734e-06
4.48722e-06
6.19799e-36
0.00219482
0.00224022
6.19743e-36
4.4404e-06
4.44151e-06
0.00189426
5.27054e-34
0.00112157
5.27052e-34
0.00106382
0.00196638
6.26353e-36
4.48785e-06
6.26315e-36
4.4873e-06
6.19914e-36
0.00221139
0.00224169
6.2016e-36
4.44081e-06
4.43525e-06
0.00182566
5.26982e-34
0.00104365
5.26994e-34
0.00124046
0.0018965
6.26383e-36
4.48752e-06
6.26554e-36
4.48452e-06
6.19244e-36
0.00219169
0.00224539
6.18148e-36
4.43857e-06
4.46486e-06
0.00176373
5.26916e-34
0.00101339
5.26977e-34
0.00116304
0.00194432
6.26154e-36
6.2539e-36
4.48619e-06
4.49515e-06
6.23292e-36
0.0021679
0.00204402
0.0022574
4.44864e-06
6.27503e-36
4.26584e-06
0.00173673
5.26731e-34
0.000997164
-1.11194e-21
0.00128251
6.27616e-36
6.30529e-36
4.48635e-06
5.81429e-36
0.00214676
0.00191878
0.00224709
1.133e-35
4.1063e-06
0.00170788
5.33365e-34
0.000955462
5.34217e-34
0.00116108
5.95364e-36
4.27098e-06
4.2309e-06
3.93022e-06
1.15886e-35
6.03129e-36
4.7709e-06
0.00212435
0.00184287
0.00220316
3.58893e-06
2.57068e-35
0.00156681
5.85539e-34
5.84975e-34
0.00103759
4.15556e-06
5.31348e-36
2.57022e-35
-2.6486e-19
-1.79563e-06
0.00169505
0.0018247
0.00214309
0.00211857
4.32267e-35
0.000999818
5.91471e-34
0.00156791
5.88303e-34
0.00100712
3.84103e-06
2.72498e-36
3.99887e-35
-1.86664e-35
1.68983e-05
0.0017671
0.00203418
0.00205908
3.9905e-34
0.000909321
4.48206e-34
0.00163358
4.39702e-34
0.00110485
-2.9214e-06
-1.96351e-35
4.32337e-34
1.24078e-36
0.000148414
0.00151711
0.00189647
0.00191972
0.00056327
0.00102144
0.00151685
0.000554045
0.000874012
5.72651e-05
-2.47978e-19
0.000416761
8.13406e-35
0.000236368
0.00132311
0.0016661
0.0018101
0.00172623
0.00106048
0.00145235
0.000692965
0.000890805
0.000204062
8.07092e-35
0.00056297
0.00125023
1.35016e-34
0.000371277
8.54828e-20
0.00157923
0.00166495
0.0015303
0.00134141
0.00108668
0.000795937
1.35678e-34
0.000996731
0.000666052
0.000321881
0.00139538
0.00125803
0.0010995
0.000443962
1.07259e-19
0.00153287
0.0014333
0.000931166
0.00118731
0.000732927
1.6208e-34
0.00074167
0.000397768
0.00143586
0.00133952
0.000989037
0.00123678
0.000469796
8.66709e-20
0.00135774
0.00143654
0.00104664
0.00122508
0.000900248
1.74078e-34
0.000722164
0.000410979
0.00139085
0.00101091
0.00135511
0.00121142
0.00037038
0.000703579
1.75137e-20
0.00136966
0.00104414
0.00121588
1.788e-34
0.000737974
0.000399276
0.00137483
0.000984021
0.00132975
0.00120001
1.81303e-34
0.000820271
0.000456263
0.00133303
0.00105709
0.00123575
1.80631e-34
0.000607873
0.00136584
0.000915668
0.00115585
0.00130689
1.81274e-34
-5.75685e-21
0.000431469
0.000769623
0.00101568
0.0011876
0.00133908
0.00122828
0.000742394
0.000372814
0.00135731
0.00107043
0.00128603
6.22029e-20
1.81377e-34
0.000426786
0.000769035
0.0010445
0.00136086
0.00126467
0.0013219
0.000910211
0.000497339
0.00118166
0.00133381
1.81367e-34
1.81332e-34
0.000391567
0.000740928
0.00103493
0.00122969
0.00135182
0.000783301
0.00104774
0.000475874
0.0008523
0.0012443
0.00135997
0.00133531
1.81326e-34
0.000452158
-3.53774e-20
0.000486495
0.00113601
0.00130428
0.00118306
0.000879999
0.000826805
0.00109787
0.00134416
0.00135606
0.00131063
0.000488773
1.81295e-34
1.8127e-34
0.000467457
0.00127971
0.000814457
0.00118149
0.00104268
0.000916665
0.00119388
0.000485924
0.0013595
0.00131511
1.81273e-34
-4.84262e-20
0.000450643
0.000754338
0.00133413
0.000759955
0.00103522
0.00122263
0.00105664
0.00126311
0.000371878
0.00134405
1.8126e-34
0.000519086
-2.99379e-20
0.00045689
0.000852776
0.0013553
0.000980929
0.00122458
0.00115726
0.00131442
0.00133872
1.81253e-34
0.000432494
0.000778313
0.00106306
-1.52535e-20
0.000381357
0.000762196
0.00131198
0.00136014
0.00103729
0.0012091
0.00135203
0.00126754
0.00121001
1.8125e-34
0.000390986
0.000775433
0.000946409
2.67438e-20
0.000583781
0.00108576
0.00106619
0.00134323
0.00124281
0.0013468
0.00126637
1.81248e-34
0.000566092
0.000939872
1.81247e-34
0.000789971
0.000393051
0.00100554
0.00120964
0.00133706
0.0013598
0.00133251
0.0012272
1.81248e-34
0.000356908
0.000761505
0.00109836
-4.29524e-20
0.000781598
0.000523107
0.00104734
0.00123859
0.00130276
0.00135824
0.00134636
1.81247e-34
0.000470233
0.0008961
0.0011877
1.81247e-34
0.0008144
0.000442315
0.00111074
0.00130316
0.00132758
0.00136028
1.81247e-34
0.0006387
0.000993812
0.00118818
1.81247e-34
0.000918018
0.000503787
0.000391469
0.00121305
0.0010849
0.00134039
0.00135416
0.00130407
1.81247e-34
0.000472701
0.000915453
0.00116041
-1.91725e-20
0.000744202
0.000438812
0.00096041
0.00117543
0.00129431
0.00136014
0.00130064
1.81247e-34
0.000366531
0.000692455
0.00093257
0.00115248
1.81247e-34
0.000779811
0.000477648
0.00126747
0.00107584
0.0013507
0.0013483
0.00127677
0.000917792
1.81247e-34
0.000532096
0.00109701
6.0209e-20
0.000908751
0.000512417
0.00133298
0.00121424
0.00135738
0.00128405
0.00116413
0.000776198
0.00118706
-4.9512e-20
0.000428968
0.000872549
-1.17393e-20
0.000443543
0.000710692
0.000868757
0.0011065
0.00134039
0.00134255
0.00129398
0.00127362
0.00108035
1.81247e-34
0.00048341
0.000841562
-6.87989e-22
0.000347409
0.000580319
0.000943652
0.00120683
0.0013599
0.00133673
0.000520939
0.00130837
0.00110625
1.81247e-34
0.00079772
-5.67005e-20
0.00039429
0.00110081
0.000809157
0.00129975
0.00135998
0.000391779
0.00130951
0.00102221
0.00120374
1.81247e-34
0.000479266
0.000837528
-2.00072e-20
0.000538548
0.00123245
0.000991713
0.00135252
0.0013394
0.00132658
0.00118241
-9.43212e-21
0.000433898
0.00103457
0.000583152
0.000809283
2.72232e-20
0.000430746
0.00107768
0.00122436
0.00135903
0.00128117
0.00134059
1.81247e-34
0.000899583
0.00120557
1.81247e-34
0.000491249
0.00102331
0.000722251
0.000359987
-3.78524e-21
0.00124655
0.00134557
0.00135175
0.00116743
0.00109912
0.000831039
0.00127903
1.81247e-34
0.000455936
0.000902624
0.000531838
5.58844e-20
0.00131737
0.00135692
0.00125073
0.0010595
1.81247e-34
0.00110468
0.00082221
0.00127821
3.37241e-20
0.000436233
0.00089333
0.000729958
0.00035687
0.0013512
0.0013152
0.00135244
0.00115617
0.000912979
2.98619e-20
0.00110074
0.000773919
0.0012975
-6.40188e-20
0.000429208
0.000518081
0.00129315
0.00136032
0.00125341
0.000791177
0.00109951
5.34219e-21
0.000985611
0.00118303
0.000769003
0.00129721
1.81247e-34
0.000432152
0.000411969
0.000700842
0.00135289
0.00134268
0.0012196
0.000997555
1.81247e-34
0.00108299
0.000801871
0.00132242
0.00124906
4.8703e-20
0.000492816
0.000386527
0.000733487
0.00136021
0.00131761
0.00118369
0.000988398
1.81247e-34
0.00107798
0.000914512
0.0013363
0.00120927
4.87082e-20
0.000763371
0.000424988
0.000418136
0.000783092
0.00135762
0.00129587
0.00110785
1.81247e-34
0.00108247
0.00134625
0.00126445
0.000975082
-4.06233e-20
0.000753732
0.000418913
0.000445305
0.00083916
0.00135846
0.00127867
0.00111115
-3.36936e-20
0.00117812
0.0012991
0.00107221
-1.46188e-20
0.000753295
0.000390479
0.00135191
0.000525747
0.000946171
0.00133764
0.00122196
1.81247e-34
0.00104553
0.00125154
0.000884691
3.70018e-21
0.000484354
0.00135888
0.00132588
0.000449782
0.000812234
0.00111126
0.00128785
4.61191e-20
0.000384602
0.00116653
0.000755697
0.0012339
0.00104388
1.31772e-20
0.000473898
0.00136007
0.00132242
0.00131009
0.000747206
0.00105402
0.00119599
1.81247e-34
0.00041318
0.000889911
0.0011865
-3.96637e-20
0.00134858
0.000365818
0.000696676
0.00133903
0.00120107
0.000741898
0.00100316
1.81247e-34
0.000450962
0.00100923
0.00123331
-2.02969e-20
0.00130219
0.00136032
0.000817932
0.000427693
0.00128177
0.000562003
0.00113271
0.000904324
1.81247e-34
0.00110597
-4.20861e-21
0.0012948
0.00135851
0.00133325
0.00108301
0.000797124
0.000448487
0.00122848
0.00110706
0.000410071
0.000832774
1.11769e-19
3.75575e-20
0.00121205
0.00134153
0.00134914
0.00096993
0.000519197
0.00129368
0.00112565
0.000930816
0.000523848
5.69921e-20
3.19039e-20
0.00109147
0.00129246
0.00136005
0.000782906
0.000404062
0.000912099
0.0012977
0.00115009
0.000396251
0.000762778
6.04654e-20
1.17051e-20
0.000936802
0.00120795
0.00133558
0.00135919
0.000690589
0.000476978
0.000924512
0.00129868
0.00114317
0.000507635
1.81249e-34
-4.98872e-20
0.000810413
0.00110856
0.00131158
0.00135984
0.000841968
0.000486234
0.0012982
0.00111682
0.000499985
1.81249e-34
2.67075e-20
0.0011988
0.000953391
0.00131857
0.00136019
0.000861546
0.00045562
0.00133977
0.00125425
0.00107485
0.000731246
0.000417793
-5.58853e-20
5.58827e-20
0.000979221
0.00117153
0.00129712
0.00135689
1.81239e-34
0.000732144
0.000386892
0.0013472
0.00127289
0.000907534
0.00113497
0.00075643
0.000398354
3.55281e-20
0.00111911
0.00129024
0.0012741
0.000864608
0.00135006
-8.20967e-21
0.000488809
0.000789092
0.00135723
0.00108096
0.000504044
-4.25763e-21
-6.74986e-21
0.00107526
0.00124909
0.00135079
0.00128238
0.000850054
0.00132047
1.81235e-34
0.0007965
0.000436591
0.00134786
0.00117777
0.00094474
0.000423926
1.81239e-34
0.00116457
0.000753067
0.0013602
0.0013242
0.0010488
0.00125763
-1.12975e-19
0.0005093
0.00129026
0.001311
0.00110513
0.000780831
1.81233e-34
0.00049822
0.000931268
0.00136026
0.00116743
3.12988e-20
0.000403636
0.00081366
0.0012803
0.00135479
0.00133454
0.00113637
0.00120072
0.000931449
0.000511646
1.81238e-34
0.000454551
1.81288e-34
0.00124181
0.000826136
0.00135054
0.00133744
0.00105478
0.00129144
0.001081
0.00075883
1.81397e-34
0.000392401
1.8127e-34
0.000452502
0.0012189
0.000789975
0.00135923
0.00129325
0.00107339
0.00133686
0.00119798
0.000927944
0.000492964
1.81664e-34
-3.4814e-21
0.00040308
0.000769759
0.000776401
0.00134549
0.00121531
0.000963001
0.00135419
0.00127444
0.00108097
0.000450691
1.25621e-20
1.12039e-19
0.000521311
0.000882711
0.00131112
0.00114854
0.000535467
0.000874175
0.00135122
0.00131028
0.00116255
0.000602291
7.85644e-20
1.83386e-34
0.000979216
0.00127836
0.0003719
0.000415943
0.00110083
0.000817607
0.00133783
0.00132758
0.00121073
0.000749153
5.20967e-20
-5.94088e-20
0.00102597
0.00125764
0.00134063
0.000452823
0.000483003
0.00106691
0.000820317
0.00130755
0.00126627
0.00111708
0.000829425
5.97555e-20
-3.78458e-20
0.00121431
0.00130562
0.000452188
0.000482602
0.000865964
0.00129696
0.0011044
0.0013551
0.00126236
0.00107605
0.00077532
2.10691e-34
5.36382e-20
0.00133802
0.00037566
0.000405705
0.0007408
0.0004167
0.0007408
0.0011112
0.0009723
0.0011575
0.0011112
0.0009723
0.0004167
-1.04888e-33
-1.05056e-33
