6.10365e-20
1.43634e-35
-1.42427e-42
1.8553e-19
1.11905e-33
-3.75795e-20
-0.000152139
-2.82755e-05
7.52151e-05
9.49753e-35
-7.03315e-43
-1.29867e-12
-3.51976e-13
6.09716e-35
8.15968e-43
4.25146e-13
1.75386e-42
1.58981e-12
-2.1275e-21
0.000144582
-7.56407e-05
-0.00019084
-0.00012322
5.06277e-06
0.000140671
6.01315e-05
-9.11183e-34
0.000110577
4.8314e-12
4.79469e-12
-6.09716e-35
1.21943e-34
6.12473e-35
-5.87868e-12
-6.12473e-35
-5.85152e-12
7.29759e-22
9.20829e-05
-3.35915e-05
-0.000114993
-4.55011e-05
8.9395e-05
3.66063e-05
-4.46276e-21
-2.12414e-11
-2.12972e-11
-1.21943e-34
1.82915e-34
1.22495e-34
-1.22495e-34
2.56851e-11
2.56419e-11
1.68302e-22
-9.94807e-06
4.20009e-21
2.87662e-05
-3.85889e-05
-3.50488e-07
2.85002e-05
9.39543e-11
9.41721e-11
-1.82915e-34
2.43886e-34
1.83742e-34
-1.83742e-34
-1.13638e-10
-1.13376e-10
1.85941e-18
-9.94503e-06
-1.95668e-06
1.03815e-05
-1.82753e-33
-6.41298e-06
8.384e-06
2.58074e-06
6.50257e-06
-4.16751e-10
-2.43886e-34
-4.15777e-10
3.04861e-34
2.44989e-34
-2.44988e-34
5.02905e-10
5.01707e-10
-2.61942e-06
-2.4007e-17
-1.9873e-06
-3.12879e-07
-1.56969e-33
1.61775e-06
8.14514e-07
1.34585e-06
-3.04857e-34
1.84443e-09
1.83935e-09
3.65815e-34
2.22812e-26
-3.0624e-34
-2.22591e-09
-2.21842e-09
-2.06496e-07
1.29686e-15
1.36183e-07
-6.92123e-08
1.19789e-20
2.7889e-07
1.444e-07
-8.17559e-09
-3.6583e-34
-8.07911e-09
4.26867e-34
3.67484e-34
-3.67466e-34
9.87272e-09
9.78028e-09
3.18926e-07
1.10971e-13
6.3647e-07
1.3352e-06
-4.11393e-16
-8.7785e-07
-4.96008e-07
-7.78322e-07
-4.26801e-34
3.7226e-08
3.58568e-08
4.87467e-34
2.17604e-12
4.28735e-34
-4.28815e-34
-4.45928e-08
-4.41144e-08
2.55771e-06
4.87615e-06
-1.881e-06
1.68591e-13
-2.15645e-06
-5.31381e-06
-1.51934e-05
-4.87736e-34
-2.04835e-07
5.88924e-34
8.8118e-35
1.4481e-05
4.89921e-34
-4.89596e-34
2.32382e-07
2.61292e-05
1.08765e-05
-3.20025e-06
4.9983e-13
-1.75742e-05
-3.82538e-05
-5.36867e-34
-3.13712e-07
-5.96917e-07
-7.52007e-07
-1.24808e-34
7.264e-34
5.53082e-05
5.39423e-34
3.37918e-07
-5.9194e-34
3.81111e-07
3.28385e-05
-1.6832e-05
-8.40779e-35
-5.40052e-05
-7.4279e-05
-1.62376e-06
-2.7182e-22
-4.6042e-06
9.88951e-05
9.86733e-05
-1.67681e-34
5.76598e-34
8.08819e-05
5.77117e-34
6.22364e-07
-7.27657e-34
2.7457e-06
-3.7815e-06
1.23996e-34
-0.000115832
-0.000101463
-6.17279e-34
-3.24167e-06
0.00016039
0.000225462
2.1417e-34
1.75652e-05
0.000106742
6.23721e-34
-5.82016e-34
7.09065e-06
-8.67328e-05
1.78925e-34
-0.000183125
-0.000163948
-6.24255e-34
3.52106e-05
0.000210927
0.000254478
0.000160959
-4.13153e-05
0.000102618
-2.13651e-34
6.28366e-34
-6.67279e-06
-0.000177627
-0.000253239
0.000157253
-5.14974e-34
5.32491e-05
0.000206059
0.00014586
-8.04742e-05
3.97032e-05
-8.87975e-05
-0.000228141
-1.7629e-19
-0.000159483
-0.000220093
7.85472e-05
0.000132322
-8.54953e-20
3.9179e-05
0.000133094
7.52023e-05
-7.69316e-05
-3.23862e-06
-9.92925e-05
-4.92501e-05
-0.000147242
4.64409e-34
-0.000136126
9.24003e-05
4.37208e-05
-5.94103e-20
1.95939e-05
3.99186e-05
7.18586e-05
-3.21203e-05
-6.99663e-05
-3.77125e-05
-8.34607e-05
4.774e-34
-6.81187e-05
5.20827e-05
1.1291e-05
-5.05124e-34
1.03218e-05
2.24828e-05
3.59915e-05
-2.80474e-05
-4.19912e-05
-3.45418e-05
-2.15319e-05
5.058e-34
-2.75312e-05
5.36488e-34
2.8722e-05
1.09984e-05
-6.88568e-06
-5.37272e-34
2.94166e-06
9.05607e-06
1.59969e-05
1.4783e-05
-1.86159e-05
-1.4245e-05
-2.10752e-05
-7.11954e-06
-5.54149e-06
5.69689e-34
1.50829e-06
-1.06279e-23
1.84689e-06
5.76388e-06
8.52476e-06
3.80688e-06
-4.14811e-06
-1.02742e-05
-9.67358e-06
-3.7665e-06
-1.59691e-06
-7.80635e-07
6.01589e-34
-6.0158e-34
4.17533e-06
1.91268e-06
7.70464e-07
3.36142e-06
9.53293e-07
-3.67731e-06
-4.78258e-06
-2.05041e-06
-7.30763e-07
-9.62544e-07
6.32901e-34
-3.37929e-21
2.05711e-06
1.30739e-06
2.51439e-07
1.00921e-06
1.16919e-07
-1.74517e-06
-9.93931e-07
-1.13611e-07
-5.31177e-07
-5.02767e-07
6.63825e-34
-6.63836e-34
7.80456e-07
3.34358e-07
2.91511e-08
-3.49923e-08
3.95629e-07
2.36351e-07
-4.29253e-07
-2.70131e-07
-3.67556e-08
-8.1077e-08
-1.45272e-07
6.94515e-34
-3.38804e-22
1.31421e-07
-1.50691e-08
-1.86433e-08
-2.46241e-08
2.47289e-08
7.39658e-08
-3.1982e-08
1.83096e-08
3.23514e-08
-2.57438e-09
7.25096e-34
-1.97991e-23
-3.59599e-08
-2.91424e-08
3.83628e-09
-2.09589e-08
-3.00722e-08
1.66822e-08
4.31119e-08
1.76064e-08
4.94902e-08
4.02082e-08
7.55612e-34
-7.55616e-34
-5.78544e-08
-4.97065e-08
-1.82429e-08
-1.60135e-08
-4.36489e-08
3.42176e-11
2.74298e-08
2.12425e-08
3.37799e-08
2.5041e-08
3.92578e-08
7.86102e-34
-7.24241e-27
-4.97097e-08
-4.01932e-08
-1.13534e-08
-3.1151e-08
-1.13566e-08
1.0527e-08
1.36508e-08
1.67005e-08
2.2307e-08
9.24274e-09
2.19335e-08
8.16581e-34
4.73252e-26
-3.61911e-08
-2.16456e-08
-5.47268e-09
-2.47928e-08
-2.42568e-09
-1.2551e-08
3.91803e-09
7.45433e-09
9.77568e-09
1.04024e-08
6.76031e-09
8.47056e-34
-8.47057e-34
-1.97817e-08
-9.80478e-09
-2.24029e-09
-1.32133e-08
-4.8908e-09
1.48207e-09
4.79733e-09
5.36302e-09
5.52355e-09
2.64794e-09
8.7753e-34
-8.7753e-34
-8.65492e-09
-2.8955e-09
-6.52598e-09
-2.15245e-09
1.21454e-09
3.12282e-09
3.0782e-09
2.77435e-09
1.13876e-09
9.08003e-34
9.38476e-34
-5.33125e-28
-6.1585e-10
-3.27869e-09
-3.1536e-09
3.96979e-10
-9.83133e-10
1.54326e-09
7.08352e-10
1.31984e-09
1.75306e-09
1.34638e-09
2.62887e-10
9.6895e-34
-9.38476e-34
-1.43259e-10
-9.1617e-10
-1.54486e-09
4.22118e-11
-5.26936e-10
1.06219e-09
6.4923e-10
3.55181e-10
5.75082e-10
7.91813e-10
1.11388e-10
9.99423e-34
1.62958e-28
-1.1575e-11
-1.99947e-10
-3.91323e-10
3.42254e-11
5.78596e-10
4.33418e-10
2.81904e-10
2.87569e-10
3.56583e-10
4.73992e-11
1.0299e-33
-2.58244e-27
1.73015e-11
4.82651e-11
6.20246e-12
1.48882e-10
2.27367e-10
3.04187e-10
2.96731e-10
2.10789e-10
1.16804e-10
1.75137e-10
1.41161e-10
1.91129e-11
1.06037e-33
6.35276e-27
3.21608e-11
1.69057e-10
9.87582e-11
1.55462e-10
1.60137e-10
1.3703e-10
1.79414e-10
5.48333e-11
6.05103e-11
9.83155e-11
7.70104e-12
1.09084e-33
-3.9144e-26
6.67642e-11
2.10897e-11
1.18337e-10
1.16893e-10
1.08301e-10
8.56194e-11
8.91839e-11
2.0417e-11
4.54765e-11
2.55252e-12
-3.69805e-30
-1.09084e-33
7.29471e-12
2.71843e-11
5.73893e-11
8.14976e-11
7.41094e-11
5.54016e-11
5.45555e-11
4.91107e-11
1.33212e-11
2.54846e-11
2.84657e-12
1.15179e-33
-1.12132e-33
9.01202e-12
3.43041e-11
5.1147e-11
3.43511e-11
3.71484e-11
3.06558e-11
2.58825e-11
1.09234e-11
1.89792e-11
4.59993e-13
3.09025e-12
1.18226e-33
-6.46731e-27
2.76666e-12
1.2359e-11
2.37549e-11
1.69613e-11
1.69227e-11
2.05415e-11
8.72579e-12
9.15639e-12
6.60576e-12
1.95118e-13
2.08402e-12
1.21274e-33
-1.18226e-33
8.93077e-12
2.08002e-12
1.10403e-11
8.40022e-12
9.46174e-12
2.87006e-12
1.78727e-12
2.78025e-12
-1.96239e-13
7.84603e-14
1.24321e-33
-2.40314e-13
2.93071e-12
-2.70285e-27
4.38288e-12
4.3221e-13
4.11163e-12
3.34949e-12
-2.90295e-13
2.11826e-13
-2.00286e-13
-6.92292e-13
1.27368e-33
-3.22017e-13
1.05951e-12
-1.11332e-27
1.20075e-12
-1.7194e-14
3.22881e-13
-1.06824e-12
-1.12419e-12
-1.31382e-12
-1.44409e-12
-8.35828e-13
1.30416e-33
-2.42125e-13
-7.43516e-15
-6.3758e-28
-5.47006e-13
-1.65522e-13
-5.21632e-13
-1.3423e-12
-1.78555e-12
-1.42145e-12
-1.75194e-12
-1.88834e-12
-9.98293e-13
-4.01785e-13
8.90556e-30
-1.30416e-33
-1.0676e-12
-1.43054e-12
-6.77751e-13
-2.31704e-13
1.36511e-33
-1.73523e-12
-1.80636e-12
-1.40641e-12
-1.69206e-12
-7.68529e-13
-1.63866e-13
-1.38187e-12
-1.33463e-33
-9.4076e-13
-2.85367e-13
3.50107e-28
-1.46187e-12
-1.4468e-12
-1.19385e-12
-3.88584e-13
-7.93533e-13
-8.50413e-14
-2.05002e-13
-9.11976e-13
-1.06453e-12
-1.36511e-33
-1.2469e-13
-4.69503e-13
1.42605e-33
-1.06351e-12
-9.18603e-13
-9.31306e-13
-5.98251e-13
-2.58474e-13
-6.70276e-13
-2.53997e-14
-4.41453e-14
-7.15709e-13
-5.33067e-13
-1.39558e-33
-1.32922e-13
1.45653e-33
-4.43724e-13
-5.18395e-13
-9.50275e-14
-3.00278e-13
-3.96867e-13
2.6918e-14
4.20183e-14
-4.14544e-13
-1.97795e-13
-1.42605e-33
-3.16855e-14
1.487e-33
-1.84941e-13
-1.37869e-13
-1.83015e-13
-1.55782e-13
-4.92665e-14
4.81347e-14
3.45327e-14
7.58218e-14
-4.00344e-14
-1.45653e-33
1.10855e-14
2.66462e-14
1.51747e-33
2.69712e-15
-3.6763e-14
-5.88753e-14
-2.02153e-13
-7.85388e-14
-3.98615e-14
-1.80241e-13
-5.20165e-14
2.2553e-14
-2.36615e-13
5.25776e-14
-1.487e-33
3.80578e-14
1.54795e-33
-5.59854e-14
-4.61424e-13
-8.38965e-13
-3.61607e-13
-6.16013e-13
-7.21327e-13
-1.43741e-12
-7.54824e-14
-3.88624e-13
-1.94282e-14
-1.51747e-33
1.11606e-14
1.57842e-33
-1.84106e-13
-5.76422e-13
-2.14374e-12
-1.36347e-12
-1.88474e-12
-1.95533e-12
-2.24299e-12
-3.58953e-12
-9.74967e-13
-3.17968e-12
-2.53925e-13
-1.54795e-33
-5.12824e-14
1.60889e-33
-5.7419e-13
-3.6813e-12
-1.36214e-12
-4.18728e-12
-3.79405e-12
-5.61548e-12
-5.88753e-12
-6.63098e-12
-2.69946e-12
-7.41857e-12
-4.74346e-13
-1.57842e-33
-1.43138e-13
-2.76356e-27
-1.28682e-12
-1.17062e-12
-7.81237e-12
-3.47989e-12
-8.75317e-12
-1.07679e-11
-1.14697e-11
-1.80606e-11
-5.899e-12
-1.59237e-11
-1.31988e-11
-1.60889e-33
-4.40937e-13
-8.01683e-27
-3.45284e-12
-1.36803e-11
-2.98948e-12
-7.87677e-12
-1.88362e-11
-2.73385e-11
-2.32349e-11
-1.47815e-11
-2.57581e-11
-1.63937e-33
-8.14868e-13
-1.82314e-26
-4.29729e-12
-1.38018e-11
-1.59657e-11
-1.96438e-12
-8.00225e-12
-3.72344e-11
-3.73947e-11
-2.83992e-11
-4.22361e-11
-3.18279e-11
-1.66984e-33
-1.80919e-26
-5.88641e-12
-2.23794e-11
-1.70031e-33
-1.69933e-11
-5.16428e-12
-6.06037e-11
-4.69926e-11
-5.67406e-11
-3.11154e-11
-4.7457e-11
-5.01933e-11
-6.12752e-11
-2.31988e-12
-8.73801e-11
1.76126e-33
-1.31134e-11
-4.51983e-11
-1.73079e-33
-1.15792e-11
-8.38107e-11
-7.15042e-11
-5.2736e-11
-2.68789e-11
-9.31556e-11
-3.53226e-12
-1.16892e-10
-1.17444e-10
-7.96575e-11
1.79173e-33
-2.70464e-11
-1.76126e-33
-1.024e-11
-1.04109e-10
-7.90485e-11
-3.71175e-11
-1.57588e-10
-1.44208e-10
-1.45526e-10
-9.40425e-11
-9.92314e-26
-4.73703e-11
-1.79173e-33
-1.12298e-11
-1.88331e-10
-1.2556e-10
-6.70995e-11
-2.68023e-11
-2.1402e-10
-1.77502e-10
-1.09119e-25
-2.44291e-10
-1.33885e-10
-4.21077e-11
-1.82221e-33
-4.96226e-12
-1.73868e-10
-1.07814e-10
-3.07814e-11
-5.53525e-11
-7.60496e-12
-2.77784e-10
-2.50881e-10
-7.44589e-26
-2.92444e-10
-2.11684e-10
-2.87536e-10
-1.16085e-10
2.3364e-28
-2.14505e-11
-1.06861e-10
2.3554e-13
2.85805e-12
-3.28355e-10
-3.42271e-25
-2.49074e-10
-1.0655e-10
-1.52201e-10
-2.34881e-10
-2.74969e-10
-9.66849e-11
-1.75755e-26
4.66549e-11
-2.80554e-12
2.59349e-11
-1.20336e-10
6.87959e-28
-3.509e-11
-3.17111e-12
-1.67813e-10
1.28992e-10
1.97458e-33
-5.3018e-11
-1.91363e-33
9.48078e-11
1.02479e-10
5.29136e-11
5.29783e-10
3.07257e-10
8.51577e-11
1.79856e-10
4.66508e-10
1.66037e-09
-2.15507e-27
8.88855e-10
1.90879e-10
1.86566e-26
1.42398e-10
9.90747e-11
8.68564e-11
1.66583e-09
5.28861e-10
-1.35477e-10
4.61661e-09
2.67816e-09
4.51625e-09
5.24141e-09
-3.04318e-26
1.7162e-09
1.34995e-25
-3.77386e-11
2.60277e-11
2.59118e-09
-1.76141e-09
-8.26578e-10
-1.0262e-09
9.92637e-09
1.16895e-08
1.32684e-08
-7.66403e-26
6.35672e-09
-2.00505e-33
-9.73562e-10
-1.27107e-10
3.43519e-09
-8.37634e-09
-4.24897e-09
-4.46611e-09
2.30238e-08
1.86053e-08
3.56605e-08
4.03692e-08
9.80631e-23
1.82291e-08
8.78049e-25
-1.21531e-09
-2.27309e-08
-5.31417e-09
-1.42395e-08
-3.92917e-08
-6.93108e-09
4.9772e-08
7.44452e-09
7.2637e-08
9.20862e-08
4.47458e-23
2.04032e-08
8.37993e-08
-8.23443e-27
-1.07005e-09
-3.77181e-08
-7.97562e-08
-2.17142e-08
-5.58502e-08
-5.79261e-09
8.88986e-08
2.54645e-09
1.6696e-07
1.82695e-07
2.03229e-22
5.46366e-08
2.16535e-07
-2.09648e-33
-1.05656e-07
-1.33908e-07
-6.77912e-08
-1.54414e-08
6.11611e-08
3.25427e-07
2.66869e-07
-8.41939e-08
1.63468e-07
7.23875e-22
4.18976e-07
-2.12696e-33
-2.61358e-07
-2.49899e-07
-1.51472e-07
-3.05584e-08
1.06079e-07
5.81501e-07
3.32277e-07
-7.50107e-08
4.45339e-07
1.86231e-07
-9.23907e-22
7.11736e-07
-4.47252e-07
-2.15743e-33
-4.78517e-07
-2.98221e-07
-1.26938e-07
-2.78825e-08
6.54014e-07
2.68655e-07
8.12e-07
-2.69227e-07
8.20653e-07
3.86288e-21
5.68529e-07
-5.3335e-07
-6.47298e-07
-2.18795e-33
-4.89557e-07
-1.47245e-07
2.20636e-37
4.85679e-07
2.65647e-07
1.18749e-06
1.50549e-36
-5.5456e-07
-1.15019e-07
2.2798e-33
8.48588e-07
9.02258e-37
-9.27092e-07
-8.40807e-07
-2.21831e-33
-2.00297e-07
-1.27634e-07
3.08529e-38
3.77259e-37
-1.07058e-36
-1.63358e-22
1.15094e-33
2.56879e-39
-5.05808e-07
-3.62153e-07
5.33209e-26
3.68972e-23
-4.89553e-07
-3.77014e-22
-1.15117e-33
