0 0.000815863
0 0.000925703
2.96377e-06 0.000837305
0 0.000345318
0 0.000240196
0 0.000711226
0 0.000596604
0 0.000471827
3.53832e-06 0.000749444
0 0.000152069
0 3.95552e-05
0 8.55454e-05
0 0
0 0.00105445
3.63534e-06 0.00101313
6.00277e-06 0.000809913
4.73559e-06 0.000909933
3.74465e-06 0.000216687
3.80357e-06 0.000446136
4.24252e-06 0.000334849
3.99962e-06 0.000661106
3.95096e-06 0.000560788
7.39999e-06 0.000715911
4.26946e-06 0.000133493
4.78297e-06 4.1724e-05
3.98064e-06 7.83167e-05
5.08303e-06 0
3.14917e-06 0.00116182
0 0.00121925
6.18379e-06 0.00115486
7.45042e-06 0.000994539
8.57129e-06 0.000799655
8.15715e-06 0.000883334
6.72619e-06 0.000265493
8.37083e-06 0.000338007
7.63463e-06 0.000185997
1.09631e-05 0.000750572
7.85611e-06 0.00047449
8.11299e-06 0.00060375
1.08333e-05 0.000658066
9.64423e-06 4.91049e-05
8.06844e-06 0.000101435
1.06958e-05 0
3.56494e-06 0.00131635
0 0.00140411
9.48812e-06 0.00114536
6.89671e-06 0.00133831
1.11544e-05 0.000957907
1.17289e-05 0.000846112
1.16039e-05 0.000399538
1.13022e-05 0.000150829
1.14651e-05 0.000248554
1.45238e-05 0.000669332
1.57156e-05 0.000764491
1.38488e-05 0.000533837
1.54825e-05 4.80521e-05
1.41393e-05 0.000100051
1.76697e-05 0
1.35425e-05 0.00105442
1.27393e-05 0.0012287
3.67493e-06 0.00148644
0 0.0015916
6.92697e-06 0.00154882
1.03776e-05 0.00140313
1.65719e-05 0.000925147
1.65209e-05 0.00032004
1.79728e-05 0.000183506
2.09899e-05 0.000810868
2.15322e-05 0.000614645
2.07424e-05 0.000459522
2.3431e-05 8.78162e-05
2.92437e-05 0
1.83766e-05 0.00112726
1.56625e-05 0.00135307
3.79166e-06 0.00165897
0 0.00172422
1.01344e-05 0.00161491
7.14476e-06 0.00174206
1.48258e-05 0.00161858
2.67216e-05 0.00100264
2.69106e-05 0.000319141
2.94215e-05 0.000185597
3.05657e-05 0.000718367
3.36105e-05 0.000491459
4.16896e-05 0.000836804
4.05452e-05 0.000120293
4.96601e-05 0
2.09368e-05 0.00150471
2.43306e-05 0.00127706
5.80299e-06 0.00184527
3.21296e-06 0.00178537
0 0.00183042
1.1062e-05 0.0018016
8.42577e-06 0.00190821
1.63978e-05 0.00183369
2.41895e-05 0.00173839
3.85366e-05 0.00108064
3.69536e-05 0.00129146
5.58958e-05 0.0010031
4.74454e-05 0.00031212
5.32878e-05 0.000582248
7.20218e-05 0.000803597
6.75354e-05 0.000150474
8.51934e-05 0
3.2428e-05 0.00152295
3.86394e-06 0.00191155
0 0.00192675
1.33474e-05 0.00194181
1.08719e-05 0.00201432
6.79334e-06 0.0019955
2.10391e-05 0.00195573
3.1747e-05 0.00191917
4.22889e-05 0.00174297
5.49805e-05 0.00151056
5.82183e-05 0.00124632
8.56339e-05 0.00105831
8.50261e-05 0.000354014
9.16025e-05 0.000582404
0.000121231 0.00079852
0.000118674 0.000203538
0.0001474 0
3.42533e-06 0.0019919
0 0.00200296
1.72403e-05 0.00205023
1.15947e-05 0.00209523
7.58467e-06 0.00207622
3.69797e-06 0.0020636
2.92634e-05 0.00206432
4.70819e-05 0.00198972
6.63131e-05 0.00183271
9.0105e-05 0.00161848
8.99526e-05 0.00135275
0.000126126 0.00113558
0.000167502 0.000950903
0.000206574 0.000717452
0.000156043 0.000479409
0.00020294 0.000255907
0.000260241 0
1.59769e-05 0.00212066
0 0.00206753
2.17459e-05 0.00213555
1.28546e-05 0.00215557
8.26941e-06 0.00213945
0 0.00212415
4.18279e-06 0.0021272
3.1705e-05 0.00215076
4.70634e-05 0.0021222
7.46203e-05 0.00205906
0.000107563 0.00189185
0.000154941 0.00167198
0.000152061 0.00141358
0.000208067 0.00118449
0.000278461 0.000970615
0.000344365 0.000749602
0.000324656 0.000249506
0.000305751 0.000511836
0.00050091 0.000197729
0.00046438 0
1.7991e-05 0.00217354
0.000164472 0.00193968
2.64032e-05 0.00219229
1.21245e-05 0.00219038
8.29485e-06 0.00217675
4.55543e-06 0.00216336
0 0.00216642
4.14098e-05 0.00220537
6.84714e-05 0.00220545
0.000113073 0.00215611
0.000257633 0.00179863
0.000262346 0.00156231
0.000269137 0.00136354
0.000374617 0.00117989
0.00047845 0.000948759
0.000549878 0.000682036
0.000507712 0.000445079
0.000696372 0.000262405
0.000741774 0
1.77077e-05 0.00219943
0.000171899 0.00216871
0.000266166 0.00204376
3.08018e-05 0.0022475
2.12832e-05 0.00222583
1.42663e-05 0.00222035
0 0.00220113
8.85356e-06 0.0022053
4.46738e-06 0.00219126
5.16475e-05 0.00229731
0.000143779 0.00238116
9.02477e-05 0.00234822
0.000434094 0.00190835
0.000428636 0.00166776
0.00102124 0
0.000472822 0.00141606
0.000606888 0.00119676
0.000787566 0.000749102
0.000709432 0.000951731
0.000797348 0.000493498
0.00092269 0.000246808
0.000990691 0.000658503
0.000238061 0.00231084
0.000405907 0.002166
3.0922e-05 0.00231406
1.95614e-05 0.00226633
0 0.00223424
1.20299e-05 0.00223943
8.2386e-06 0.00222568
4.6506e-06 0.0022222
4.21471e-05 0.00240035
6.71355e-05 0.00243915
0.000200831 0.00252218
0.000116557 0.00253328
0.000654655 0.00156658
0.000648323 0.00204187
0.000668883 0.00179907
0.00116424 0.000210512
0.00130072 0
0.000808132 0.00138863
0.000861637 0.00115253
0.000988668 0.000932864
0.00112887 0.000458235
0.00121032 0.000727637
0.000351443 0.00242091
0.000587069 0.00230064
2.72493e-05 0.0023974
1.96388e-05 0.00233349
1.34149e-05 0.00228608
0 0.00227487
3.93536e-06 0.00226139
7.97064e-06 0.00226112
0.000280261 0.00262582
2.91382e-05 0.00248733
4.4093e-05 0.00250014
7.09046e-05 0.00255172
9.40348e-05 0.00262247
0.000155077 0.00265259
0.000846346 0.00217815
0.000899211 0.00165798
0.000915217 0.00190737
0.00158019 0
0.00159242 0.000190489
0.00139186 0.000318435
0.00106843 0.00149023
0.00121231 0.000986133
0.00109472 0.00123366
0.00143125 0.000575565
0.00143505 0.000856086
4.56474e-05 0.00255988
2.20246e-05 0.00244242
9.12367e-06 0.00230818
0.000332477 0.00276
0.000494417 0.00255906
0.000753243 0.00248274
1.71156e-05 0.00240422
1.2841e-05 0.00235821
0 0.00232543
4.34889e-06 0.00232103
1.88396e-05 0.00249386
2.16138e-05 0.00253849
0.00019118 0.00276
3.08849e-05 0.00256348
5.20592e-05 0.00260767
6.4094e-05 0.00265192
9.03466e-05 0.00267794
0.000111249 0.00271346
0.00100966 0.00233332
0.00112603 0.00204198
0.00118321 0.00174291
0.00185966 0
0.00185694 0.000201014
0.00170103 0.000440045
0.00132289 0.00144518
0.00137426 0.00115457
0.00168273 0.000722211
0.0016277 0.000997394
1.47116e-05 0.00245626
7.88621e-06 0.00236925
0.000568826 0.00276
0.000843679 0.00276
0.000994682 0.0025625
0.0012134 0.00228898
1.02683e-05 0.00242712
0 0.00238165
4.79065e-06 0.00240315
1.11557e-05 0.00248581
1.81183e-05 0.00256826
1.40979e-05 0.00253469
0.000111421 0.00276
4.07623e-05 0.00264447
2.22163e-05 0.00259912
3.18863e-05 0.00261629
5.21713e-05 0.00267604
6.74269e-05 0.00270075
7.41817e-05 0.00272664
0.00137009 0.0021318
0.00126651 0.00252983
0.00141317 0.00191934
0.00148064 0.00169577
0.00213913 0
0.00201204 0.00033506
0.0019529 0.000607799
0.00158909 0.00147926
0.00158986 0.0012682
0.00190459 0.000878706
0.00181672 0.00113399
0.00224612 0.000223188
0.00112201 0.00276
1.48032e-05 0.00259108
0.00146175 0.0023565
5.56996e-06 0.00245667
0 0.00242936
5.02394e-06 0.00250116
9.35216e-06 0.00252552
1.04026e-05 0.00256547
6.36805e-05 0.00276
5.01308e-05 0.00271117
1.54864e-05 0.00262952
3.24696e-05 0.0026627
2.32607e-05 0.00264251
4.22189e-05 0.00269098
4.952e-05 0.00273129
0.00140034 0.00276
0.00161397 0.00212467
0.00158818 0.00255632
0.00172027 0.00189432
0.00176825 0.00162073
0.0024186 0
0.00222938 0.000490668
0.00218495 0.000781653
0.00187957 0.00135965
0.00205361 0.00109517
0.00249315 0.000285433
1.03893e-05 0.0025998
0.00171576 0.00235156
0 0.00246695
0 0.00250097
0 0.00253384
5.18676e-06 0.00254818
7.262e-06 0.00262815
5.23898e-06 0.00259027
3.53245e-05 0.00270097
3.36519e-05 0.00276
3.44834e-05 0.0027369
3.72933e-05 0.00271578
8.50628e-06 0.00265589
1.62357e-05 0.00266712
2.63949e-05 0.00268126
3.25689e-05 0.00272491
0.00167867 0.00276
0.00187438 0.00216954
0.00189806 0.00248755
0.00196191 0.00175618
0.00201559 0.00197048
0.002055 0.00153819
0.00269807 0
0.00828 0.000137223
0.00245669 0.000589921
0.00226935 0.00102861
0.00245798 0.000854031
0.00220683 0.00130759
0.00276035 0.000211422
0.00271716 0.000460078
0 0.002566
0 0.00264943
0 0.0026239
0 0.00259625
2.97941e-05 0.00270726
2.38494e-05 0.00269751
2.5867e-05 0.00271957
2.26816e-05 0.00273856
1.39844e-05 0.00276
2.37007e-05 0.00271236
0 0.00267144
7.92653e-06 0.0026792
1.63064e-05 0.0026873
1.93706e-05 0.00272909
0.001957 0.00276
0.00215747 0.00252649
0.00212687 0.0022417
0.00225015 0.00200009
0.00224631 0.00175917
0.00231809 0.00154011
0.00297754 0
0.00828 0.000276
0.00817407 0.000198592
0.00828 0
0.00811892 8.7691e-05
0.00270526 0.000715915
0.00246279 0.00114622
0.00267656 0.000968688
0.00250132 0.00139731
0.00298179 0.000314312
0.00296 0.00059965
0.00828 0.000552
0.00828 0.000554749
0.00827183 0.000552
1.73829e-05 0.00270625
1.47673e-05 0.00269863
1.74036e-05 0.00271701
1.56601e-05 0.00272346
1.12285e-05 0.00274288
0 0.00276
9.70573e-06 0.00271299
0 0.00268796
7.57875e-06 0.00269389
8.25141e-06 0.00273173
0.00223532 0.00276
0.00234663 0.00235336
0.00243819 0.00256123
0.00243131 0.00214741
0.00249516 0.00190675
0.00256642 0.00166661
0.00324721 0.000199732
0.00325701 0
0.00809617 0.000276
0.0079626 0.000177662
0.00802118 0
0.00786887 0.000105639
0.00294188 0.000847439
0.00270417 0.00123305
0.00288402 0.00107452
0.00277274 0.00146655
0.00318615 0.000491855
0.00320392 0.000778898
0.00827456 0.000552
0.00827728 0.000552
0.00827351 0.000553984
0.00827813 0.000554803
0.00828 0.000557497
0.00827096 0.000554182
0.00826911 0.000552
7.63091e-06 0.00270466
8.21888e-06 0.00272139
0 0.00274729
0 0.00271842
0 0.00270957
0 0.00269996
0 0.00272717
0 0.0027366
0.00251365 0.00276
0.00271483 0.0025517
0.00260421 0.00234717
0.00269958 0.00212163
0.00275852 0.00189449
0.00287548 0.00167821
0.00340181 0.000375403
0.00356003 0.000197388
0.00353648 0
0.00785059 0.000276002
0.00765737 0.000136833
0.00776241 0
0.00312182 0.00105597
0.00306595 0.0014874
0.002986 0.00128306
0.00342513 0.000614828
0.00334002 0.00102746
0.00348248 0.000854472
0.00827578 0.000555034
0.0082731 0.000556305
0.00828 0.000560246
0.00827766 0.000557726
0.00827031 0.000556434
0.00826819 0.000554308
0.00826639 0.000552
0.00279198 0.00276
0.00298765 0.00253089
0.0028808 0.00232576
0.00298607 0.00210633
0.0030211 0.00189154
0.00316934 0.00172542
0.00364484 0.000434675
0.00378827 0.000237025
0.00381595 0
0.00754822 0.000275979
0.00743315 0.000189128
0.00740887 8.87121e-05
0.00750365 0
0.00331742 0.00152667
0.00329034 0.00128795
0.00368645 0.000653851
0.00354994 0.00115945
0.0037068 0.000910493
0.00827515 0.000558146
0.00827218 0.000558939
0.00828 0.000562994
0.0082774 0.000560604
0.00826539 0.000554536
0.00826926 0.000558634
0.00826731 0.000556667
0.00826359 0.000552
0.00307031 0.00276
0.0032312 0.00254589
0.00319615 0.00229462
0.00327999 0.00200336
0.00343682 0.00175826
0.00392106 0.000447766
0.004003 0.000197955
0.00409542 0
0.00722999 0.000141211
0.007245 0.000276
0.007245 0
0.00355168 0.00148817
0.00371711 0.00134691
0.00391851 0.000704438
0.00382501 0.00114128
0.00394031 0.000940393
0.00414803 0.000567794
0.00826749 0.00056045
0.00826973 0.000561193
0.00827204 0.00056167
0.00827468 0.000560987
0.00828 0.000565743
0.00828 0.000568491
0.00827713 0.000563543
0.00828 0.000571364
0.0082624 0.00055477
0.00826425 0.00055731
0.00826598 0.000559173
0.00826044 0.000552
0.00334864 0.00276
0.00346968 0.00248212
0.00348529 0.00220046
0.00359952 0.00197215
0.00371166 0.00174686
0.00420204 0.000286803
0.00437489 0
0.00703302 0.000148818
0.00691641 0.000300084
0.00696585 0
0.00397352 0.00135584
0.00385625 0.00155632
0.00418344 0.00133926
0.00414929 0.000836396
0.004111 0.0011115
0.00438613 0.000469547
0.00436945 0.000711996
0.00826677 0.000562505
0.00827035 0.000563871
0.00827357 0.000563931
0.00827563 0.000565245
0.00827814 0.00057037
0.00827719 0.000567227
0.00828 0.000574619
0.00826136 0.000557628
0.00825891 0.000555173
0.0082629 0.000560711
0.00825651 0.000552
0.0036939 0.00234922
0.00362697 0.00276
0.00376946 0.00255086
0.0038014 0.00214521
0.00392404 0.0019537
0.00399499 0.00175304
0.00446042 0.000207774
0.00465436 0
0.00460654 0.000375916
0.00673524 0.000325138
0.00671515 0
0.0067884 0.000162943
0.00416324 0.00159264
0.00437034 0.00145678
0.00438333 0.00119917
0.00435264 0.000978044
0.00455937 0.000849269
0.00462679 0.00060581
0.00828 0.000578315
0.00827608 0.000578277
0.00826393 0.000564704
0.00826797 0.000565839
0.00827126 0.000567077
0.00827386 0.000567938
0.00827537 0.000574757
0.00827548 0.000571376
0.00825829 0.000559382
0.00825504 0.000556813
0.00825896 0.000563975
0.0082514 0.000552
0.00825066 0.000557549
0.003961 0.00233664
0.0039053 0.00276
0.00403047 0.00257045
0.00412885 0.00214234
0.00424029 0.00186504
0.00476077 0.000185004
0.00493383 0
0.0048426 0.000385253
0.00650913 0
0.00647752 0.000159531
0.0066274 0.000344134
0.00660706 0.000196328
0.00447289 0.00165006
0.00458126 0.00135906
0.00463048 0.00108229
0.00485921 0.000610761
0.00478594 0.000833792
0.00828 0.00058289
0.00827489 0.000581737
0.00827186 0.00057737
0.00828 0.000588327
0.00826527 0.000568617
0.00826051 0.000568898
0.00826826 0.000569969
0.00827099 0.000572093
0.00825301 0.000563344
0.0082463 0.000561159
0.00825486 0.000569929
0.00824418 0.000552
0.0042012 0.00243823
0.00418363 0.00276
0.00439563 0.00207202
0.00438333 0.00228256
0.00454334 0.00190046
0.00472276 0.00173494
0.0052133 0
0.00507391 0.000232008
0.00505304 0.000480401
0.00549277 0
0.00577224 0
0.00630949 0
0.00639139 0.000226628
0.00649723 0.000291528
0.0065615 0.000359235
0.00476275 0.0015167
0.00482621 0.00126011
0.00491458 0.00101883
0.00504776 0.000747595
0.00828 0.000812649
0.00828 0.000831299
0.00828 0.000847975
0.00828 0.000729606
0.00828 0.000717004
0.00828 0.00070317
0.00828 0.00068898
0.00828 0.000658212
0.00827296 0.000585805
0.00826966 0.000582119
0.00826808 0.000577283
0.00828 0.000595237
0.00827064 0.000590332
0.00826315 0.000573313
0.00825831 0.000575608
0.00826576 0.000575892
0.00823862 0.000561107
0.00824639 0.000569825
0.00825165 0.000577653
0.00823349 0.000552
0.00440199 0.00255362
0.00458262 0.00236606
0.00446196 0.00276
0.0046708 0.00214825
0.00482576 0.0019506
0.00498486 0.00170033
0.00537081 0.000260078
0.00527917 0.000721601
0.00524819 0.000486825
0.00605014 0
0.00565128 0.000293336
0.00589706 0.000207436
0.00627032 0.00020811
0.00639138 0.000337116
0.00648254 0.00038568
0.00502409 0.00143614
0.00510044 0.0012101
0.00516872 0.00096957
0.00828 0.000895783
0.00828 0.000744359
0.00827766 0.000736239
0.00828 0.000767366
0.00828 0.000791358
0.00827766 0.000808638
0.00827768 0.000835122
0.00828 0.000878464
0.00828 0.000863095
0.00827771 0.000856253
0.00827748 0.000723072
0.00827705 0.000709702
0.00828 0.000667122
0.00828 0.000677191
0.00827665 0.000693826
0.0082763 0.000680701
0.00827603 0.000660836
0.00828 0.000649412
0.00828 0.000638201
0.00827551 0.000652902
0.00828 0.000606833
0.00828 0.000623301
0.00828 0.000957393
0.00828 0.000919524
0.00828 0.00100997
0.00828 0.00106512
0.00828 0.00112427
0.00828 0.00122872
0.00828 0.00118476
0.00826477 0.000585642
0.00826745 0.000598284
0.00825854 0.000582881
0.00823573 0.000571872
0.00822599 0.000564856
0.00824156 0.000581069
0.00824966 0.000587104
0.00821764 0.000552
0.00506164 0.00193652
0.00467565 0.0025727
0.00481723 0.00236813
0.00474029 0.00276
0.00498584 0.00219192
0.00521567 0.00158123
0.00527703 0.00179847
0.00828 0.00126093
0.00827779 0.00124343
0.00828 0.00129046
0.00828 0.00131401
0.00828 0.00133605
0.00828 0.00138134
0.00828 0.00135823
0.00541571 0.000884704
0.00549423 0.000562235
0.00575304 0.000574926
0.00613394 0.000271969
0.00594951 0.000425855
0.0062808 0.000374689
0.00634541 0.000424581
0.00638341 0.00040487
0.006417 0.000414
0.00532226 0.00138
0.00536379 0.0011523
0.00827768 0.000901746
0.00827545 0.000729681
0.00827523 0.000743177
0.00827732 0.000755395
0.00827716 0.000780822
0.00827537 0.000822296
0.00827472 0.000796849
0.00827509 0.000849027
0.00827659 0.000874847
0.00827417 0.000718426
0.00827408 0.000700586
0.00827474 0.000669408
0.00827298 0.0006839
0.00827163 0.00065712
0.00827202 0.000629651
0.00827223 0.000644545
0.00826051 0.000606894
0.00826749 0.000615538
0.00827753 0.000950454
0.008277 0.00102591
0.0082775 0.00114309
0.00827753 0.00108962
0.00827534 0.00115509
0.00827719 0.00119551
0.00825691 0.00059734
0.00820927 0.000568529
0.0082478 0.000598127
0.00822446 0.000582159
0.00820391 0.000588527
0.00823746 0.000593409
0.00819353 0.000552
0.00526738 0.00205722
0.0049823 0.00251029
0.00501862 0.00276
0.00523254 0.0023208
0.00547892 0.00160703
0.00553443 0.00189936
0.00827698 0.00127458
0.00827535 0.00123724
0.00827735 0.00131235
0.00827746 0.00134774
0.00828 0.00140479
0.00827785 0.00138729
0.00828 0.00142653
0.00828 0.00144576
0.00828 0.00146287
0.00828 0.00147881
0.00828 0.00158868
0.00828 0.00151053
0.00828 0.00149441
0.00828 0.00152912
0.00828 0.00155281
0.00828 0.00162851
0.00828 0.00165619
0.0055879 0.00108118
0.00563281 0.000822468
0.00584563 0.000832261
0.00602389 0.000666657
0.00617317 0.000496635
0.00630355 0.000516545
0.00639818 0.000486256
0.0064835 0.000442852
0.00560992 0.00133887
0.00827475 0.000903804
0.00827181 0.000785232
0.00827285 0.000737638
0.00827414 0.000764161
0.00827179 0.000823575
0.0082726 0.000862582
0.00827009 0.000725286
0.0082712 0.000704648
0.0082698 0.000669939
0.00826826 0.000697303
0.00826916 0.000683932
0.00826677 0.000660619
0.00826573 0.000648931
0.00826439 0.00063249
0.00825537 0.000619173
0.00827261 0.000922613
0.00827507 0.000957596
0.00827455 0.00102387
0.00827488 0.00109889
0.00827329 0.00114115
0.00827395 0.00119533
0.00824548 0.000613861
0.00818346 0.000575611
0.00823316 0.000611491
0.00819344 0.000608952
0.0082205 0.0006018
0.00815549 0.000552
0.00828 0.0017713
0.00547448 0.00218532
0.0052373 0.00255578
0.00529695 0.00276
0.00549998 0.0024674
0.00572999 0.00161407
0.00571984 0.00218328
0.00577815 0.00188098
0.00827457 0.0012961
0.00827316 0.00126088
0.00828 0.00175574
0.00828 0.00173826
0.0082745 0.00133803
0.00827556 0.00137539
0.00827572 0.00141476
0.00827778 0.00142572
0.00827765 0.00145055
0.00827788 0.00148758
0.00827739 0.00146921
0.00827741 0.00157102
0.0082776 0.00161289
0.00827756 0.00150797
0.00827734 0.0015336
0.0082776 0.00164953
0.00828 0.00172136
0.00828 0.00169062
0.00828 0.00170606
0.00828 0.00167492
0.00827747 0.00167084
0.00582652 0.00108701
0.00607023 0.000924682
0.00625499 0.000721914
0.00638307 0.000612562
0.00648392 0.000555793
0.0065615 0.000468765
0.00588765 0.00133253
0.00826973 0.000878958
0.00826747 0.000784918
0.00826919 0.000752494
0.00826664 0.00082648
0.00826454 0.000733574
0.00826604 0.000712002
0.00826299 0.00067599
0.00826304 0.000693609
0.00825843 0.000661757
0.00825675 0.000642213
0.00824617 0.000633753
0.00827208 0.00106077
0.00826789 0.000929196
0.00827162 0.000982079
0.00827076 0.00117496
0.00826981 0.00111668
0.00827002 0.00123832
0.00823234 0.000634563
0.00662583 0.000483693
0.00815387 0.000594287
0.00817901 0.000634494
0.0082116 0.000631599
0.0080913 0.000552
0.00828 0.00180043
0.00828 0.0017862
0.00828 0.00181059
0.00828 0.00181774
0.00827784 0.00176781
0.00827749 0.00178298
0.00828 0.00182801
0.00828 0.00182322
0.00828 0.00183238
0.00828 0.00183659
0.00828 0.00184066
0.00595905 0.0015262
0.00557528 0.00276
0.00577721 0.00248278
0.00600242 0.00227987
0.00601583 0.00173107
0.00596788 0.00202759
0.00827092 0.00132153
0.00827725 0.00172984
0.0082773 0.0017512
0.00827548 0.00163399
0.00827293 0.00139422
0.00827499 0.00144917
0.00827548 0.00148684
0.00827501 0.00155975
0.00827483 0.00159876
0.00827462 0.00151985
0.00827483 0.00165903
0.00827727 0.00171027
0.00827754 0.00169107
0.0082752 0.00168498
0.00827496 0.00172441
0.00611906 0.00117326
0.00632231 0.000967369
0.00647436 0.000763905
0.00658954 0.000637036
0.0061809 0.00143437
0.00826108 0.000850754
0.00825965 0.000770137
0.00825754 0.000721078
0.00825207 0.000693052
0.00824293 0.000661711
0.00826222 0.000953815
0.00826669 0.00104478
0.00825308 0.000915437
0.00826501 0.00117633
0.00826605 0.00128032
0.0082172 0.000664694
0.0067343 0.000503032
0.00691641 0.000527916
0.00813094 0.000638003
0.00817294 0.00067591
0.00797841 0.000552
0.00806449 0.000634999
0.00827778 0.00181901
0.00827772 0.00179926
0.00827761 0.00181129
0.00827537 0.00176941
0.00827506 0.00178889
0.00827748 0.00182942
0.00827565 0.00182096
0.00827699 0.00182514
0.00827703 0.00183361
0.00827652 0.00183813
0.00828 0.00184465
0.00827804 0.00184176
0.00828 0.00184885
0.006279 0.0016733
0.00615341 0.00234638
0.0058536 0.00276
0.00605071 0.00252029
0.00620645 0.00211617
0.00633174 0.00220787
0.00623131 0.00190419
0.00826806 0.0013914
0.00827473 0.00174369
0.0082736 0.00175814
0.00827253 0.00162304
0.00827113 0.00145082
0.00827226 0.00149189
0.00827151 0.00155794
0.00827094 0.00165496
0.00827263 0.00167498
0.00827429 0.00170754
0.00827189 0.00169468
0.00827222 0.00172703
0.00639863 0.00122922
0.00655697 0.00101635
0.0067067 0.0008121
0.00645008 0.0014897
0.00824696 0.000799365
0.00824429 0.00074266
0.00823216 0.000706618
0.00823602 0.00086051
0.00826179 0.00133241
0.00825705 0.00109033
0.00824341 0.00101635
0.00825681 0.00123205
0.00820274 0.000711808
0.00695563 0.000704853
0.007245 0.000552
0.00815641 0.000738274
0.00751719 0.000551991
0.00777989 0.000551999
0.00809118 0.000724944
0.00795409 0.000689598
0.00827519 0.00181484
0.00827504 0.00180511
0.00827225 0.00177493
0.00827254 0.00179748
0.00828 0.00188272
0.00827446 0.00182967
0.0082735 0.00182317
0.00828 0.00186128
0.00828 0.00185399
0.00827372 0.00183579
0.00827726 0.001853
0.00827593 0.00184343
0.0082738 0.00184166
0.00827714 0.00184709
0.00647146 0.00224733
0.00649747 0.00176902
0.00632907 0.0022971
0.00619695 0.00244408
0.00626176 0.00236334
0.00631528 0.00248303
0.00613193 0.00276
0.00630951 0.00259157
0.0065566 0.00216575
0.00647926 0.00200982
0.00826156 0.00144059
0.0082708 0.00174707
0.00826787 0.00161522
0.00826617 0.00152327
0.00826707 0.00167359
0.00826895 0.0017153
0.00693998 0.000943133
0.00665386 0.00131191
0.00678632 0.00111402
0.00671107 0.0015572
0.00821872 0.000796387
0.00822066 0.000978405
0.00825056 0.00135559
0.00823906 0.00119838
0.00818172 0.000800162
0.00718521 0.000842193
0.00744553 0.000779624
0.00811058 0.00084593
0.00774822 0.000765891
0.00798744 0.000822831
0.00828 0.00189399
0.00827204 0.00181544
0.0082692 0.00180657
0.00826873 0.00177984
0.00828 0.00187147
0.00827816 0.00187706
0.00827683 0.00188585
0.00827053 0.00183035
0.00827729 0.00186217
0.00827084 0.00184115
0.00827468 0.00185114
0.00827484 0.0018571
0.00827323 0.0018472
0.0065615 0.00229123
0.00641202 0.00230571
0.00648013 0.0023186
0.00671842 0.00181039
0.00635222 0.0023532
0.00633055 0.00240667
0.00643278 0.00242258
0.00649168 0.00249159
0.00641024 0.00276
0.00657869 0.00260079
0.00669015 0.00226449
0.00670506 0.00205606
0.00825385 0.00152305
0.00826551 0.0017507
0.00826009 0.00162862
0.00826239 0.00170422
0.00708467 0.0011344
0.00693248 0.00136793
0.00696532 0.0016874
0.00818084 0.000951982
0.00820932 0.00120325
0.00823242 0.00143587
0.00811942 0.00100499
0.00734339 0.00105566
0.00760263 0.000975842
0.00801915 0.001007
0.00786128 0.000976355
0.00828 0.00192796
0.00828 0.00190572
0.00827798 0.00189795
0.00828 0.00191669
0.00826644 0.00182244
0.00826281 0.00179711
0.00827593 0.00190182
0.00827648 0.00187183
0.0082746 0.00187925
0.00827414 0.0018926
0.00826595 0.00183914
0.00827317 0.00186228
0.00827436 0.00186701
0.00826857 0.00184882
0.00827124 0.00185561
0.006417 0.002346
0.00690027 0.00195535
0.00639964 0.00238004
0.00711454 0.00151666
0.0065615 0.00240077
0.00647463 0.00237131
0.0066976 0.00242888
0.00668849 0.00276
0.00682067 0.00260389
0.00691641 0.00223208
0.00711016 0.00196062
0.00824336 0.00160866
0.00825684 0.00175579
0.00825035 0.00169599
0.00725606 0.00135236
0.007264 0.00170197
0.0081584 0.00119315
0.008217 0.00158206
0.00818776 0.00144036
0.00806456 0.00121351
0.0075029 0.00125899
0.0077206 0.00117794
0.00791332 0.00122793
0.00828 0.00194172
0.00827795 0.00192191
0.00827799 0.00193476
0.00827719 0.00191291
0.00825857 0.00183105
0.00825141 0.00180103
0.00827392 0.00191395
0.00827254 0.00187301
0.00827157 0.0018838
0.00827199 0.00190003
0.008261 0.00184933
0.00826934 0.00186705
0.00826559 0.00185905
0.00828 0.00195946
0.00691641 0.00245992
0.00696674 0.00276
0.00709544 0.00261826
0.007245 0.002208
0.00735177 0.00198457
0.008227 0.00170359
0.00823841 0.0017656
0.00747746 0.00153953
0.00751237 0.00184971
0.00811237 0.00140977
0.00818773 0.0016796
0.00814312 0.00160785
0.00797709 0.00143395
0.0077389 0.00142896
0.00827739 0.00195114
0.00827574 0.00193235
0.00827301 0.00193498
0.00824705 0.00183401
0.00823014 0.00181371
0.0082701 0.00191986
0.00826757 0.00187983
0.00826814 0.00189603
0.00825479 0.00185889
0.0082618 0.00187561
0.00827739 0.00197292
0.00828 0.00198121
0.00828 0.00200385
0.007245 0.002484
0.007245 0.00276
0.00735511 0.00266552
0.00738081 0.00257958
0.00752059 0.002208
0.00819856 0.00178232
0.0076967 0.00169515
0.00773058 0.00198143
0.00805564 0.00163494
0.00812863 0.00177331
0.00789835 0.00164242
0.0082746 0.00196348
0.00827083 0.00195422
0.00823872 0.00185661
0.00821302 0.00184724
0.00826581 0.00193191
0.0082605 0.00190369
0.0082502 0.00188355
0.008275 0.00199705
0.00827759 0.00199945
0.00828 0.0020267
0.00827329 0.00201234
0.00754729 0.00248402
0.0075037 0.00276
0.00764505 0.00262327
0.00778189 0.002208
0.00816873 0.00185467
0.00794843 0.00206263
0.00811429 0.00190347
0.00789994 0.001867
0.00802711 0.00182877
0.00827119 0.00198823
0.00826634 0.00197123
0.00823127 0.00189372
0.00820355 0.00190085
0.00825713 0.00195202
0.00824551 0.00192446
0.00827667 0.00202886
0.00828 0.00204967
0.00827386 0.00204054
0.00827076 0.00202554
0.00785057 0.002484
0.00776244 0.00276
0.00785887 0.00266319
0.00796351 0.00259737
0.00797797 0.002208
0.00817656 0.00195362
0.00813786 0.00200328
0.00807851 0.00211287
0.00805625 0.00199264
0.00826062 0.00199987
0.00826648 0.00201324
0.00821849 0.00196984
0.00825218 0.00202214
0.0082413 0.00198974
0.00827627 0.00205987
0.00828 0.00207224
0.00826732 0.00205089
0.0082721 0.0020642
0.0080931 0.002484
0.00815806 0.00256504
0.00802121 0.00276
0.00812145 0.00267445
0.00809241 0.002208
0.00819092 0.0020334
0.00814384 0.00216483
0.00814864 0.00211887
0.00815128 0.00207158
0.00826279 0.00207768
0.00825913 0.00204935
0.0082228 0.00204985
0.00824274 0.00206452
0.00828 0.00209447
0.00827594 0.00208441
0.00827267 0.00209411
0.00826875 0.00208685
0.00828 0.00211525
0.00828 0.00262087
0.00828 0.002484
0.00828 0.00276
0.00815706 0.002208
0.0082053 0.00208904
0.00818853 0.00218053
0.00818497 0.00214948
0.00819653 0.00212052
0.00826361 0.00210743
0.00825364 0.00209444
0.00823591 0.00210523
0.0082759 0.00211031
0.00827025 0.00211454
0.00826312 0.00212811
0.00828 0.0021346
0.00819313 0.002208
0.0082263 0.00212775
0.00821269 0.00218422
0.00821105 0.00215813
0.00822457 0.00214707
0.00822874 0.00218175
0.00825348 0.00212669
0.00824367 0.00213793
0.00826918 0.00213508
0.00827472 0.00213311
0.008262 0.00214627
0.00828 0.00215215
0.0082162 0.002208
0.00822413 0.00219611
0.00824116 0.00215449
0.00823109 0.00216723
0.00823592 0.00219314
0.00824092 0.00218034
0.00825386 0.00215341
0.00827188 0.00215288
0.0082641 0.00216106
0.00828 0.00216506
0.00823165 0.002208
0.00824184 0.0022
0.00825204 0.00216555
0.00824707 0.00217198
0.00825433 0.00218019
0.00824537 0.00219128
0.00824896 0.00218482
0.0082599 0.00216892
0.00827169 0.00216656
0.00826659 0.00217226
0.00828 0.00217287
0.00827581 0.00217338
0.0082424 0.002208
0.00824995 0.00219696
0.00824976 0.00220261
0.00825819 0.00217598
0.00826049 0.00218135
0.00825572 0.0021865
0.00826127 0.00218571
0.00825412 0.00219206
0.00826425 0.00217863
0.00826803 0.00218033
0.0082713 0.00217657
0.00828 0.00217892
0.00827596 0.00217968
0.00824992 0.002208
0.00825574 0.002198
0.00825518 0.0022036
0.00826515 0.0021847
0.00826497 0.00218918
0.00826031 0.00219395
0.00826053 0.00218993
0.00826789 0.00218513
0.00827066 0.00218343
0.00827227 0.00218642
0.00827357 0.00218237
0.00828 0.00218286
0.00827686 0.00218445
0.00825566 0.002208
0.00826039 0.00219787
0.00825909 0.00220126
0.00825924 0.00220498
0.0082644 0.0021958
0.00826813 0.00218974
0.0082659 0.00219247
0.00827009 0.00218844
0.0082724 0.00218957
0.00827473 0.00218687
0.00828 0.00218593
0.00827738 0.00218788
0.00826001 0.002208
0.00826329 0.00219951
0.00826218 0.0022029
0.00826252 0.00220559
0.00826455 0.00220217
0.00826671 0.0021975
0.00826865 0.00219462
0.00827102 0.00219225
0.00827449 0.00219049
0.00828 0.00218876
0.00827755 0.0021905
0.00826337 0.002208
0.0082662 0.00220036
0.00826506 0.00220515
0.00826665 0.00220318
0.00826864 0.00219914
0.00826982 0.00219712
0.00827586 0.0021926
0.00827185 0.00219549
0.00827378 0.00219389
0.00827795 0.0021933
0.00828 0.00219151
0.00826622 0.002208
0.00826848 0.00220197
0.00826797 0.00220522
0.00827052 0.00220036
0.00827221 0.00219852
0.00827598 0.00219535
0.00827441 0.00219694
0.00827805 0.00219605
0.00828 0.00219426
0.00826898 0.002208
0.00827037 0.00220588
0.00827049 0.00220337
0.00827275 0.00220172
0.00827465 0.00219967
0.00827705 0.00219837
0.00828 0.00219701
0.00827173 0.002208
0.00827279 0.00220523
0.00827442 0.0022034
0.00827596 0.00220164
0.00827805 0.00220058
0.00828 0.00219975
0.00827449 0.002208
0.00827571 0.00220532
0.0082778 0.00220355
0.00828 0.0022025
0.00827724 0.002208
0.00827812 0.00220629
0.00828 0.00220525
0.00828 0.002208
