0 0.000140609
0 0.0001771
0 0.000215008
0 0.000250001
1.17224e-05 0.000143102
0 0.000106563
1.41097e-05 0.000186241
1.61406e-05 0.000227655
0 0.000280567
1.24461e-05 0.000256629
0 7.3086e-05
0 0.00141779
0 0
0 3.88961e-05
0 0.0010785
0 0.00194329
2.46942e-05 0.000155791
2.12902e-05 0.000112949
1.33441e-05 7.73886e-05
3.22758e-05 0.000200007
2.82823e-05 0.000240529
1.97262e-05 0.000269131
0 0.000317968
1.73827e-05 0.000297628
1.35595e-05 0.00141924
0 0.00155773
0 0.00129577
1.45652e-05 4.34686e-05
1.63677e-05 0
9.75616e-06 0.0010267
0 0.00118692
9.38852e-06 0.00114323
0 0.000965442
1.2889e-05 0.00204802
0 0.00213594
1.56313e-05 0.001839
0 0.00173314
0 0.000829896
0 0.000380215
0 0.000493914
0 0.00227515
0 0.000650903
0 0.00237633
1.54142e-05 0.0023154
1.79976e-05 0.000609466
4.35624e-05 0.000143295
3.21553e-05 7.24058e-05
5.98837e-05 0.000189069
4.99468e-05 0.000226929
3.91747e-05 0.000259413
3.50322e-05 0.000282275
1.82668e-05 0.000346636
3.35815e-05 0.000321333
2.42655e-05 0.00162928
2.86743e-05 0.00138329
1.43516e-05 0.00125144
3.93353e-05 0
1.49825e-05 0.00087243
1.86744e-05 0.00109789
2.10586e-05 0.00218
2.92047e-05 0.00194909
1.68746e-05 0.000429274
2.02178e-05 0.00240313
0 0.00246199
3.19241e-05 0.00230327
3.88531e-05 0.000567923
3.23124e-05 0.000776659
3.10114e-05 0.000460297
0 0.00255419
8.2947e-05 0.000154281
6.2786e-05 8.6681e-05
8.7144e-05 0.000217011
6.81252e-05 0.000267812
5.49784e-05 0.000307604
4.41724e-05 0.000373033
4.80882e-05 0.00178807
5.21776e-05 0.00145734
3.43059e-05 0.00121817
7.90985e-05 0
3.28603e-05 0.00102455
4.66323e-05 0.00210606
4.3692e-05 0.00240314
3.55692e-05 0.00248803
2.23231e-05 0.00256428
5.65576e-05 0.0022995
6.16199e-05 0.000666285
6.31516e-05 0.000455373
5.29095e-05 0.000907775
0 0.00265628
0 0.00276
0.000113066 9.81127e-05
0.000140511 0.00018239
0.00012496 0.000264478
8.91451e-05 0.000352536
7.77707e-05 0.00164062
8.23829e-05 0.00191224
0.000102872 0.00141448
6.78617e-05 0.00116209
0.000149262 0
8.33305e-05 0.00217813
7.91125e-05 0.00247055
4.49217e-05 0.00262907
0.000108445 0.000543074
9.82001e-05 0.000874454
3.87586e-05 0.00276
0.000147909 0.000728599
0.000130836 0.00228886
0.000199846 0.000116859
0.000220369 0.000247248
0.000169914 0.000367001
0.00013724 0.00171226
0.000137516 0.00200784
0.000134894 0.00116849
0.0001838 0.00144909
0.000274046 0
8.73334e-05 0.00276
0.000131753 0.00253652
0.000206528 0.000524404
0.000194456 0.00098401
0.000263638 0.000775936
0.000217916 0.00216523
0.000202385 0.00243168
0.00035767 0.000163621
0.000358244 0.000356643
0.000238767 0.00190052
0.000239393 0.00166521
0.000262983 0.00124581
0.000359424 0.00148899
0.000494912 0
0.000168018 0.00276
0.000350093 0.000570451
0.000363153 0.00102991
0.000468048 0.0007927
0.000375577 0.00207752
0.000336919 0.00233479
0.000272132 0.00257102
0.000612744 0.000259652
0.000575398 0.000524931
0.000419514 0.001753
0.000501929 0.00127297
0.000616235 0.0015211
0.000767424 0
0.000311811 0.00276
0.000619738 0.00103794
0.000718979 0.000760145
0.000542613 0.00191865
0.000607777 0.00212146
0.000535381 0.00232521
0.00045152 0.00255218
0.000884181 0.000222321
0.000864302 0.000474598
0.000726453 0.00175986
0.00082027 0.001288
0.000904217 0.00157875
0.00104375 0
0.000544481 0.00276
0.000881012 0.0010031
0.000953677 0.000728617
0.000809635 0.00199477
0.000788878 0.00227657
0.000695611 0.00253406
0.00113476 0.000271958
0.00115746 0.000556814
0.00103185 0.00186946
0.0011132 0.00140977
0.00111603 0.00115174
0.00116089 0.00166587
0.00132008 0
0.000815212 0.00276
0.00113404 0.000887491
0.000997899 0.00216376
0.000937932 0.00248078
0.00140948 0.000301489
0.00133691 0.000786479
0.00139715 0.000578994
0.00123987 0.00208813
0.00135633 0.0018557
0.0013612 0.00129858
0.00138197 0.00156618
0.00140739 0.00102217
0.0015964 0
0.00108984 0.00276
0.00117005 0.00233805
0.00115231 0.00256814
0.00169893 0.000319562
0.00160158 0.0005348
0.00161113 0.000786709
0.00149812 0.00211745
0.00141599 0.00233099
0.0016192 0.00171636
0.00162851 0.00194748
0.00159265 0.00120578
0.00162392 0.00144948
0.0017268 0.00100828
0.00187698 0.000168645
0.00187273 0
0.00136447 0.00276
0.0013749 0.00253969
0.0020017 0.000354371
0.0018497 0.00057852
0.00191053 0.00080423
0.0017856 0.00215563
0.00166188 0.00233464
0.00163344 0.00256211
0.00187499 0.00188245
0.00186339 0.00158559
0.0018487 0.00126227
0.00201151 0.00104451
0.00214905 0
0.00163911 0.00276
0.00199696 0.00140178
0.00200502 0.00214778
0.00222111 0.000333322
0.00215887 0.000593814
0.00216318 0.000825474
0.00190514 0.00245076
0.00191374 0.00276
0.00208635 0.00172529
0.00215602 0.00193049
0.00217637 0.00152762
0.00217966 0.0012542
0.00230045 0.00101097
0.00238372 0.000202448
0.00242538 0
0.00212405 0.00235681
0.00226407 0.00215973
0.00245276 0.000463485
0.0024251 0.000750696
0.00220741 0.00257359
0.00218837 0.00276
0.00238634 0.00172562
0.00239193 0.00195796
0.00241436 0.00147622
0.00244985 0.00122117
0.00256596 0.000972473
0.00262874 0.000244241
0.0027017 0
0.00238199 0.00238141
0.00251972 0.00216402
0.00261076 0.000606312
0.00279095 0.000464295
0.00276255 0.000751212
0.002463 0.00276
0.00255183 0.00257074
0.00261816 0.00190893
0.00269909 0.00166779
0.00263626 0.00143401
0.00271273 0.00121486
0.00280398 0.000991623
0.00289202 0.000209138
0.00297803 0
0.00264866 0.0023817
0.00275441 0.00213634
0.00285732 0.00234663
0.00304925 0.000616007
0.00305351 0.000385669
0.00300522 0.000868231
0.00273763 0.00276
0.00289029 0.00255744
0.00287441 0.00191155
0.00301106 0.00171234
0.0029039 0.00144794
0.00296546 0.00115865
0.00318763 0.000196255
0.00325436 0
0.00300164 0.00213317
0.00307568 0.00236298
0.00312902 0.00131788
0.00331301 0.000416538
0.00331338 0.000631565
0.00325078 0.000831143
0.00319495 0.00106494
0.00301226 0.00276
0.00321767 0.00251455
0.00316363 0.00196097
0.00329895 0.00176185
0.00320931 0.00153003
0.00345089 0.000199506
0.00353068 0
0.0032516 0.00221195
0.00336953 0.00128855
0.00353755 0.000596844
0.00358817 0.000392827
0.00351432 0.000828171
0.003452 0.00103615
0.00328689 0.00276
0.00345606 0.00255458
0.00346311 0.00230818
0.0034417 0.00203054
0.00350269 0.00152497
0.00352182 0.00178386
0.00372026 0.000192778
0.00380701 0
0.00361855 0.00124193
0.00372571 0.000799192
0.00377699 0.000601427
0.0038347 0.000397297
0.00375249 0.0010163
0.00356153 0.00276
0.00368373 0.00248136
0.00371354 0.00218187
0.00369372 0.00194857
0.00377118 0.00146202
0.00374964 0.00170373
0.00400247 0.00026554
0.00408333 0
0.00388987 0.00122265
0.00395604 0.000821944
0.00401275 0.000583168
0.00406081 0.00102774
0.00383616 0.00276
0.00391285 0.00241704
0.00397214 0.00216865
0.00393671 0.00192271
0.0040254 0.00141175
0.00399605 0.00164598
0.00424551 0.000228164
0.0042005 0.000487477
0.00435966 0
0.00418219 0.00123486
0.00411079 0.00276
0.00421086 0.000790113
0.00434431 0.0010181
0.00412237 0.00256583
0.00419811 0.00232381
0.00419816 0.00206094
0.00418032 0.00180224
0.00424879 0.00150538
0.00444754 0.000400584
0.00450159 0.000183327
0.00438077 0.00063307
0.00463599 0
0.00442341 0.00125926
0.00438542 0.00276
0.00438514 0.00170928
0.00451327 0.000821637
0.00462721 0.00102941
0.00442776 0.00251711
0.00445005 0.00219943
0.00442052 0.00194544
0.00450818 0.00150654
0.00471468 0.000285588
0.00461933 0.000581123
0.00491231 0
0.00464939 0.0013101
0.00466005 0.00276
0.00461243 0.00174336
0.00480865 0.0011626
0.0046062 0.00237331
0.00480276 0.000777059
0.00492869 0.000974827
0.00476247 0.00255815
0.00474527 0.00216951
0.00466186 0.00197415
0.0047639 0.00153648
0.0049687 0.000259301
0.00482744 0.000513754
0.00518864 0
0.0049238 0.00137611
0.00493468 0.00276
0.00484624 0.00175758
0.00505265 0.00119645
0.00486684 0.00236577
0.00503078 0.000560349
0.00509988 0.000783374
0.00519722 0.000986998
0.00508256 0.00246371
0.00493178 0.00197244
0.00502599 0.00218209
0.00504283 0.00157925
0.00518011 0.000337966
0.00533497 0.00019259
0.00546496 0
0.00520936 0.00144365
0.00520931 0.00276
0.00508968 0.00178182
0.00526673 0.00120912
0.00531077 0.00236122
0.00543712 0.00133141
0.00529038 0.000595877
0.00538523 0.000818744
0.00544666 0.00106293
0.00536099 0.00256689
0.00521638 0.00195782
0.00525453 0.00216604
0.00532131 0.00172139
0.00544472 0.000419663
0.00558746 0.000199587
0.00574129 0
0.00546758 0.00156882
0.00548394 0.00276
0.00556475 0.00238809
0.00548445 0.00217762
0.00565547 0.00120633
0.0056524 0.00141751
0.00558126 0.000659383
0.00563856 0.000924699
0.00567388 0.00256793
0.005494 0.00196107
0.00561867 0.0017811
0.00569336 0.000406095
0.0058502 0.000197264
0.00601761 0
0.00574007 0.00160749
0.00575858 0.00276
0.00583833 0.00235798
0.00571401 0.00215251
0.00583411 0.00111432
0.00589247 0.00142158
0.0058147 0.000593328
0.00585672 0.00081481
0.00597434 0.00255647
0.00582243 0.00194573
0.00591828 0.00173571
0.00596135 0.000395695
0.00611826 0.000200376
0.00629394 0
0.00603321 0.00276
0.0061132 0.00233604
0.00599543 0.00213011
0.00605561 0.00122471
0.0060102 0.000984938
0.00613646 0.00143467
0.00611379 0.00165002
0.00605895 0.000618076
0.00616678 0.000811489
0.00626282 0.0025251
0.0061502 0.00192101
0.00622193 0.000418653
0.00637739 0.000208558
0.00657027 0
0.00630784 0.00276
0.00643495 0.00235401
0.00629565 0.00214739
0.00623793 0.00103811
0.00632962 0.00128229
0.00635696 0.00153819
0.00634882 0.00176112
0.00658247 0.00276
0.00654623 0.00141293
0.00644506 0.0010834
0.00633942 0.000630861
0.00645822 0.000844607
0.00658208 0.00257218
0.00650058 0.00192191
0.00648738 0.000425994
0.00663032 0.000210645
0.00684659 0
0.00658433 0.00215886
0.00670291 0.00237652
0.00663049 0.00120448
0.00661344 0.00164417
0.0068571 0.00276
0.00678736 0.00136582
0.00666904 0.000989864
0.00661821 0.000639434
0.00677869 0.00082166
0.00692402 0.00251924
0.00676559 0.00201425
0.00681596 0.00180646
0.00675067 0.00043634
0.00685724 0.000224171
0.00707875 0.000198902
0.00712292 0
0.00688154 0.00223116
0.00690874 0.00109267
0.00688065 0.00157108
0.00713173 0.00276
0.00703826 0.00135587
0.00692512 0.000631693
0.00705925 0.00085415
0.00722416 0.00254227
0.0071229 0.00230246
0.00703885 0.00200693
0.00709386 0.00168804
0.00701759 0.00043281
0.00724494 0.00038859
0.00735062 0.000202164
0.00739924 0
0.00720045 0.00111768
0.00740636 0.00276
0.00725479 0.00144374
0.0138 0.000276
0.0138 0
0.0137072 0.000138574
0.00750584 0.00257953
0.00742884 0.00127647
0.00724064 0.000624138
0.00731587 0.000842234
0.00741011 0.00235747
0.00731654 0.00213182
0.00725637 0.00190461
0.00736603 0.00170511
0.00747605 0.000461988
0.00760762 0.000223866
0.00767557 0
0.00746614 0.00100317
0.007681 0.00276
0.00751762 0.00152806
0.0136319 0.000276
0.0135125 0
0.0134709 0.000136747
0.00767317 0.00244061
0.00770632 0.00140797
0.00763454 0.00119305
0.00757648 0.000716771
0.00760649 0.00216919
0.00751956 0.00195486
0.00762337 0.00176705
0.00773336 0.000457248
0.00787118 0.000218543
0.00795189 0
0.00771932 0.000988494
0.00795563 0.00276
0.00788133 0.00254547
0.00779065 0.00164352
0.0134049 0.000276
0.013225 0
0.013257 0.0001444
0.00782842 0.00224614
0.00797085 0.00145474
0.00787883 0.00122622
0.0138 0.002484
0.0138 0.00276
0.013725 0.002625
0.00783741 0.000826255
0.00790127 0.000633681
0.00782313 0.00194681
0.00801771 0.000421326
0.0081562 0.000206033
0.00822822 0
0.0080035 0.00103617
0.00823026 0.00276
0.00816164 0.0025655
0.00803358 0.00237607
0.00801617 0.00170467
0.0131389 0.000276
0.0129375 0
0.0130281 0.000134533
0.00803116 0.00213937
0.00821773 0.00148331
0.00814622 0.00125065
0.0136383 0.002484
0.0135125 0.00276
0.0135207 0.00261353
0.00810826 0.000830746
0.00820156 0.0006207
0.00811089 0.00192025
0.00828753 0.000407707
0.00846325 0.000235332
0.00850455 0
0.00829561 0.00104059
0.00841801 0.00251961
0.00850489 0.00276
0.00826722 0.00233317
0.00826634 0.0017226
0.0128729 0.000276
0.01265 0
0.0127719 0.000135601
0.00826202 0.00212667
0.00845425 0.00152879
0.00841215 0.00126882
0.0134148 0.002484
0.013225 0.00276
0.0132966 0.00262594
0.00838788 0.000821552
0.0138 0.000552
0.00849856 0.000549281
0.00838998 0.00196699
0.00878277 0.000178884
0.00868379 0.000382195
0.00878087 0
0.0086078 0.00106986
0.00851372 0.00222261
0.00864518 0.00247478
0.00877952 0.00276
0.00849269 0.00178048
0.0126069 0.000276001
0.0123625 0
0.0124986 0.000135785
0.0086684 0.00166358
0.00864629 0.00137643
0.0131469 0.002484
0.0130451 0.00262387
0.0129375 0.00276
0.00860647 0.000779723
0.0137983 0.000553651
0.0137972 0.000552
0.0138 0.000554748
0.00879813 0.000868505
0.00881964 0.000606388
0.00866512 0.00197468
0.0090572 0
0.00896493 0.000348072
0.00891328 0.0010594
0.00884914 0.00128532
0.00878143 0.002223
0.00888023 0.00249437
0.00905415 0.00276
0.012341 0.000275966
0.0122163 0.00013646
0.012075 0
0.00887264 0.00154368
0.00884517 0.00180445
0.0128789 0.002484
0.012781 0.00262359
0.01265 0.00276
0.0137972 0.000555609
0.0137945 0.000552
0.0137942 0.000554467
0.0138 0.000557496
0.00903344 0.000815869
0.00911336 0.00254553
0.00912091 0.000575626
0.00896098 0.00200588
0.00933352 0
0.0092095 0.000287634
0.00919075 0.00105197
0.00909052 0.00125297
0.00910053 0.00147924
0.00904159 0.00224401
0.00932878 0.00276
0.012075 0.000276
0.0119239 0.000154667
0.0117988 0
0.00907412 0.00174412
0.0126109 0.002484
0.0125087 0.00262431
0.0123625 0.00276
0.0137944 0.000557479
0.0137968 0.000558277
0.0137917 0.000552
0.0137919 0.000556948
0.0137909 0.000554378
0.0137979 0.000560371
0.0138 0.000560244
0.00929229 0.000801517
0.00940022 0.00256591
0.00923677 0.00238774
0.00960985 0
0.0137894 0.000556713
0.00939386 0.000536167
0.00923485 0.00195039
0.00945991 0.000271122
0.00934025 0.00134002
0.00943564 0.00105288
0.00931246 0.00164905
0.00927903 0.00217
0.00960341 0.00276
0.0117464 0.000300084
0.0116457 0.000173077
0.0115229 0
0.012343 0.00248403
0.0122364 0.0026238
0.012075 0.00276
0.0137923 0.000559432
0.0137948 0.000560556
0.013789 0.000552
0.0137895 0.00055955
0.0137879 0.000554379
0.0138 0.000562992
0.0137967 0.000562461
0.00954619 0.000773606
0.00965866 0.00254644
0.00947803 0.00234326
0.00969071 0.000223883
0.00988618 0
0.013787 0.000557094
0.0138 0.000568488
0.0138 0.00056574
0.0114371 0.000177763
0.00968231 0.000506313
0.00949945 0.0020931
0.00950916 0.00183945
0.00959583 0.00129131
0.00956367 0.00156068
0.00968037 0.00101149
0.00987805 0.00276
0.0115253 0.000331639
0.0112602 0
0.012075 0.002484
0.0119727 0.00260748
0.0118004 0.00276
0.0137919 0.000561942
0.0137944 0.000563965
0.0137862 0.000552
0.013786 0.000559654
0.0137895 0.000562967
0.0137879 0.000561442
0.013785 0.000554585
0.0137974 0.000565355
0.00979924 0.000760252
0.00990475 0.00252353
0.00970822 0.00229573
0.00989598 0.000327631
0.0101625 0
0.0100685 0.000191937
0.0137839 0.000557264
0.0137978 0.000568647
0.0138 0.000571236
0.0113519 0.000238891
0.0117975 0.00261023
0.0137956 0.000569668
0.0112082 0.000216307
0.0112946 0.000312829
0.010013 0.000569771
0.00974379 0.00203346
0.00977998 0.00177296
0.00982439 0.00124259
0.00984509 0.00150016
0.00993171 0.0010249
0.0101527 0.00276
0.0113915 0.000359235
0.0109914 0
0.0110457 0.000184855
0.0117464 0.00245992
0.0115258 0.00276
0.0116257 0.00260205
0.0137921 0.000564981
0.0137946 0.000567243
0.0137833 0.000552
0.0137828 0.000560773
0.0137856 0.000563161
0.0137891 0.000565647
0.0137815 0.000555236
0.0100247 0.000808845
0.00994616 0.00225759
0.0101355 0.00248573
0.0101942 0.00040631
0.0103408 0.000214494
0.0104388 0
0.0137804 0.000558344
0.0137972 0.000572239
0.0138 0.000574141
0.0137939 0.000571473
0.011128 0.00030836
0.0112374 0.000357448
0.0107019 0.00276
0.0104273 0.00276
0.0107151 0
0.0109766 0.00276
0.0114776 0.0025875
0.0103617 0.000609725
0.0102349 0.000764528
0.0100067 0.00200063
0.0100526 0.00175252
0.0100763 0.00127354
0.0101093 0.00151487
0.0101837 0.00101138
0.0103881 0.0024972
0.0113068 0.000387906
0.0108441 0.000222802
0.0109702 0.000335811
0.0115245 0.00242825
0.0113124 0.00260466
0.0112512 0.00276
0.0137912 0.000568283
0.0137798 0.000552
0.0137786 0.000561552
0.0137821 0.000565339
0.0137858 0.000566985
0.0137881 0.000568968
0.0137772 0.000556455
0.0101979 0.00223421
0.0105045 0.000423245
0.0106089 0.000223486
0.0137969 0.000576247
0.0138 0.000577689
0.0137931 0.000576205
0.013791 0.000572075
0.0111009 0.000379946
0.0111979 0.000386328
0.0106994 0.00257552
0.0110189 0.00257542
0.011393 0.00250437
0.0104551 0.000906136
0.0106595 0.000664079
0.010295 0.00196369
0.0103162 0.00167265
0.0103399 0.00116234
0.0103484 0.00139962
0.0104279 0.00221157
0.0106254 0.00233699
0.011247 0.000414
0.0107839 0.000421218
0.0110282 0.000462368
0.0113915 0.00240077
0.0111856 0.00254181
0.0112939 0.00246276
0.0137869 0.000572891
0.0137754 0.000552
0.0137776 0.000566693
0.0137739 0.000561738
0.0137829 0.000570443
0.0137729 0.000556729
0.0138 0.000581791
0.0137959 0.000581196
0.0137911 0.00058052
0.0137884 0.000576866
0.0111535 0.000430572
0.0108696 0.00243881
0.0110395 0.00240768
0.0111359 0.00244015
0.0111775 0.00237396
0.0137768 0.000571705
0.0106865 0.000957611
0.0105871 0.00122025
0.0109283 0.000608204
0.0109092 0.000849925
0.0106237 0.00203616
0.0105156 0.00181154
0.0105714 0.00153913
0.0108124 0.00220981
0.011245 0.00048506
0.0113915 0.000468765
0.0111615 0.000576974
0.0113011 0.0023698
0.0112233 0.0024209
0.0137836 0.000579659
0.0137803 0.000576042
0.0137695 0.000552
0.01377 0.000566949
0.0137676 0.000558776
0.0138 0.000587011
0.0137939 0.000586184
0.0137872 0.000585165
0.0109987 0.0022523
0.0111151 0.00231971
0.0111797 0.00229066
0.0112149 0.00234897
0.0137718 0.000575453
0.0108704 0.00115082
0.0107957 0.00141919
0.0111855 0.000758745
0.0111209 0.00104133
0.01093 0.00202542
0.0107657 0.00176318
0.0113583 0.000587553
0.0115271 0.00049693
0.011247 0.002346
0.0137796 0.000590299
0.0137756 0.000583038
0.0137614 0.000552
0.0137623 0.000571541
0.0137605 0.000562338
0.0138 0.000594144
0.0137927 0.000593454
0.0137852 0.000594962
0.0111264 0.00217699
0.0112342 0.00226686
0.0137654 0.000581876
0.0138 0.000908101
0.0138 0.000688077
0.0138 0.000728802
0.0138 0.000706642
0.010942 0.00158356
0.0110914 0.00133529
0.0115217 0.000724765
0.0113745 0.000931417
0.0113552 0.00118936
0.0110464 0.00181809
0.011186 0.00199482
0.0117464 0.000527916
0.0113065 0.00232002
0.0137802 0.000603677
0.0137694 0.000593054
0.0137707 0.000603538
0.0137495 0.000552
0.0137499 0.000563755
0.0137523 0.000576868
0.0138 0.000604482
0.013791 0.000605516
0.0112671 0.00215217
0.011318 0.00224144
0.0137576 0.000590505
0.0138 0.000929614
0.0138 0.000888198
0.0137976 0.00090895
0.013797 0.000691949
0.0138 0.000670052
0.0138 0.000753527
0.0137973 0.000715831
0.0137976 0.000744358
0.0111657 0.0015979
0.0138 0.000975055
0.0138 0.000798345
0.0138 0.00114324
0.0138 0.00109534
0.0138 0.000866474
0.0138 0.00105177
0.0138 0.000960056
0.0138 0.000945909
0.0138 0.0011768
0.0138 0.000776942
0.0138 0.00115756
0.0138 0.0010745
0.0138 0.00102903
0.0138 0.00084198
0.0138 0.00100828
0.0138 0.000991047
0.0138 0.00081926
0.0118203 0.000773048
0.0113533 0.00146872
0.0116335 0.00103039
0.0115657 0.0013049
0.0113355 0.00176737
0.0113805 0.00200108
0.012075 0.000552
0.0113915 0.00229123
0.0137849 0.000620576
0.0137725 0.000619679
0.0137544 0.000605406
0.0137605 0.000617602
0.0137317 0.000552
0.0137369 0.000570496
0.0137405 0.000590616
0.0138 0.000621871
0.0114095 0.00216459
0.0137969 0.000936993
0.0137974 0.000872442
0.0137947 0.000919653
0.0137955 0.000896341
0.0137941 0.000670703
0.0137942 0.000701069
0.0138 0.000646825
0.0137963 0.000768613
0.0137948 0.000734737
0.0137973 0.000973391
0.0137974 0.000797168
0.0138 0.00112944
0.0137979 0.00114343
0.0137976 0.00109248
0.0138 0.00111364
0.0137975 0.00105672
0.0137973 0.000954485
0.0138 0.00120653
0.0137978 0.00116163
0.0137977 0.00118651
0.0137973 0.00102239
0.0137967 0.000833056
0.0137974 0.000996437
0.0120562 0.000833574
0.0119031 0.0010498
0.0123511 0.000551991
0.0138 0.00123864
0.0137957 0.00117355
0.0137934 0.000937084
0.0137929 0.000900101
0.0115819 0.00157206
0.0117904 0.00134786
0.0115734 0.00182121
0.0115733 0.00205981
0.0122804 0.000790805
0.0115218 0.00226426
0.0137752 0.000645355
0.0137893 0.000645486
0.0137596 0.000641135
0.0137286 0.000612294
0.0137446 0.000628986
0.0137027 0.000552
0.0137167 0.000583529
0.0137943 0.000955612
0.0137941 0.000870646
0.0137904 0.00091788
0.0137891 0.000685014
0.0137914 0.00071598
0.0137914 0.00075629
0.0137934 0.000798782
0.0137951 0.00099007
0.0137942 0.0009776
0.0137968 0.00112189
0.0137951 0.00114872
0.0137949 0.00108513
0.0137944 0.001039
0.0137974 0.00121407
0.0137951 0.00120139
0.0137948 0.00100854
0.0137937 0.000837332
0.0122043 0.00105429
0.0120133 0.00125754
0.0126273 0.000551999
0.0125137 0.000748446
0.0138 0.00127205
0.0137981 0.00124057
0.0137931 0.00117631
0.0137897 0.000946341
0.0137907 0.000883764
0.0118158 0.00167039
0.0120129 0.00153815
0.0117903 0.00193185
0.0117464 0.00223208
0.0125205 0.000982295
0.0137806 0.000680638
0.0137647 0.000681059
0.0137451 0.000661745
0.0136937 0.000623473
0.0137184 0.000651698
0.0136813 0.000588725
0.0136545 0.000552
0.013791 0.000970082
0.0137893 0.000845272
0.0137855 0.000888332
0.0137841 0.00092425
0.0137848 0.000728539
0.0137871 0.00079395
0.0137915 0.00100503
0.0137931 0.0011173
0.0137909 0.00114851
0.0137912 0.00106038
0.0137945 0.00123079
0.0137918 0.00121282
0.0121998 0.00135189
0.0123997 0.00118245
0.0129034 0.000552
0.0127567 0.000787641
0.0137978 0.00127924
0.0138 0.00131014
0.013796 0.00125537
0.0137891 0.00119186
0.0137844 0.000953679
0.0138 0.00139297
0.0138 0.00154264
0.0135676 0.000552
0.0134143 0.000552
0.0138 0.00149587
0.0131793 0.000552
0.0138 0.00145783
0.0138 0.00135478
0.0138 0.00162653
0.0138 0.00161164
0.0138 0.00142457
0.0138 0.00158552
0.0119532 0.00205998
0.0120745 0.00182562
0.0122601 0.00161511
0.012075 0.002208
0.0126376 0.00126094
0.0128134 0.00102484
0.0137715 0.000736066
0.0137501 0.000733235
0.0137284 0.000694251
0.013627 0.000630959
0.0136751 0.000670879
0.0136936 0.000719649
0.0137857 0.000987565
0.0137797 0.000846073
0.013775 0.000899877
0.0137761 0.000962872
0.0137779 0.000783608
0.0137859 0.00103601
0.013788 0.00110373
0.0137851 0.00116447
0.0137907 0.00124127
0.0137932 0.00126432
0.0137859 0.00122569
0.0124177 0.00141193
0.0130286 0.000809659
0.0137953 0.0012932
0.0137976 0.0013273
0.0137977 0.00138704
0.0137978 0.00154101
0.0135117 0.000679897
0.013305 0.000792504
0.0137978 0.00148489
0.0137976 0.00143806
0.0138 0.00163748
0.0137977 0.001616
0.0137975 0.00163272
0.0137977 0.00158857
0.0122462 0.00199933
0.0138 0.00182743
0.0138 0.00176281
0.0138 0.00172555
0.0138 0.00164842
0.0138 0.00168775
0.0138 0.00179678
0.0138 0.00166285
0.0137978 0.00165448
0.0124086 0.00179103
0.0125565 0.00156722
0.0123547 0.00220799
0.0128994 0.00124641
0.0127932 0.00148146
0.0131161 0.00106955
0.0137604 0.000835876
0.013724 0.000803858
0.0136129 0.000743398
0.0136634 0.000807597
0.0137752 0.00102441
0.0137624 0.000943505
0.0137803 0.00110408
0.0137785 0.00119846
0.0137882 0.00127336
0.0137917 0.00131779
0.0137806 0.00127283
0.0137949 0.00135228
0.0137952 0.00141587
0.0137952 0.00156191
0.0137954 0.00148703
0.0135038 0.000818794
0.013395 0.000991766
0.0137966 0.00164502
0.0137954 0.00162418
0.0137951 0.00160192
0.0137942 0.0016367
0.0125329 0.00198888
0.0137975 0.00182452
0.0138 0.00185321
0.0137972 0.00178185
0.0137975 0.00174483
0.0137973 0.00170441
0.0137974 0.00167209
0.013795 0.00166016
0.0137928 0.0015152
0.0127197 0.00177047
0.0126344 0.002208
0.0130789 0.00140319
0.0129488 0.0016551
0.0132971 0.00124672
0.0137356 0.000969744
0.0136845 0.000943726
0.0135872 0.000934286
0.0137569 0.00104978
0.0137686 0.00113457
0.0137673 0.00124016
0.013786 0.00135452
0.013791 0.00142227
0.0137762 0.00135287
0.0137909 0.00158316
0.0135094 0.00115051
0.0137923 0.00164714
0.0137918 0.00162191
0.0127851 0.00200499
0.0137949 0.00180237
0.0137972 0.00186115
0.0137951 0.00184654
0.0138 0.00187485
0.0137948 0.00174003
0.0137946 0.00168972
0.0137914 0.00166968
0.0137882 0.00152707
0.0138 0.00196418
0.0138 0.00194612
0.0138 0.00189237
0.0138 0.00192713
0.0138 0.00199139
0.0138 0.00197785
0.0138 0.0019095
0.0137922 0.00178176
0.0130016 0.0019288
0.0129141 0.002208
0.0131683 0.0016854
0.0133243 0.00151123
0.0134815 0.00138348
0.0137449 0.00118536
0.0137096 0.00117431
0.0136418 0.00115068
0.0137582 0.00133868
0.0137821 0.00147754
0.0137718 0.00146183
0.0137855 0.00161775
0.0137818 0.00158055
0.0135993 0.00137829
0.0137867 0.00164548
0.0137923 0.00183803
0.0137969 0.00188234
0.0137935 0.0018724
0.0137907 0.00171414
0.013785 0.00167696
0.0137973 0.00196854
0.0137969 0.0019525
0.0137966 0.00193554
0.0137969 0.00189958
0.0137972 0.00191623
0.0137979 0.0019826
0.0138 0.00201081
0.0137981 0.00199694
0.0137878 0.00176691
0.013788 0.0018229
0.0137978 0.00201729
0.0132253 0.00193102
0.0131934 0.002208
0.0133899 0.00177326
0.013515 0.00162791
0.0137294 0.00142715
0.0136796 0.00142831
0.0137542 0.00148916
0.013768 0.00157171
0.0137736 0.00164314
0.0136217 0.00165481
0.013788 0.00186267
0.0137933 0.00189634
0.0137891 0.00189057
0.0137823 0.00173577
0.0137752 0.00169114
0.0137952 0.00198023
0.0137945 0.00196239
0.0137924 0.00194725
0.0137937 0.00192015
0.0137959 0.00199623
0.0138 0.00203541
0.0137803 0.00181931
0.0137961 0.00202743
0.0133978 0.00201712
0.0134287 0.002208
0.0135402 0.00187473
0.0137034 0.00169203
0.0137476 0.00164855
0.0137664 0.00175258
0.0136449 0.00184074
0.0137811 0.00188727
0.0137874 0.00192311
0.0137917 0.00197599
0.0137932 0.00200807
0.0137864 0.0019642
0.0138 0.00206055
0.0137968 0.00206212
0.0137687 0.00185955
0.013794 0.00204866
0.0135391 0.002076
0.0135783 0.002208
0.0136358 0.00195237
0.0136147 0.00203225
0.0137425 0.00182937
0.0137017 0.00191836
0.0137761 0.0019424
0.0137882 0.00200997
0.013791 0.00205196
0.0137796 0.00200336
0.0138 0.0020844
0.0137944 0.00208925
0.0137604 0.00192807
0.0136329 0.0021346
0.0136608 0.002208
0.0136856 0.0020297
0.013682 0.00209203
0.013741 0.00197444
0.013722 0.00202792
0.0137644 0.00200949
0.013786 0.00206475
0.0137817 0.00205022
0.013789 0.00209925
0.0137709 0.00206064
0.0138 0.00211059
0.0136924 0.00213807
0.013686 0.00217335
0.0138 0.00213691
0.0137069 0.002208
0.0137263 0.00209126
0.0137243 0.00212894
0.0137485 0.00206365
0.013778 0.0021008
0.0137885 0.00212689
0.0137634 0.00209813
0.0137231 0.00216147
0.0137177 0.00218635
0.0137884 0.00214673
0.0138 0.00215489
0.0137366 0.00218615
0.0137332 0.002208
0.0137565 0.00211738
0.0137497 0.00213484
0.0137466 0.00215389
0.0137747 0.00213296
0.0137452 0.00217098
0.0137848 0.0021597
0.0137777 0.00215196
0.0137928 0.00216031
0.0138 0.0021653
0.0137452 0.00219746
0.0137527 0.0021852
0.0137949 0.00216863
0.0137497 0.002208
0.0137683 0.0021493
0.0137638 0.00215839
0.0137605 0.00217097
0.013788 0.00216907
0.0137797 0.00216542
0.0138 0.00217226
0.0137576 0.00219633
0.013762 0.00218388
0.0137925 0.0021742
0.013783 0.00217489
0.0137615 0.002208
0.0137762 0.00217005
0.0137712 0.00217207
0.0137701 0.00218134
0.0137871 0.00217679
0.013796 0.00217669
0.0138 0.00217747
0.0137674 0.00219113
0.0137647 0.00220083
0.0137914 0.00217967
0.0137836 0.0021803
0.0137697 0.00219748
0.0137696 0.002208
0.0137782 0.002181
0.0137762 0.00218863
0.013788 0.00218317
0.013796 0.0021809
0.0138 0.00218189
0.0137745 0.00219524
0.0137723 0.00220264
0.0137919 0.002183
0.0137842 0.00218466
0.0137763 0.00220001
0.0137969 0.00218412
0.0137753 0.002208
0.0137826 0.00218816
0.0137793 0.00219422
0.0137828 0.00219267
0.0137899 0.00218671
0.0137875 0.00218847
0.0137933 0.00218495
0.0138 0.00218566
0.0137803 0.00219825
0.013778 0.00220431
0.0137807 0.00220173
0.0137957 0.00218692
0.0137974 0.00218852
0.0137798 0.002208
0.0137868 0.00219194
0.0137837 0.00219695
0.0137869 0.00219556
0.0137923 0.00218827
0.0137902 0.00219085
0.0138 0.00218876
0.0137839 0.00220051
0.0137824 0.00220437
0.0137947 0.00219024
0.0137973 0.00219105
0.0137832 0.002208
0.0137903 0.00219422
0.0137873 0.00219871
0.0137902 0.00219691
0.0137927 0.00219261
0.0138 0.00219151
0.0137856 0.00220335
0.0137868 0.00220112
0.0137848 0.00220595
0.0137953 0.00219371
0.0137978 0.00219339
0.013786 0.002208
0.0137936 0.00219609
0.0137894 0.00220126
0.0137901 0.00219918
0.0137928 0.00219867
0.0138 0.00219426
0.0137874 0.00220577
0.0137885 0.00220347
0.0137971 0.00219595
0.0137888 0.002208
0.0137956 0.00219842
0.0137911 0.00220358
0.0137922 0.00220115
0.013795 0.00220074
0.0138 0.00219701
0.0137902 0.00220583
0.0137979 0.00219845
0.0137916 0.002208
0.0137976 0.00220103
0.013793 0.0022057
0.0137937 0.00220332
0.013796 0.00220308
0.0138 0.00219976
0.0137944 0.002208
0.0138 0.0022025
0.013798 0.00220397
0.0137957 0.00220565
0.0137972 0.002208
0.0138 0.00220525
0.0137983 0.00220637
0.0138 0.002208
