42.8413
42.8413
42.8413
42.8413
42.8413
42.8413
42.8413
42.8413
42.8413
42.8413
42.8413
42.8413
42.8413
42.8413
42.8413
65.277
59.79
70.342
42.8413
61.0156
64.7908
59.3368
63.2561
62.9051
62.3403
74.3824
64.7383
63.7832
80.0687
77.4543
60.6017
58.9833
42.8413
76.8252
42.8413
42.8413
79.884
60.3547
82.6376
76.2157
76.1088
77.1606
78.5037
78.624
78.7429
79.9567
69.0887
68.2359
78.4105
72.8909
72.5811
75.1998
42.8413
69.176
58.8703
42.8413
42.8413
42.8413
59.0613
70.9216
71.9882
70.3605
72.8298
69.6569
70.1057
70.6609
70.603
71.3864
72.6706
71.3579
68.0731
60.4633
67.0463
72.601
42.8413
71.651
71.955
86.5934
57.8307
72.6034
71.6865
72.4117
71.4019
70.54
70.6912
71.8634
71.8029
71.684
71.8335
69.6284
69.5216
68.751
58.22
68.0525
64.1437
42.8413
71.8184
70.0004
66.4392
66.9315
71.4485
71.6641
71.5008
70.2286
71.286
71.7501
71.6163
70.6921
71.3383
69.624
69.236
69.1376
69.9171
69.3449
71.6016
71.2795
71.4665
69.7746
70.6277
71.1996
71.5012
71.2942
70.2468
70.8687
71.0255
70.027
70.2495
71.3468
71.0846
70.216
70.6938
70.9596
71.1499
70.8704
70.5363
70.4494
70.5044
70.6659
70.7166
70.4049
70.7908
70.685
70.4246
70.5429
70.6234
70.7535
70.4272
70.473
70.5995
70.2926
70.3369
70.3538
70.3073
70.4285
70.5249
70.1361
70.1255
70.1906
70.3656
70.3502
70.0627
70.3053
70.0146
70.0645
69.912
69.9893
70.2394
70.1922
69.8165
69.7883
69.8325
70.0125
70.0529
69.6501
69.9471
69.7294
69.6761
69.5626
69.968
69.8266
69.4486
69.558
69.4285
69.4987
69.7108
69.4071
69.7045
69.2766
69.5751
69.3857
69.3767
69.324
69.1984
69.6718
69.4532
69.087
69.1947
69.0863
69.1482
69.4056
69.1381
69.3507
68.8833
69.2023
69.0266
68.9698
68.8488
69.0818
68.8564
68.7477
68.8695
69.1162
68.8881
68.6246
68.9786
68.5634
68.8314
68.6304
68.6421
68.7133
68.509
68.4164
68.5929
68.7849
68.5989
68.3834
68.3383
68.5888
68.3239
68.1792
68.4626
68.3027
68.2427
68.3472
68.162
68.0825
68.2827
68.4237
68.0954
68.059
68.2076
67.9539
67.805
68.0959
67.9398
67.9009
67.9825
67.8391
67.7285
67.9295
68.106
67.8483
67.7326
67.6173
67.8128
67.603
67.5644
67.443
67.7303
67.5865
67.6186
67.4744
67.3847
67.6145
67.4071
67.3217
67.4093
67.2508
67.2381
67.1098
67.3652
67.2639
67.255
67.1136
67.053
67.3012
67.0426
67.0787
67.0075
67.0663
67.0239
66.8798
66.9195
66.8195
67.0003
66.8712
66.8916
66.7663
66.7242
66.6927
66.7056
66.757
66.612
66.7343
66.5016
66.523
66.6355
66.4975
66.5283
66.4807
66.4579
66.2739
66.38
66.4998
66.3044
66.3212
66.2216
66.3724
66.1536
66.109
66.2708
66.1623
66.165
66.1351
65.9122
65.9622
66.0246
66.1928
65.9675
66.0034
65.9306
65.7572
65.669
65.9586
65.7428
65.719
65.9062
65.7694
65.8016
65.7578
65.5527
65.6942
65.6913
65.5571
65.4241
65.4701
65.4186
65.3703
65.5454
65.3686
65.5415
65.3935
65.4383
65.3317
65.1554
65.3584
65.1776
65.1071
65.199
65.0922
65.1221
64.9251
65.1842
64.9427
65.1769
65.0475
65.075
64.8665
64.8571
64.9857
64.8695
64.7662
64.7924
64.6547
64.597
64.8308
64.5949
64.8122
64.6902
64.7116
64.5552
64.4173
64.563
64.673
64.4613
64.4044
64.3249
64.3953
64.2988
64.4492
64.2438
64.4476
64.3444
64.3483
64.1657
64.1992
64.0231
64.1013
64.0499
64.0946
64.0392
64.1682
63.9218
64.0692
63.8131
64.083
63.9856
63.9849
63.7837
63.8365
63.6644
63.8179
63.7543
63.6645
63.832
63.5805
63.6829
63.4503
63.5025
63.4945
63.7184
63.6297
63.6216
63.3937
63.487
63.3557
63.3687
63.3622
63.4561
63.2119
63.0711
63.2012
63.2582
63.1613
63.0882
63.3537
63.2663
63.0779
63.0093
63.1267
63.0344
63.1078
62.8594
62.8251
62.8623
62.7394
62.8948
62.7994
62.6868
62.9891
62.8976
62.77
62.7873
62.6227
62.7258
62.5338
62.5184
62.5641
62.532
62.4756
62.5315
62.3935
62.2752
62.6245
62.553
62.4507
62.2832
62.3266
62.2681
62.2395
62.2365
62.1473
62.1681
62.0063
61.9538
62.2599
62.2778
62.0806
61.98
61.9914
62.0359
61.918
61.8543
61.7304
61.7572
61.8048
61.7726
61.7143
61.6746
61.6101
61.9921
61.8952
61.7944
61.655
61.6173
61.5418
61.5036
61.4087
61.4843
61.4414
61.417
61.2863
61.265
61.6135
61.5306
61.4525
61.236
61.2326
61.2475
61.2218
61.0803
61.2429
61.0781
61.089
60.9316
60.8947
60.9744
61.2219
61.166
60.9952
60.8369
60.8703
60.9553
61.0038
60.7636
60.5179
60.7552
60.7271
60.7147
60.7554
60.6281
60.5499
60.5824
60.8147
60.8013
60.6761
60.4637
60.6365
60.4698
60.2187
60.4721
60.3414
60.3862
60.3514
60.3929
60.2617
60.2745
60.2135
60.4371
60.4367
60.2012
60.0878
59.9231
59.9299
60.1644
60.0814
60.0307
59.988
60.0209
59.9445
59.8714
59.9272
60.1183
60.0721
59.9078
59.7076
59.7782
59.6255
59.62
59.776
59.4742
59.6819
59.6247
59.613
59.6645
59.6573
59.4395
59.7181
59.7075
59.3841
59.4672
59.3123
59.4098
59.1476
59.2512
59.2938
59.2613
59.179
59.3793
59.3853
59.0177
59.151
59.3428
59.0581
59.1158
58.925
59.126
59.1316
58.8328
58.937
58.8979
59.0867
58.7982
58.8161
58.8625
58.7619
58.6431
58.9782
58.6967
58.601
58.8319
58.4928
58.6482
58.4885
58.5346
58.459
58.5798
58.4355
58.3274
58.3093
58.6136
58.3282
58.5449
58.3011
58.3114
58.1459
58.1757
58.1712
58.0468
58.2611
58.0826
58.0352
57.9473
58.2524
58.2489
57.9431
58.066
57.9711
57.9784
57.7858
57.8159
57.8079
57.6936
57.7913
57.7713
57.5724
57.8843
57.5957
57.7641
57.6417
57.6225
57.4333
57.4641
57.4445
57.475
57.3553
57.5374
57.2536
57.3107
57.5197
57.22
57.436
57.3146
57.3508
57.2753
57.0892
57.1005
57.0812
57.0755
57.2097
57.0303
56.9913
57.1551
56.8221
57.0335
57.059
56.9477
56.7687
56.8048
56.7346
56.7178
56.8829
56.7366
56.724
56.6339
56.7717
56.7904
56.4388
56.4724
56.6352
56.7786
56.5885
56.4907
56.4023
56.4256
56.3545
56.5343
56.376
56.261
56.4552
56.4258
56.0521
56.1485
56.2397
56.2746
56.1901
56.1411
56.0319
56.0549
56.2167
55.9911
55.9719
55.9281
56.0821
56.0612
55.883
55.7058
55.7865
55.9179
55.8455
55.7098
55.7376
55.7242
55.6278
55.6357
55.651
55.6965
55.5542
55.4199
55.4052
55.4964
55.4919
55.3806
55.3902
55.5006
55.4772
55.372
55.2644
55.2832
55.297
55.3319
55.2315
55.1101
55.0719
55.0905
55.1416
55.0702
55.1464
55.1532
55.02
54.901
54.9791
54.8606
54.9673
54.9183
54.7733
54.741
54.7312
54.8086
54.8243
54.7423
54.8466
54.6615
54.5377
54.6377
54.5701
54.4804
54.6027
54.5737
54.4079
54.4649
54.3804
54.4544
54.4352
54.3637
54.1743
54.3326
54.2238
54.109
54.238
54.2289
54.1102
54.1268
54.1612
53.9718
54.1013
54.0463
54.0554
54.0499
53.811
53.8379
53.8099
53.8734
53.8502
53.8317
53.7322
53.8237
53.621
53.757
53.7606
53.5085
53.4476
53.5165
53.496
53.5549
53.5006
53.5088
53.508
53.5026
53.3866
53.334
53.3814
53.0912
53.0843
53.1875
53.231
53.1144
53.2439
53.1375
53.1441
53.2322
53.0985
53.0925
52.9816
52.8637
53.0894
52.8432
52.6556
52.7209
52.8101
52.9012
52.8281
52.8511
52.8151
52.7795
52.7204
52.8179
52.6762
52.5556
52.5402
52.5661
52.3103
52.3576
52.5028
52.4428
52.5417
52.4464
52.4783
52.4149
52.3887
52.3292
52.2504
52.2353
52.3006
52.0157
51.9942
52.1578
51.9999
52.1032
52.1876
52.0343
52.1056
52.0503
51.9168
51.9149
52.0299
51.6667
51.7689
51.6309
51.8219
51.631
51.7599
51.7934
51.6559
51.7615
51.6856
51.5888
51.5776
51.4792
51.3753
51.2572
51.2675
51.4784
51.2865
51.409
51.4199
51.3014
51.3864
51.3114
51.321
51.2121
51.2203
51.0692
51.0297
50.8632
50.9041
51.1448
50.9764
51.0354
51.1006
50.9401
50.976
50.8979
50.9564
50.916
50.637
50.7766
50.6703
50.4731
50.5408
50.7801
50.7407
50.6222
50.6693
50.5812
50.6253
50.6357
50.5199
50.5918
50.433
50.2174
50.2978
50.1299
50.1774
50.3824
50.3926
50.4028
50.2564
50.2925
50.2873
50.1569
50.2271
49.967
50.1132
49.8705
49.8402
49.913
49.8141
50.0848
50.0607
50.1427
49.8965
49.9517
49.9676
49.7849
49.8625
49.6409
49.615
49.5479
49.5485
49.4507
49.8166
49.8089
49.7042
49.6162
49.6218
49.4979
49.4717
49.3374
49.3365
-2.77506e-10
0.403963
1.8563
49.1821
49.0976
49.257
49.3809
49.2426
49.0874
49.5025
49.4629
49.3656
49.3026
49.2296
49.1332
48.9936
5.90482e-12
2.12512
3.7896
4.47283
48.9318
48.8834
48.8045
-1.42322e-12
0.436335
49.113
48.8966
48.9681
48.724
49.1399
49.0571
48.9842
48.8691
48.7686
48.6187
3.13308
5.32536
7.48409
48.6576
48.5648
1.85681
-6.22326e-11
2.24651
6.87774
48.4645
48.7964
48.5202
48.6532
48.3607
48.7786
48.6778
48.6874
48.5584
48.404
48.309
48.2962
6.26617
10.4954
8.40915
48.3161
48.2743
4.4413
3.13213
4.40468
48.1207
7.45498
9.95783
48.4656
48.1545
48.3088
47.9973
48.4049
48.4228
48.313
48.0394
47.9844
48.018
48.0451
9.3993
11.4925
13.5067
47.9813
6.85367
6.26477
47.7791
10.4687
9.24649
13.0333
47.7954
48.1214
47.9622
47.8014
47.634
48.0274
48.1392
47.6747
47.719
47.7903
12.5324
14.5503
16.5181
47.6639
9.39767
47.4384
13.4825
11.2981
47.5411
47.5269
16.1149
12.988
47.4768
47.7368
47.8486
47.5879
47.4297
47.2706
47.6672
47.3101
47.3239
47.4908
15.6656
17.6931
19.5294
12.5306
47.2092
47.0804
16.4963
14.5448
47.2406
47.2351
47.1053
16.0869
19.4265
47.3588
47.4743
47.2206
47.0302
46.9073
47.2591
46.9455
46.9862
18.7987
21.2195
22.5407
15.6635
46.8684
46.7002
19.51
17.6105
46.934
46.9825
46.78
19.1643
47.0002
47.0836
46.8083
46.6613
46.5439
46.8675
46.5808
46.6629
21.9318
23.9282
25.5522
18.7963
46.501
46.3241
22.5238
20.7327
46.6618
46.4912
46.4871
22.492
46.8086
46.5669
46.6513
46.4398
46.2933
46.1805
46.496
46.2161
46.2669
46.3932
25.0649
26.9138
28.5628
21.9292
46.1325
45.9561
25.5377
24.2838
46.2891
46.199
46.3014
46.2223
46.0743
45.9333
45.8169
46.1358
45.9084
45.8513
46.0185
45.971
28.1981
29.9308
31.5789
25.0621
45.7666
45.5926
28.5505
26.9478
45.9686
46.0031
45.896
45.8544
45.7234
45.5807
45.453
45.7251
45.5439
45.6918
45.4862
45.6587
45.6861
31.332
32.957
34.5639
28.1949
45.4072
45.2372
31.5689
29.958
45.6707
45.5087
45.5184
45.3921
45.2334
45.0885
45.34
45.3956
45.2197
45.1204
45.3549
34.4597
36.0611
37.6884
31.3281
45.0492
44.8843
32.9722
34.5591
45.3456
44.7531
45.1725
45.1932
45.0615
44.8903
44.7222
44.969
45.0329
45.0784
44.8964
37.625
39.3043
41.0338
34.4596
44.6795
36.0203
37.685
45.0393
44.574
44.3834
44.8379
44.856
44.7485
44.5683
44.3591
44.3534
44.6979
44.6281
44.7246
40.4318
41.9124
42.742
37.619
44.372
38.9417
41.0294
44.7455
44.2028
44.4071
44.0093
43.5634
44.4103
44.4824
44.542
44.5071
44.3767
44.2024
44.052
43.9807
44.3208
44.2804
42.6301
43.2875
43.1431
40.4231
41.0169
42.3287
42.7419
43.8304
44.0449
43.6302
43.9392
44.4657
44.0889
43.6006
44.2477
45.1216
44.1101
44.1865
44.0303
43.876
43.7133
43.8833
43.922
43.7049
43.7156
44.2821
42.5882
43.5384
43.1248
43.5456
43.4703
43.6526
43.2435
45.6791
43.7399
43.2172
43.409
43.9401
47.065
45.3267
46.4885
43.7544
43.8024
43.7054
43.5626
43.3553
43.4682
43.5481
43.0801
43.6857
44.3951
43.6676
44.2807
43.6701
44.7704
44.5229
43.1261
43.3053
42.8709
49.7284
43.0892
42.8489
43.6079
50.4124
47.7302
44.705
45.9622
42.5146
-42.8413
43.162
45.955
45.4995
43.4205
43.4026
43.281
43.0595
43.0832
43.2776
43.1625
42.4939
43.1207
43.7862
43.6392
43.145
44.1756
44.7709
45.9004
46.3705
42.9442
42.7291
53.2781
42.8444
42.5439
43.3131
47.4144
44.1422
44.8819
-394.892
-686.06
-42.8413
42.9059
45.7278
44.8813
46.9558
45.5464
46.1231
43.1712
47.2342
43.0418
43.0081
43.0536
42.8302
42.7463
42.8991
42.7532
42.804
43.4718
43.2213
43.8859
42.5256
44.4458
49.7414
49.1268
42.7511
39.091
45.7317
42.7354
43.9923
-193.094
-240.249
-391.676
-42.8413
44.3301
44.0539
49.2788
44.9122
45.6357
42.9624
45.7808
47.38
-42.8413
42.6593
42.6814
42.7589
42.6936
42.5051
42.4808
42.331
42.6476
43.3297
42.8368
42.8802
43.6744
43.1486
44.0168
51.4728
42.4872
43.214
-173.762
-111.807
-215.426
-210.641
-282.087
43.378
43.2321
44.5098
43.9254
44.3145
44.9211
-215.184
-42.8413
-42.8413
42.1416
42.233
42.3813
42.4414
42.7527
42.1384
41.9227
41.7516
42.3278
42.6906
43.2644
40.7076
42.4008
42.0922
-144.365
-115.235
-89.7953
-169.988
-160.162
42.3869
43.2814
43.3532
43.2212
43.49
-163.557
-111.556
-42.8413
41.4931
-42.8413
-146.377
41.7942
42.0269
42.1756
42.6522
41.2693
41.1491
41.0531
41.5358
41.7892
41.3651
41.1862
-120.792
-109.571
-84.1775
-64.7314
-126.76
42.6775
42.5173
42.3617
-114.6
-110.545
40.5367
-92.0763
-42.8413
-122.683
-115.407
41.2778
41.6082
40.1654
39.9865
40.1731
40.1673
40.0773
42.1056
40.0352
-95.2046
-85.7644
-66.5374
-55.289
-105.433
41.7133
41.214
-87.9543
39.3118
-76.9077
-42.8413
-101.288
-42.8413
-42.8413
-42.8413
-42.8413
-42.8413
-72.9119
40.4053
38.671
38.6757
38.9297
39.1454
38.5599
41.2317
-73.311
-80.4164
-62.5464
-42.4959
-51.477
-82.4561
-84.9686
40.4691
38.0414
-57.6793
-42.8413
9.26894
-3.29421
-45.4889
16.9431
-42.8413
-31.1263
-42.8413
-63.8366
-42.8413
-42.8413
-42.8413
-42.8413
-42.8413
-42.8413
-42.8413
-42.8413
-42.8413
39.1417
37.3015
37.1214
37.3589
37.9475
37.7653
36.2598
40.0256
-53.3156
-60.643
-67.9175
-42.8386
-33.5701
-58.1601
-71.5506
-60.3272
36.6372
-46.306
20.6196
4.73409
22.1541
14.0656
1.90682
-42.8413
-34.1332
-17.9043
-26.97
-16.9816
-42.8413
-3.92065
-4.00137
-42.8413
-19.0899
-5.83854
-42.8413
17.5327
-42.8413
17.619
-42.8413
-42.8413
-42.8413
-42.8413
-42.8413
-42.8413
-42.8413
-42.8413
-42.8413
-42.8413
-42.8413
-42.8413
-42.8413
-42.8413
-42.8413
-42.8413
-42.8413
-42.8413
-3.18892
6.26126
37.2895
38.5712
35.6682
35.4809
35.5466
36.4495
36.2269
34.3219
-38.731
-42.263
-49.8229
-23.3316
-29.5671
-42.0658
-48.7337
-45.3574
35.2097
8.23697
7.17601
11.1435
3.01187
5.75221
-30.0282
-25.1766
-16.081
-11.1963
-3.58973
8.95484
23.7621
22.3739
33.9848
27.8367
18.3099
10.0412
38.4349
-42.8413
27.9697
22.6133
27.5516
27.4887
36.1537
29.9713
-42.8413
-42.8413
43.7126
14.368
28.2356
34.4397
-4.8952
-42.8413
19.6579
16.8491
-42.8413
30.361
14.7535
-1.54474
-1.60595
-42.8413
-42.8413
-42.8413
-42.8413
12.1993
-42.8413
-42.8413
-42.8413
36.2563
35.2189
34.2338
33.7766
33.863
34.0646
34.7423
32.7584
33.185
-26.426
-33.052
-13.9772
-19.0782
-30.8565
-36.0319
9.95005
8.36451
5.73704
10.2106
0.568294
-20.5643
-16.3288
-12.6978
9.30193
9.05605
8.04269
9.73373
11.4327
9.2028
11.0799
26.6444
15.464
10.9037
10.6421
15.9108
12.3394
13.4578
9.53942
29.4245
27.8554
13.5747
14.4784
16.4003
30.7767
12.4475
7.39008
13.9071
-0.926257
-42.8413
27.8827
32.8169
-42.8413
33.4017
-42.8413
33.1326
28.1632
12.1347
-42.8413
-42.8413
-42.8413
-42.8413
-42.8413
-42.8413
-42.8413
-42.8413
-42.8413
-42.8413
-42.8413
-42.8413
-42.8413
-42.8413
-42.8413
-42.8413
-42.8413
-42.8413
-42.8413
-42.8413
-42.8413
-42.8413
-42.8413
30.4889
34.2882
33.5984
32.5366
32.058
32.6678
32.7832
31.1076
31.641
-11.9279
-17.0774
-24.354
-5.77691
-17.3698
10.6502
5.05978
9.80815
-11.4572
-7.94008
12.6846
12.221
12.8684
10.0656
14.6716
14.1857
13.4817
17.4715
14.5749
15.7674
15.2106
16.2782
14.9347
14.6374
12.1899
17.143
17.4492
15.7367
17.1895
13.1681
-1.93301
28.8681
14.0191
16.6193
20.6833
32.1357
34.7858
17.2628
16.6455
14.6576
41.0002
22.1613
30.9943
28.2726
32.9306
30.8521
32.8267
33.7837
39.0081
15.806
-42.8413
-42.8413
34.4084
34.3039
-42.8413
29.0696
23.2872
32.7157
32.2367
36.6721
14.451
17.199
-42.8413
-42.8413
-42.8413
-42.8413
-42.8413
-42.8413
-42.8413
-42.8413
-42.8413
-42.8413
-42.8413
-16.1339
-42.8413
-42.8413
-42.8413
-42.8413
-42.8413
-42.8413
-42.8413
-42.8413
-42.8413
-42.8413
-42.8413
-42.8413
-42.8413
29.4561
-42.8413
-42.8413
-42.8413
-42.8413
12.6998
32.7211
31.9719
30.8699
30.1584
31.1544
31.2432
30.0771
-3.92331
1.07008
-7.12865
-11.8672
-5.55184
11.85
11.2513
8.58097
3.15372
-2.43524
12.825
13.8549
13.4654
15.0107
16.0483
15.3371
14.7498
14.5244
14.1371
16.5093
18.0598
16.551
16.4456
12.9121
17.4348
17.114
17.9862
14.5183
17.9253
15.7102
15.4774
17.2945
15.1541
16.8579
23.1581
14.5562
15.7083
14.9676
14.1535
17.2758
17.2329
6.33058
26.6436
18.2662
34.4315
16.2361
14.7787
16.5389
15.2788
14.8507
17.8858
-42.8413
31.7085
45.1521
41.0239
-42.8413
38.3506
37.5299
36.4509
-42.8413
26.1923
24.9241
33.9679
31.9637
18.7024
32.6442
2.04573
-42.8413
28.1692
32.693
34.5008
37.5299
-42.8413
32.8638
-42.8413
28.1859
27.7777
27.8024
28.5213
-42.8413
17.7142
35.1378
-42.8413
18.2361
-42.8413
-42.8413
-42.8413
-42.8413
-42.8413
-42.8413
-42.8413
13.2536
-42.8413
-42.8413
-42.8413
-42.8413
-42.8413
-42.8413
10.6587
31.0456
30.3574
29.1236
29.213
28.462
29.8397
2.59463
6.9021
-3.0649
-0.497518
1.66817
12.7369
12.034
7.93987
4.71272
13.5731
15.6402
16.6304
14.8554
14.1362
16.8357
16.952
19.4253
17.8275
18.0494
18.0784
19.0809
17.0474
17.3811
18.5579
15.4544
19.532
18.9471
19.2959
18.1167
17.6228
19.5991
16.4438
13.5842
16.3899
20.0237
19.1661
17.0618
19.317
18.4355
31.9133
14.1928
19.0786
18.3219
18.9586
19.5722
17.3658
13.8842
15.3737
17.3876
30.3372
13.6619
16.8782
16.2903
11.9556
16.6373
15.0356
24.3653
14.7865
27.9826
33.5118
15.8667
26.1497
26.8329
27.6886
25.0534
31.201
15.6225
35.1605
21.3573
-42.8413
29.9002
31.21
35.4946
29.9931
31.7591
10.7179
-42.8413
-42.8413
18.4427
5.11772
29.3745
28.8325
27.2996
27.593
28.2487
26.8698
11.509
4.26671
6.56303
13.2095
12.3099
9.59086
16.075
16.8124
14.0685
15.0298
17.2518
18.3279
17.904
18.1149
17.9366
17.2344
18.3528
18.1836
18.5166
18.6457
17.5435
17.7004
20.5699
16.8675
19.1049
19.3063
18.9521
15.9447
18.7156
19.6069
18.4848
19.6113
20.3675
18.461
18.2096
18.4881
19.1315
18.7076
18.4415
18.4739
16.1253
19.2352
20.0328
18.8998
24.5063
25.2122
26.1419
15.6408
17.2607
30.4669
12.1743
13.8408
13.7006
15.0549
12.0546
24.8982
-42.8413
9.34417
18.9063
18.9
27.7006
27.2602
25.5696
26.6503
25.9295
15.1865
9.32703
11.2278
14.0856
12.9414
16.4005
17.2404
17.0315
15.6852
18.1477
17.7527
17.8764
18.3627
18.3633
18.6905
17.7791
18.5883
17.44
17.4365
17.5675
18.9127
18.8609
16.2462
18.7999
18.6878
18.9701
17.3435
18.4924
18.594
17.6844
16.5112
22.8833
23.5684
24.7065
16.3545
17.7858
12.532
16.7582
17.1147
22.8307
11.4439
-42.8413
12.97
18.9032
-42.8413
-42.8413
-42.8413
-42.8413
-42.8413
-42.8413
-42.8413
-5.46303
-42.8413
26.0286
25.7691
24.5003
23.9477
25.1162
17.7961
13.3988
14.3315
15.471
16.9199
17.564
18.0634
18.4507
18.7371
18.8291
17.9457
17.496
17.8843
18.0091
17.0641
17.1026
18.7494
17.8576
18.724
18.5351
21.3004
21.876
23.3986
22.2614
16.7105
16.1758
15.3814
16.281
22.3843
21.0641
13.7434
15.4534
32.8423
9.13037
6.99087
33.2979
-42.8413
33.3782
7.63877
24.7
12.1815
-42.8413
19.6898
15.2243
17.0561
24.3666
24.4433
23.6092
22.9169
22.1503
18.2202
16.1596
16.3297
17.8853
18.3178
18.6349
18.63
17.9022
17.1664
17.7738
16.9784
16.976
18.3252
18.6417
20.1675
20.856
14.8776
16.1727
15.6293
10.1293
17.2886
13.0074
13.3709
30.9469
9.43859
11.4462
10.9031
10.7939
-42.8413
13.2055
17.8884
-42.8413
22.7279
23.1877
22.0519
21.4557
20.5192
19.168
18.1916
17.8029
18.4699
18.5158
17.3398
17.7297
16.7615
18.178
16.402
13.9119
15.3637
15.8735
16.2142
8.01504
11.0266
13.9755
14.1006
11.9869
14.1517
18.4198
-9.07543
-42.8413
14.0918
21.8533
21.1198
20.7013
19.9762
19.189
18.4875
18.2566
17.8379
17.1366
15.8983
15.3385
13.7443
12.8327
19.3494
10.7604
11.9227
12.37
12.1072
18.0319
-6.73339
-42.8413
13.3829
-42.8413
-42.8413
20.0981
20.3497
19.4724
19.1099
18.7307
17.8616
17.0684
16.2075
14.0144
12.3168
9.60643
7.59217
11.7782
9.5315
16.3178
11.6409
11.5936
21.0504
-42.8413
18.2156
17.452
17.0509
14.2752
11.1519
9.98022
8.92104
9.85643
8.53186
14.3476
7.91549
11.3105
-17.9475
-42.8413
-42.8413
8.11222
15.2958
14.63
14.2866
10.4192
5.56227
5.89383
5.21603
10.7922
2.70188
7.9063
9.0803
-15.7728
-14.5881
-42.8413
1.67866
10.5628
10.7558
6.08239
-1.51722
0.331375
-1.94592
-2.45217
5.94772
-20.9918
5.74976
-42.8413
-1.79294
3.29914
5.62471
3.43757
-7.75999
-8.21304
-5.98021
-8.27884
-7.06488
-24.2223
-7.56586
-42.8413
-3.62954
-0.428674
-15.339
-16.3431
-18.6662
-12.3673
-10.717
-12.6967
-28.7107
-42.8413
-19.3345
-11.6602
-6.88544
-24.8492
-22.7149
-25.4587
-22.6029
-24.6361
-42.8413
-31.4677
-25.1604
-42.8413
-18.9175
-14.5275
-32.5812
-34.5064
-35.0515
-39.4962
-43.1502
-39.4353
-30.9918
-42.8413
-28.7034
-23.3942
-39.2465
-43.5086
-50.8486
-48.6584
-51.5588
-54.3133
-52.5612
-43.2612
-60.0235
-42.8413
-64.3263
-43.003
-32.3934
-59.2073
-66.6319
-62.0055
-66.9954
-58.7937
-66.0474
-80.2302
-72.608
-42.8413
-77.667
-63.8383
-49.8239
-42.3604
-81.3422
-85.098
-82.3789
-77.7116
-88.9658
-42.8413
-92.7876
-100.674
-86.0159
-70.1414
-58.0404
-54.1949
-111.896
-96.2854
-108.406
-114.637
-42.8413
-115.826
-95.8112
-110.207
-76.3245
-68.6474
-133.978
-146.366
-154.001
-42.8413
-138.023
-129.246
-100.327
-121.371
-90.1098
-201.101
-171.552
-178.491
-42.8413
-154.321
-102.899
-158.595
-42.8413
-289.166
-223.27
-215.194
-197.103
-228.254
-42.8413
-393.434
-389.584
-668.174
-42.8413
-42.8413
