8.75866
8.75866
8.75866
8.75866
56.3026
42.2452
8.75866
52.6158
8.75866
8.75866
50.5013
40.7537
32.8725
8.75866
8.75866
8.75866
8.75866
8.75866
8.75866
8.75866
8.75866
8.75866
8.75866
8.75866
8.75866
8.75866
8.75866
8.75866
8.75866
8.75866
8.75866
8.75866
48.2537
68.4515
91.6326
55.6545
70.9442
8.75866
46.1272
40.1715
8.75866
45.1463
71.8408
76.8505
45.0661
8.75866
43.5833
46.8629
8.75866
45.4323
41.2854
44.5233
41.7562
41.6512
43.5341
8.75866
46.7606
8.75866
40.3276
26.0518
42.6602
46.1052
41.7087
43.5568
8.75866
44.2579
41.8807
8.75866
86.6249
8.75866
8.75866
8.75866
8.75866
8.75866
8.75866
8.75866
8.75866
8.75866
8.75866
8.75866
8.75866
8.75866
8.75866
8.75866
8.75866
8.75866
46.3971
45.1912
8.75866
64.2615
66.8835
73.7864
76.5985
80.9324
44.9867
78.5491
48.9144
82.5516
75.4496
71.8133
66.325
45.1756
81.6004
8.75866
85.1107
85.9161
83.2183
45.4615
79.6907
76.9832
73.1078
73.7078
78.5839
78.0131
45.3787
78.2488
51.2678
75.2369
34.3341
75.8184
77.5068
44.2135
77.0931
74.177
43.2344
75.2761
35.4454
39.6847
48.3572
56.3415
48.3912
50.1644
42.7162
47.9701
48.2118
46.622
41.5897
45.3127
51.4592
85.1569
67.7845
72.665
75.1823
73.5277
65.2312
71.7609
62.0139
63.8176
59.5069
70.6719
77.9882
59.8905
67.9942
74.4955
69.0115
60.1871
61.3701
43.1173
74.4794
70.5509
8.75866
60.3213
72.5736
74.4194
59.725
71.409
83.8425
65.758
71.7511
71.0543
70.1782
72.3706
71.5943
79.4554
73.2159
62.133
68.9808
68.1722
65.4486
56.4126
77.9939
72.371
57.8393
54.0574
82.5416
78.1769
82.0524
78.5709
62.6161
72.1317
64.0102
62.1724
61.5034
72.3208
64.2981
66.3828
61.7488
66.6574
63.508
64.6914
62.8833
61.0639
60.9463
63.2201
63.9985
64.0989
73.0854
39.0981
73.3136
62.1032
8.75866
66.3637
64.8964
64.8481
60.7026
63.0136
62.4198
65.3036
62.2139
61.6588
63.2871
62.4456
62.2967
60.4186
54.8789
63.0634
58.0442
61.1028
65.0032
62.5713
59.6441
67.5193
62.785
62.5764
67.1414
64.6035
65.1168
64.832
66.1667
63.7526
62.7806
65.6142
64.7555
64.7967
64.1388
65.927
63.4026
63.7736
79.6432
46.3329
8.75866
62.7821
66.25
65.2349
65.6664
66.0611
65.6601
65.5664
65.1768
65.0367
65.3883
65.8992
61.8272
58.524
60.808
66.5024
64.1004
65.7935
65.2524
64.9084
64.8765
65.6192
65.026
64.737
62.9334
64.9148
63.9914
64.3376
63.7284
75.4106
44.8268
70.7346
8.75866
60.734
65.0531
65.4679
64.9687
64.6405
65.2767
65.1634
61.9191
63.0742
64.5775
65.8168
65.3258
64.9128
65.0279
64.9343
65.5065
64.6173
64.9188
63.4493
64.7496
64.709
64.2845
46.1671
82.851
8.75866
70.9292
62.73
65.3322
65.2404
65.4128
64.7441
63.0367
64.0544
65.3768
65.1725
65.1667
64.6912
64.9197
65.014
63.5192
63.7371
63.9579
64.7352
64.511
45.0024
8.75866
45.4789
72.6296
59.5999
69.5852
65.1483
65.1135
63.8186
64.3649
65.229
-8.75866
65.0507
65.0286
65.0599
64.1369
64.595
64.8293
63.2651
62.1338
62.2093
64.3904
64.8874
8.75866
8.75866
42.1207
74.918
57.2268
75.3581
68.2245
65.0506
64.1154
64.2535
65.0364
-8.75866
-343.073
-566.042
64.9496
-8.75866
64.8893
64.9363
63.811
64.3461
64.657
61.1959
60.6325
62.1482
63.2478
64.4234
64.8197
8.75866
41.9775
60.1246
66.1285
46.2162
73.8564
64.1901
64.0534
63.9949
64.8254
-298.339
-146.008
-159.323
64.8024
-250.77
-8.75866
-132.185
64.6028
64.7235
63.6699
64.2658
64.0072
64.3529
55.453
63.862
64.5441
64.2243
8.75866
34.7161
36.9218
41.6723
8.75866
63.9761
63.7785
63.6051
64.5362
64.5629
-135.604
-161.676
-72.5562
-167.013
-8.75866
-81.3957
-106.481
64.0769
0.00132676
64.2221
64.3734
63.9941
64.3975
63.9363
64.0666
64.0435
64.2159
63.8399
8.75866
8.75866
63.5945
63.4419
63.2204
64.1604
64.2148
-121.749
-114.641
-52.7586
-89.817
-138.506
-8.75866
-74.0764
-53.3862
-89.0364
5.82854
-0.000331219
3.44828
-0.00278087
-8.75866
-80.014
63.8417
63.9195
63.6671
63.7292
63.6087
63.7237
63.894
63.5957
63.3639
63.2093
63.0828
62.8267
63.8424
-85.6395
-77.5837
-78.2486
-31.2552
-99.3576
-52.5168
-62.9752
-36.8178
16.8595
10.7865
12.1009
8.00618
-50.3464
-8.75866
-64.2397
63.6012
63.4873
63.4901
63.3649
63.2924
63.3385
63.5396
63.2638
63.0302
62.9286
62.8241
62.4347
62.5534
-61.3519
-63.8095
-56.2483
-55.4262
-17.3168
-40.1758
-48.4009
-23.0005
23.7439
28.1923
27.0721
21.6
18.8895
-54.4284
-8.75866
-45.9519
63.285
63.1466
63.0903
63.1567
62.9593
62.934
62.9357
62.8719
62.661
62.5321
62.0411
62.2426
-39.5836
-39.7958
-40.2822
-35.4177
-6.95055
-22.2261
-33.8103
37.5029
32.7619
38.4651
32.5016
-35.0393
-8.75866
-30.4999
62.9666
62.8031
-8.75866
-8.75866
-8.75866
-8.75866
-8.75866
-8.75866
-8.75866
-8.75866
-8.75866
62.78
27.795
62.7312
62.563
62.573
62.5335
62.486
62.2842
62.1908
61.8987
61.6441
61.9465
-23.3011
-22.8849
-25.1811
-24.8467
-20.3334
-7.74536
5.43818
-19.0412
47.1419
46.941
44.111
-17.4714
62.6186
62.4389
17.4396
-8.75866
21.4339
-8.75866
23.2331
27.487
20.4784
21.6729
-8.75866
-14.5347
22.564
62.4632
60.821
-8.75866
-8.75866
-8.75866
-8.75866
-8.75866
-8.75866
-8.75866
-8.75866
-8.75866
-8.75866
-8.75866
61.5436
28.2909
62.3053
62.2763
62.1332
62.1117
62.1308
62.0761
61.8406
61.6466
61.244
-9.61939
-8.20723
-7.85355
-9.8125
-4.3258
-6.77413
4.52743
14.2818
53.1925
53.2613
53.9945
62.2713
62.1264
49.6187
27.0854
-8.75866
27.5311
59.5695
50.8271
55.1799
55.4926
58.1158
50.5143
54.4884
-8.75866
54.2543
62.1108
54.459
30.2652
30.9289
32.1641
27.8309
30.742
32.6327
26.4738
28.6414
36.5444
-8.75866
61.2864
63.0436
-8.75866
-8.75866
-8.75866
59.1639
-8.75866
-8.75866
-8.75866
-8.75866
-8.75866
-8.75866
-8.75866
-8.75866
12.4616
61.8751
61.9133
61.9059
61.7164
61.8346
61.6734
61.7255
61.6979
61.4982
61.4178
61.0418
60.8542
3.42369
3.4728
5.29382
6.325
4.47265
15.8207
22.3296
57.2739
58.6371
57.6242
61.8764
46.0001
37.4534
50.0382
14.3292
52.8661
70.4875
55.9639
49.2784
52.0015
50.0068
36.4676
14.7085
47.8762
61.7794
65.1855
49.3572
71.6627
60.5059
64.2913
22.7694
70.5307
61.067
60.9479
58.6795
-8.75866
-8.75866
35.1603
58.6172
-8.75866
60.503
22.0447
83.9811
33.2332
34.5649
-8.75866
38.6674
41.0458
24.412
36.8085
57.0249
56.6398
-8.75866
60.3591
60.5325
46.1287
29.7779
61.5127
61.5184
61.5084
61.3522
61.318
61.2982
61.303
61.135
60.7225
15.4149
15.7211
15.0934
13.8886
24.3557
29.4636
60.516
60.4359
59.5641
61.5111
36.3222
35.3064
42.7219
42.7358
46.1867
43.3522
40.6729
39.4351
42.865
49.9263
47.2553
46.8302
49.0558
42.7032
59.4828
60.7917
60.7522
46.9186
-8.75866
61.4814
74.3176
62.444
60.4526
52.4316
50.333
52.0643
62.6026
72.308
64.3668
47.0893
45.1511
-8.75866
-8.75866
67.1246
60.5478
46.2997
27.7336
22.1603
-8.75866
-8.75866
-8.75866
-8.75866
-8.75866
-8.75866
-8.75866
-8.75866
-8.75866
52.9324
-8.75866
-8.75866
-8.75866
39.4958
-8.75866
-8.75866
-8.75866
-8.75866
-8.75866
-8.75866
61.1356
62.3488
68.5742
61.1916
61.1394
61.12
61.1772
61.019
60.9153
60.8608
60.5905
25.7477
25.0605
23.8491
35.6821
60.8683
60.5873
67.6642
36.839
42.0626
40.8373
46.2173
47.054
46.2732
45.3555
45.0908
43.5905
51.7198
49.5495
50.1813
50.4081
60.4795
60.4699
65.9949
51.8538
49.7322
48.353
51.8845
55.7839
45.3924
48.6357
49.156
70.3459
74.0384
49.3274
49.2809
31.8729
63.6037
61.2998
-8.75866
62.3784
68.131
66.0289
63.9476
68.8932
66.3243
68.4679
61.9948
62.4221
37.4504
64.102
60.8199
61.8048
50.8403
-8.75866
-8.75866
-8.75866
-8.75866
-8.75866
-8.75866
-8.75866
-8.75866
-8.75866
-8.75866
-8.75866
-8.75866
-8.75866
-8.75866
-8.75866
-8.75866
-8.75866
65.0578
51.0773
49.1378
39.6879
60.8351
60.8225
60.7916
60.7655
60.7561
60.5687
60.4499
60.4132
33.45
32.6621
33.3066
41.2887
60.7563
61.2504
59.546
37.9049
43.0254
42.269
48.4402
46.9008
45.7505
43.9711
51.9942
50.8048
48.9583
60.0952
60.0462
50.5371
52.2576
52.043
52.4535
53.0728
52.3638
49.6954
52.7692
54.4673
50.3546
46.4002
65.5021
49.6086
46.7717
51.696
50.8747
48.4433
49.4277
60.6181
60.489
61.3207
57.0359
66.4544
54.0744
69.5125
-8.75866
40.714
-8.75866
25.078
60.0479
78.351
62.7687
-8.75866
62.0849
59.6567
60.7339
-8.75866
60.8628
-8.75866
50.4214
50.1825
51.3983
49.6497
59.7188
-8.75866
-8.75866
-8.75866
-8.75866
-8.75866
-8.75866
59.0848
60.4071
60.5998
60.5819
60.4069
60.5003
60.3757
60.0401
60.3786
59.7077
40.6841
39.9523
38.9902
46.1802
60.2595
58.7973
58.1803
41.7463
44.6984
44.497
48.1504
46.7458
51.2269
51.1035
49.3651
59.4036
59.6754
53.1597
52.204
52.9159
53.5712
52.3407
53.6602
52.4972
52.261
54.5545
50.0945
53.467
53.6088
54.1064
50.7656
46.6575
47.6108
50.7272
51.9259
49.8355
49.9594
65.9376
49.6795
66.8869
47.9012
58.5223
48.7088
66.9821
64.9432
53.6742
48.7391
51.6032
51.9064
79.5957
67.9814
-8.75866
37.9567
53.9049
51.7582
-8.75866
-8.75866
59.1173
59.947
60.5512
60.5173
60.0967
60.5576
59.5099
58.733
58.5233
45.8716
45.3881
49.7844
57.085
56.674
45.7076
46.7987
48.6965
52.3598
50.9345
51.9147
58.4104
52.4509
52.5794
53.2523
52.3629
52.8923
52.4687
52.7709
52.3425
53.5808
50.1358
48.7492
52.1669
51.8937
48.4155
48.8732
50.2312
51.5628
51.3976
50.7184
48.3715
63.2717
46.527
32.3603
53.7455
28.9567
-8.75866
58.7561
-8.75866
-8.75866
-8.75866
52.0667
-8.75866
-8.75866
-8.75866
-8.75866
52.8125
-8.75866
54.461
59.2441
60.7162
60.7461
60.1764
60.9751
60.3768
59.5492
59.364
57.241
57.4242
49.9611
48.4499
55.1773
55.6981
48.3879
49.1367
50.3974
52.6028
52.3816
51.9243
57.913
53.0127
52.616
52.2391
52.7975
52.8766
51.414
52.7043
50.6516
51.2787
51.1484
51.4656
51.4368
51.3041
51.6149
53.5567
60.3895
46.3256
32.1392
60.7825
26.1053
29.3106
-8.75866
29.975
52.9544
27.2161
66.3195
50.8328
62.4134
44.6494
58.2901
61.2957
61.8671
60.8761
59.0608
60.1326
61.1235
62.4009
58.7585
56.1824
53.5695
56.1346
56.5524
52.181
50.5275
53.9577
54.5743
50.5795
51.714
52.7043
52.5363
57.061
51.921
52.8082
52.1669
51.1014
50.918
51.2304
51.0258
50.9846
47.2787
49.8203
62.4299
63.0338
62.6293
66.3311
63.2961
28.0953
-8.75866
44.1375
54.9477
49.025
45.6726
49.9335
57.0271
62.5506
68.3254
59.816
56.6284
59.7106
61.211
58.1943
51.4217
46.9474
44.3719
55.1677
55.6285
52.0741
53.1118
53.8252
52.1534
52.5682
52.6322
52.6331
52.0456
51.8181
50.9796
50.8453
50.8165
50.4896
48.7409
49.2941
44.8598
47.3578
47.4056
49.4223
30.1603
54.8151
-8.75866
51.5567
48.8819
56.6658
55.1579
60.4654
60.7521
57.5137
54.0066
59.2688
58.268
41.2578
46.8676
38.4683
32.5193
53.8859
52.5363
52.7123
52.4264
52.142
51.9204
51.1555
50.5302
50.6191
50.2223
47.8192
48.485
49.1126
48.1492
47.3966
44.3076
53.3581
63.3936
21.5952
-8.75866
48.0437
-8.75866
54.4365
52.7264
32.8102
35.3214
26.5236
27.2495
21.588
51.9165
51.7428
51.2678
51.14
50.1983
49.5132
48.146
47.6812
47.1189
46.6375
46.1928
42.5608
54.3606
22.6886
-8.75866
55.1698
43.7226
52.2576
49.7367
49.81
19.0531
14.1419
17.1662
10.7904
50.0037
49.447
48.5517
47.6885
45.2992
45.3282
40.9492
26.3241
-8.75866
57.7055
44.1789
49.4034
49.8628
45.6818
45.4662
47.1488
8.19491
6.52205
4.59399
0.000462899
46.4055
45.8618
41.9301
42.5076
37.822
14.0488
-8.75866
41.7385
38.4915
-8.75866
45.9923
42.1293
40.2867
40.2029
-0.00853015
0.000552438
42.0459
35.5445
37.7301
34.5545
13.2997
27.0544
-8.75866
40.8015
36.2492
35.2375
33.3541
34.8715
31.8049
34.4494
10.6936
24.2286
-8.75866
34.5051
31.0466
29.0754
27.3406
26.1991
29.6409
30.4917
24.1754
24.4584
15.6178
-8.75866
23.0844
28.3034
18.9764
20.6805
18.1459
15.6014
22.2527
19.3775
-8.75866
-8.75866
11.1409
12.0844
14.0185
14.4973
21.4871
11.0225
7.51821
13.2758
7.70961
-8.75866
1.10804
-5.52776
2.45057
0.963503
4.41004
12.757
-3.42711
-0.790933
-7.28787
-8.75866
-10.0025
-19.0028
-8.75866
-10.8814
-10.658
-8.79334
3.68224
-18.8843
-17.5303
-22.0391
-26.8183
-36.9289
-32.9419
-8.75866
-22.8162
-25.7842
-23.6507
-11.0388
-24.0645
-6.4484
-38.2196
-40.8054
-41.8543
-55.0363
-8.75866
-76.4955
-38.2106
-35.907
-40.2217
-23.2981
-38.863
-18.1319
-60.4464
-67.0107
-48.9186
-57.7414
-8.75866
-96.2081
-54.9733
-56.8832
-36.3986
-51.4038
-30.6683
-69.4219
-86.5238
-90.3348
-8.75866
-120.951
-76.6228
-78.0409
-57.0319
-50.9606
-105.447
-109.462
-160.255
-8.75866
-105.989
-84.6772
-80.2595
-146.566
-230.147
-8.75866
-153.012
-99.2782
-167.119
-350.323
-8.75866
-349.705
-487.226
-8.75866
-8.75866
