26.276
26.276
26.276
33.0538
26.276
34.0485
26.276
32.5711
26.276
26.276
31.3643
31.1259
32.5605
30.7725
26.276
32.131
30.1815
26.276
31.4429
32.3632
26.276
31.2835
31.6468
26.276
26.276
31.0115
31.1397
30.9664
30.5787
31.1733
30.4176
30.2694
30.7959
31.3551
31.0041
30.9998
29.7003
30.1829
30.7214
30.8367
30.7657
30.596
30.6024
30.3519
30.4672
30.5769
30.4962
30.6
30.8383
30.3756
30.2708
30.3035
30.4744
30.3946
30.3394
30.2165
30.3599
30.2629
30.5412
30.2954
30.2849
30.2194
30.0963
29.9545
30.1405
29.9665
29.9534
30.0714
30.1021
29.9317
29.978
30.1836
29.9212
29.9735
29.8866
29.8668
29.7503
29.6689
29.7853
29.638
29.5711
29.7743
29.6352
29.8566
29.6482
29.634
29.6241
29.5288
29.5096
29.4274
29.3529
29.3541
29.4161
29.3067
29.3593
29.1936
29.4098
29.4965
29.3742
29.2665
29.1706
29.1854
29.129
29.1058
29.0692
29.0376
28.9539
29.1149
29.0025
28.816
29.0424
29.1334
28.8953
28.8119
28.8395
28.8704
28.8056
28.7735
28.8888
28.6653
28.6097
28.7589
28.6294
28.4625
28.6736
28.7736
28.5229
28.4544
28.4645
28.5836
28.4984
28.4502
28.5652
28.3304
28.3244
28.2523
28.3721
28.1199
28.3072
28.416
28.1884
28.0979
28.2273
28.1441
28.1357
28.0822
28.0597
27.8877
27.8649
28.0179
27.8858
28.038
27.9758
27.7419
27.8744
27.8388
27.866
27.8058
27.7043
27.5749
27.6522
27.6518
27.5643
27.6288
27.6708
27.4913
27.6449
27.6419
27.3863
27.5516
27.4832
27.3495
27.3424
27.3644
27.3427
27.2348
27.2788
27.4296
27.3315
27.1431
27.2652
27.3355
27.0743
27.0308
27.1917
26.9949
27.0755
27.0671
27.0488
27.0441
26.8603
27.1007
26.9457
26.9744
26.8093
26.899
26.9576
26.7618
26.7845
26.6754
26.6404
26.7781
26.7472
26.593
26.5352
26.7582
26.6394
26.4483
26.7081
26.4381
26.4926
26.5988
26.4431
26.5035
26.32
26.286
26.2496
26.2336
26.4135
26.4966
26.2905
26.181
25.9646
26.3098
26.0383
26.0714
26.323
26.0884
26.2019
25.9315
25.903
25.9657
26.0503
26.1523
25.8346
25.7947
25.6093
26.0364
25.9264
25.6972
25.7475
25.6694
25.8931
25.7475
25.5771
25.6548
25.5136
25.7992
25.5003
25.4785
25.2539
25.3788
25.6775
25.5711
25.4127
25.4759
25.2803
25.5207
25.2227
25.2811
25.1314
25.2378
24.9883
24.8986
25.1134
25.256
25.0341
25.2897
25.2781
25.1041
24.868
24.8683
24.9131
24.764
24.8621
24.9939
24.7647
24.6369
24.5432
24.803
24.6764
25.0489
24.8505
24.9597
24.6859
24.4587
24.5139
24.5474
24.5342
24.4647
24.6111
24.4394
24.2732
24.1879
24.4892
24.2907
24.7119
24.4069
24.2832
24.4237
24.1012
24.1594
24.2144
24.2094
24.203
24.243
24.1174
23.8904
23.8325
23.9719
23.9635
23.9935
24.0757
23.9577
23.805
23.7366
23.9064
23.9197
23.8824
23.5539
23.5868
23.4772
23.6832
23.6723
23.6191
23.6889
23.755
23.6841
23.5818
23.4506
23.4367
23.5748
23.2162
23.2678
23.2996
23.1219
23.4268
23.4024
22.9846
23.3391
23.3706
23.3546
23.1364
23.0961
23.1857
23.1941
22.8662
22.9486
23.0576
22.7665
23.1626
22.6843
22.6179
22.9792
23.0997
23.0547
22.7286
22.9077
22.7417
22.9028
22.8567
22.9122
22.5208
22.7517
22.4112
22.3632
22.4103
22.7614
22.6053
22.6165
22.359
22.3873
22.6244
22.5644
22.6142
22.1902
22.0558
22.0333
22.1261
22.2883
22.0978
22.3836
22.3291
22.0328
22.0714
22.3202
22.3144
22.2721
21.8151
21.7005
21.7748
21.8561
22.0312
21.8007
21.8511
21.5679
22.0073
22.011
21.6784
21.7117
22.0028
21.9986
21.4291
21.3451
21.4207
21.575
21.6699
21.4482
21.539
21.214
21.7104
21.6799
21.324
21.3742
21.3657
21.6792
21.0391
20.9898
21.0985
21.2446
21.426
21.263
21.0722
21.1848
20.8763
21.3558
21.341
20.9695
21.0371
21.0464
20.6581
20.6345
20.873
21.0875
20.9049
20.7321
20.8588
20.6217
20.9723
20.6151
20.7684
20.6529
20.7015
20.2791
20.3473
20.5468
20.7406
20.5548
20.3798
20.3488
-5.35998e-07
-1.09039e-07
20.3667
20.5529
20.2607
20.42
20.3686
19.9238
20.069
20.0677
20.1924
20.3779
20.2068
20.0247
1.13419
0.933916
0.412711
2.83638e-07
20.0498
20.1001
19.8461
20.12
19.9062
20.082
19.5684
19.7125
19.8672
19.725
20.0608
19.8424
19.6909
2.05583
2.7983
0.845404
19.7621
19.8356
19.5287
3.11465e-07
-4.63466e-07
19.5286
19.4256
19.7264
19.7883
19.5518
19.2131
19.3469
19.4765
19.5415
19.3212
3.55578
2.03594
4.50471
19.5546
19.4485
19.1826
0.774951
1.08613
1.49379
19.2143
19.157
19.2859
19.2778
19.4511
19.1974
18.8577
18.9809
19.0973
19.2805
18.9615
3.82725
5.24162
6.21121
19.1149
18.8557
2.33999
2.48998
3.14098
19.0244
18.8468
18.8631
19.0032
18.8752
19.028
18.8429
18.6206
18.5023
18.7101
18.5961
5.6693
6.99371
7.91796
18.7816
18.5521
3.90963
4.21467
4.79153
18.7224
18.5312
18.6818
-26.276
18.513
18.6061
18.4884
18.3
18.2959
18.1468
18.3405
18.2633
7.51093
8.73304
9.62383
18.461
18.2527
5.52416
5.98077
6.44207
18.3237
18.3722
-728.462
-26.276
-412.63
18.1338
18.1889
17.998
18.1917
18.1845
18.0924
17.9753
17.791
17.9978
17.9726
17.9691
9.35497
10.4526
11.3309
7.16728
7.74617
8.09299
18.0148
18.003
-437.013
-224.636
-26.276
-196.271
17.7789
17.8601
17.7382
17.6843
17.7213
17.7598
17.7523
17.8446
17.6681
17.6001
17.4345
17.6271
17.5595
11.1837
12.2195
13.0532
8.82529
9.51556
9.74358
17.6516
-244.064
-313.295
-190.762
-26.276
-127.132
17.4232
17.5233
17.4302
17.3533
17.4119
17.5497
17.0662
17.3666
17.4228
17.2625
17.2428
17.0767
17.2261
17.2495
17.332
13.0885
14.0429
14.6306
10.4993
11.2649
11.3923
17.289
-194.502
-192.978
-234.941
-126.529
-146.444
-26.276
-105.463
17.1046
16.9889
17.0587
16.9069
16.7064
-82.7117
-26.276
16.3423
-26.276
-26.276
17.0793
-119.418
17.0581
17.0782
17.002
16.9715
16.8747
16.7165
16.8341
16.9093
14.9814
15.5816
15.8622
12.2054
13.0969
13.0603
-171.425
-163.538
-194.781
-96.6248
-135.918
16.7703
16.6175
16.7222
16.6805
16.5343
-71.1717
-126.239
-112.571
-26.276
15.9719
16.1855
-157.366
-145.541
16.8216
-111.68
-96.7058
-61.477
15.8414
16.7612
16.6952
16.601
16.4827
16.3513
16.4622
16.623
15.9056
16.3641
16.2886
14.0141
14.9888
14.6411
-141.681
-139.302
-80.0607
-117.556
16.3068
16.4592
16.3583
-93.3209
-113.227
-102.415
-26.276
15.5956
16.0156
16.5216
-97.8133
-83.7845
-66.3878
-53.8684
15.5205
15.6796
-26.276
-26.276
-26.276
16.7281
16.4268
16.3112
16.1924
16.0785
15.9771
16.2047
16.1222
16.2815
16.4814
16.1953
16.832
15.3911
15.4762
15.9258
15.8694
-114.787
-121.576
-70.6225
-102.818
15.9875
-105.298
-83.6452
-84.3616
15.2259
15.8427
16.2508
-82.8709
-89.3852
-74.0339
-59.1541
-47.2661
15.3657
15.5209
-76.6792
-71.2539
-26.276
-71.3872
17.6924
14.8278
14.9007
-54.2894
16.4255
-79.273
16.0138
15.9442
15.7195
15.7104
15.6063
15.9365
15.9166
15.7531
16.0159
18.877
15.3835
15.8161
17.519
16.322
16.3216
16.697
16.3972
16.3552
-103.27
-101.69
-61.0369
-94.5261
-92.2339
-82.6923
-74.2385
15.1598
15.6383
-70.2743
-85.4226
-78.7729
-65.7674
-49.8919
-41.055
15.2998
15.3213
-60.1482
-49.6118
-26.276
-65.2379
18.5605
15.0667
16.3742
-70.8851
15.2321
17.7142
-72.1297
15.765
17.5733
17.7941
15.6993
15.5826
15.3817
15.4571
15.6383
15.532
15.4645
18.5625
15.3066
15.7005
16.5025
16.7085
17.3339
16.2237
17.5333
15.3818
-88.666
-56.5939
-80.3129
-68.5081
-62.9607
15.1132
15.1245
-63.3363
-60.2762
-78.0182
-70.0181
-48.9688
-43.1005
-35.8435
14.9913
15.2088
-55.0086
-26.276
-57.6724
-63.1771
14.9395
16.7477
16.5083
15.4662
18.4329
19.0733
-26.276
14.8172
17.0111
15.2407
15.2254
15.2254
15.2612
15.1894
14.6465
15.1007
15.5298
16.2224
17.3731
15.6532
19.3364
15.2408
-72.5902
-76.8328
-49.4277
-65.9481
-57.7026
-56.6587
14.9077
-54.5675
-68.4835
-62.5389
-40.1096
-31.006
14.7891
14.6381
-52.2387
-40.6253
-51.876
-55.7839
15.125
14.8319
15.2676
18.5113
20.9811
-26.276
16.2761
19.176
18.4403
-49.8655
14.8174
15.0743
14.975
14.9258
14.0222
13.718
14.5402
14.6368
14.4379
15.5233
17.2966
16.5157
21.7029
15.1592
-59.7107
-62.3586
-44.6392
-51.4184
-55.6617
-49.9548
-48.8271
-30.6646
-36.3298
-26.2055
14.1755
14.3448
-37.1855
-48.0477
-50.526
13.8862
-26.276
15.7963
17.5042
17.3156
-42.2547
-26.276
-26.276
-26.276
-26.276
-26.276
-26.276
-26.276
-26.276
15.6936
-44.758
14.5179
14.8764
14.7236
12.919
12.297
13.8377
13.4642
12.9591
15.2331
16.0789
15.6437
-50.1866
-35.065
-42.6791
-44.4061
-41.9266
-41.6714
-21.942
-27.4396
13.3581
13.6864
13.9965
-38.1694
-44.87
-26.276
15.3103
-36.9498
-34.0331
-11.3551
-26.276
-13.8964
-9.75557
-26.276
-26.276
-13.6672
-26.276
-16.6229
-18.6642
-15.6077
-26.276
2.33029
-26.276
15.1096
-39.0185
-26.276
-26.276
-26.276
-26.276
-26.276
-26.276
-26.276
-26.276
-26.276
-26.276
-26.276
-26.276
-26.276
-26.276
-26.276
-26.276
-26.276
-26.276
-26.276
-29.984
-14.1701
-26.276
14.1741
14.4688
11.7824
10.972
12.6744
11.771
14.8347
14.0631
-39.3036
-29.2346
-34.6077
-36.0739
-35.7633
-33.6308
-17.7795
-21.7742
12.3691
12.8658
13.3563
-26.276
14.224
-30.6588
0.559964
-0.0543119
-14.0556
-0.987661
-11.8174
-11.6796
5.12976
-0.483296
-5.70535
-11.9458
-16.1171
-6.49699
4.44461
14.0698
-0.544738
-4.50554
-26.276
4.01562
-26.276
-13.1914
4.00277
5.84547
-26.276
4.91535
3.83189
-19.3023
-26.276
5.03935
5.1458
-29.219
1.22575
2.11032
-26.276
-26.276
-26.276
-26.276
-26.276
-26.276
-26.276
-26.276
-26.276
13.3088
10.3631
8.73266
11.2659
10.3509
13.4189
13.5399
-31.3314
-23.1929
-26.3327
-27.5675
-28.3292
-13.8213
-16.4066
11.7669
12.268
-24.021
-23.6239
-27.6101
-0.660052
-4.08837
0.423631
-3.31316
-8.18363
-6.10722
-2.50014
-5.43896
-1.5671
-8.27336
-8.1608
12.7739
-3.30607
-0.235179
5.27073
-3.53898
-2.91877
-3.21957
-2.99072
3.37293
-3.34679
-12.7093
-21.5154
-26.276
1.69234
5.82923
-26.276
-26.276
9.38089
6.08675
1.13095
-26.276
-26.276
-26.276
-26.276
-26.276
-26.276
-26.276
-26.276
-26.276
-26.276
-26.276
-26.276
-26.276
-26.276
-26.276
-26.276
-26.276
-26.276
-4.72188
-10.7781
-12.9654
11.678
9.05781
6.76846
7.68671
10.8491
10.0382
8.99651
12.3822
11.9742
-23.1993
-17.2765
-20.8607
-18.8862
-17.9892
-22.1282
-10.6644
-18.3231
-1.97579
-6.46526
-2.04029
-6.65501
-7.96226
-3.31011
-12.0474
-1.42849
-1.67371
-0.754475
-2.42522
-1.13582
0.998111
-1.43026
-1.30265
-13.3331
4.07213
-1.29686
-2.17801
-2.12081
4.9539
-2.42972
-26.276
2.81133
5.66093
-26.276
2.0683
-4.90695
-26.276
-2.13768
4.96187
2.35725
5.58053
7.58676
-2.17954
-11.2107
-11.3643
-26.276
-5.66367
3.64741
4.83043
-26.276
-26.276
-26.276
-7.78889
-26.276
-26.276
-26.276
-15.1007
-4.08063
-1.37211
-2.42318
10.1845
10.7126
7.56058
6.26607
5.24965
9.39474
8.6224
7.63683
10.9837
-16.6449
-10.4589
-14.5292
-16.3797
-13.2938
-12.3397
-3.85827
-2.23107
-2.01681
-6.05068
-8.67832
-1.48679
-1.19408
-0.659645
-2.40188
-1.546
-0.500434
-0.373406
-0.505044
1.26335
2.87117
-2.45811
-4.61101
2.30248
-2.89191
-1.7519
2.37703
-0.352936
-2.37585
-0.466528
-11.4365
1.63386
-26.276
0.490998
0.772453
-0.295403
3.5546
-4.99247
2.13175
-4.37981
-1.56657
-1.53162
-26.276
-26.276
-12.5279
-26.276
-26.276
-26.276
-26.276
-26.276
-26.276
-26.276
-0.357062
3.62754
-14.2453
8.72209
9.39832
6.21047
5.23819
4.81702
7.83064
6.94204
8.69478
-10.8409
-7.08568
-9.33863
-9.81786
-12.0366
-8.05822
-2.83328
-1.91779
-6.39663
-1.26904
-1.0383
-1.28581
-1.06158
-0.476966
-1.07356
-2.27037
-2.78228
-0.447232
-2.13552
-2.01923
-0.285435
-1.935
-1.61194
-0.955018
-0.844407
-0.361682
11.491
-4.2403
-3.36567
-3.72532
-2.80402
1.336
-3.9519
-1.61868
-13.4961
-12.4013
-3.57113
-13.6062
-9.23536
-26.276
-12.4483
-1.95096
3.62503
2.50127
2.05063
-2.04807
-1.86494
-26.276
-26.276
-1.10766
-26.276
0.457728
7.31586
7.49281
5.37669
4.46911
3.77324
6.05547
6.79478
-7.77654
-6.53551
-3.80431
-5.73554
-6.33308
-2.02245
-1.1616
-1.39692
-1.02833
-0.937399
-0.896444
-1.56958
-1.27557
-1.29669
-1.45834
-1.80874
-1.06092
-1.58667
-3.24266
-0.250527
-2.5467
-1.46529
-2.991
1.56704
2.90379
0.794794
1.01258
2.23368
1.01071
-1.07939
-26.276
-18.0872
-26.276
-14.9544
-12.242
-26.276
-0.881231
6.1562
-26.276
5.63833
3.59578
4.3404
2.58359
4.74961
5.28334
-4.30281
-3.60683
-1.3728
-3.86049
-1.63465
-0.908529
-1.26253
-0.774644
-1.03408
-1.48527
-1.35918
-1.4265
-1.02311
-1.50957
-1.52416
-2.29169
-3.05403
-1.29006
-2.05122
-5.04533
-0.364338
-1.1961
-2.64056
0.685285
-10.7107
-17.547
-10.349
-26.276
1.97929
-13.5958
-14.8643
-26.276
-2.51105
3.74891
2.69264
3.1774
1.33469
3.66754
-1.91016
-2.52095
-0.188226
-1.15738
-0.934652
-0.957977
-1.54009
-1.4153
-1.63644
-2.07264
-1.96136
-3.98264
-2.24454
-1.32753
-3.95443
-4.30499
-6.88332
-1.88111
-9.59066
-11.4979
-3.42314
-2.15378
-1.33833
-12.3608
-26.276
-5.50215
2.11041
1.8844
1.60234
0.330902
-1.36299
-1.00052
-0.730566
-1.07157
-1.18
-1.43127
-1.69047
-2.57225
-2.25665
-3.23756
-1.22685
-3.88098
-3.59287
-5.28064
-6.52219
-2.88601
-5.31189
-2.88852
0.0308361
-4.48399
-15.5172
-26.276
-5.22512
-26.276
0.543243
0.243535
-1.19952
-1.36692
-2.21917
-1.83062
-1.89928
-3.46609
-3.05063
-4.39451
-6.06661
-5.60163
-8.49454
-3.59573
-11.75
-12.4782
-5.5826
-13.5237
-26.276
-1.59507
-0.769707
-3.64015
-2.95276
-4.50899
-3.47501
-4.26754
-5.67545
-6.61844
-6.613
-8.49723
-6.62995
-8.32846
-1.52889
-4.02922
-17.1377
-26.276
-6.7779
-4.3558
-2.48651
-7.10349
-6.3046
-5.79497
-5.65081
-7.29405
-7.55812
-8.00669
-8.29764
-10.6265
-17.746
-26.276
-8.73123
-8.99479
-26.276
-8.18482
-4.54853
-9.15141
-10.5843
-9.08963
-8.92738
-9.60918
-11.4
-17.6026
-11.6835
-11.9932
-26.276
-14.1225
-12.5139
-12.1616
-12.5586
-6.76468
-14.1453
-16.2709
-12.0187
-14.6101
-21.6727
-26.276
-19.2564
-17.536
-9.17118
-17.7841
-14.1773
-17.9076
-21.2202
-20.9258
-18.692
-21.5911
-21.5564
-26.276
-23.4271
-12.2364
-17.4999
-21.7065
-23.1794
-25.6293
-26.9323
-27.4121
-26.7307
-30.1892
-26.276
-26.276
-15.3758
-22.5778
-27.6486
-29.3654
-30.4665
-33.0616
-33.3118
-33.596
-34.7962
-32.2069
-35.1378
-26.276
-18.5993
-24.8016
-30.5194
-33.8935
-36.0751
-36.7538
-39.3791
-39.7086
-39.7419
-40.3743
-43.9153
-39.9272
-26.276
-26.276
-48.198
-37.8041
-22.6148
-29.7389
-35.6345
-41.2003
-45.0372
-45.8741
-44.9502
-45.7513
-54.1644
-53.467
-45.8185
-26.276
-47.3708
-54.4998
-42.3615
-27.5146
-35.2091
-42.0124
-51.4463
-50.2197
-54.412
-51.8743
-52.923
-62.3739
-68.0391
-26.276
-70.7912
-71.1092
-57.5283
-59.3906
-65.2575
-32.5589
-38.5237
-42.7878
-48.9742
-62.02
-60.7229
-53.7489
-58.0326
-62.8156
-74.097
-68.2334
-26.276
-92.9786
-78.9904
-75.187
-71.5575
-36.9411
-44.7913
-51.8188
-58.3379
-71.9135
-70.9175
-62.1714
-69.0589
-70.4107
-81.7693
-78.7643
-26.276
-90.5835
-90.029
-82.4927
-86.4347
-42.1309
-50.7449
-56.1537
-64.5708
-68.8889
-82.0458
-81.1146
-78.5585
-88.4935
-90.7039
-26.276
-132.642
-96.7427
-94.4406
-47.8274
-56.7225
-64.6487
-73.2578
-77.8324
-98.2403
-90.5265
-86.4933
-109.466
-121.808
-26.276
-108.54
-54.6912
-67.3303
-84.3701
-83.0456
-91.2037
-116.243
-103.706
-101.463
-124.847
-120.463
-158.038
-26.276
-61.4108
-77.7482
-98.4864
-94.6182
-119.388
-138.482
-119.143
-141.738
-179.021
-26.276
-70.5975
-85.3706
-110.856
-110.896
-137.307
-157.743
-167.003
-132.37
-145.969
-233.758
-26.276
-98.0812
-138.163
-185.2
-197.915
-182.145
-304.762
-26.276
-154.055
-176.727
-191.117
-375.713
-26.276
-128.394
-488.537
-26.276
-401.258
-26.276
