17.5173
17.5173
42.8316
17.5173
17.5173
17.5173
17.5173
17.5173
17.5173
17.5173
17.5173
17.5173
17.5173
17.5173
17.5173
17.5173
17.5173
17.5173
17.5173
43.9078
17.5173
51.8251
45.628
67.9306
69.4028
46.0118
44.7865
44.9377
43.8501
57.896
51.0095
48.5258
49.6469
41.4134
44.7493
42.2794
53.0261
17.5173
66.9446
65.922
17.5173
17.5173
66.394
46.1862
17.5173
72.3052
68.3168
59.3996
57.0853
70.5398
65.8749
69.2042
64.7942
72.4376
67.5453
41.5603
69.9078
63.6025
62.6828
64.1653
39.6658
17.5173
61.5447
43.6482
64.4164
17.5173
63.8388
56.9991
59.9322
57.6356
60.4151
56.6774
62.7404
58.6436
55.4809
56.8935
58.0007
62.0613
62.032
51.4681
54.7864
56.4208
54.9302
39.9873
69.9239
17.5173
43.6761
57.6997
59.926
59.079
57.961
59.6167
58.7826
58.9109
58.3924
58.8194
60.436
52.5836
56.6178
51.7021
52.1905
57.3573
70.5989
17.5173
44.3468
60.2669
57.3928
64.5024
58.9159
59.4149
59.3607
59.0903
59.6293
59.4824
59.1722
58.5324
55.3255
55.6125
56.6605
58.1553
59.0714
67.3854
17.5173
41.0276
59.1874
57.1274
59.4535
58.9676
59.2124
59.3376
59.3177
59.1059
59.3623
58.9464
56.2776
57.0635
57.4852
58.9783
58.4242
59.0335
57.3621
17.5173
51.9684
17.5173
58.7536
56.3632
58.8082
58.9153
59.2613
59.09
58.983
59.0026
59.1991
58.6649
59.0938
58.3286
57.9584
58.7588
58.4046
76.5017
17.5173
58.3039
61.9898
57.9841
58.1307
58.7832
58.8553
58.7482
58.6887
58.8972
58.8611
58.1682
57.9021
58.4443
58.2393
58.5321
58.2589
41.0945
17.5173
57.9889
65.1537
59.322
56.8707
58.5347
58.3418
58.4095
58.2279
58.5061
58.6016
57.6829
57.5118
57.009
56.816
58.2806
58.1062
58.2339
57.9909
17.5173
43.2971
57.4075
67.7261
55.6512
68.7978
58.1151
58.073
57.9109
58.2591
58.0322
58.0094
58.1426
57.9797
56.7288
58.0285
56.6667
55.9686
55.616
57.9362
57.8412
57.8936
57.6428
17.5173
47.9903
62.1494
67.222
44.1207
57.6809
57.736
57.7461
57.5319
57.9435
57.7058
57.8957
57.8925
58.1713
57.0935
56.0946
56.2632
54.1523
50.7585
57.4365
52.9275
57.5613
57.5921
57.2643
57.4229
57.3681
17.5173
67.6398
64.2059
39.2007
17.5173
57.2853
57.3943
57.4477
57.1903
57.6816
57.4357
57.7025
57.6111
57.919
53.8886
61.6656
66.4521
69.6988
69.4046
60.1586
55.38
57.1816
57.2433
56.9515
57.0619
57.0094
45.8623
17.5173
56.8802
57.1267
57.0014
57.2087
56.8821
57.426
57.1258
57.2348
57.5625
41.2862
40.7192
44.4056
42.7559
47.963
36.6389
56.8694
56.8054
56.6806
56.7045
56.6631
56.4327
17.5173
56.4203
56.5947
56.9184
56.7636
56.6091
56.767
56.9106
57.1894
17.5173
17.5173
17.5173
17.5173
17.5173
17.5173
17.5173
56.4084
56.3831
56.3862
56.0626
56.1359
56.0503
56.0706
56.2765
56.5787
56.467
56.4049
56.1986
56.446
56.5343
56.8113
55.9377
56.0589
55.6937
55.8046
55.7424
55.7307
55.8792
55.7112
56.1369
56.1449
55.8545
56.2061
56.4342
56.1228
55.5083
55.3254
55.5242
55.4032
55.4271
55.4743
55.5342
55.2774
55.7008
55.8807
55.8794
55.5583
56.0591
55.6852
55.2229
55.0661
54.9571
54.9883
55.1379
55.1146
55.1592
55.2328
54.8963
55.4253
55.5116
55.2622
55.6859
55.2111
55.3139
54.6994
54.5888
54.8328
54.6053
54.7833
54.8545
54.9754
54.5553
55.1417
54.8518
54.8303
54.8352
54.9428
54.2987
54.2202
53.9138
54.5626
54.2561
54.2049
54.3407
54.4538
54.4479
54.6612
54.484
54.515
54.4932
54.5724
53.96
53.8514
53.6493
54.1938
53.8622
53.9814
54.0254
54.3162
54.1102
54.17
54.1225
54.1808
54.2024
53.597
53.4824
53.3429
53.1134
53.8498
53.6429
53.452
53.8175
53.7551
53.6223
53.917
53.8069
53.6859
53.8326
53.2231
53.0712
52.9708
52.7443
53.5034
53.2597
53.0661
53.4371
53.5976
53.3982
53.264
53.4008
53.463
53.2957
52.8637
52.6327
52.6463
52.3751
3.54851e-05
53.1492
52.8387
52.6975
53.1088
53.0649
52.9204
53.0432
53.0935
52.9377
52.4876
52.3299
52.2115
52.0059
3.8728
2.79292
0.000129401
8.14952e-05
52.8494
52.3658
52.5659
52.7624
52.718
52.5741
52.7241
52.7323
52.5874
52.1596
51.9695
51.822
51.6365
7.98703
6.87878
4.82183
51.2668
51.9214
52.0117
52.28
52.4151
52.4146
52.2445
52.3547
52.4267
52.255
51.7901
51.5619
51.4713
13.3687
11.8365
13.7596
51.1452
50.8964
18.6985
51.6219
51.4887
51.7231
51.9996
52.1138
52.0792
51.908
52.0812
51.9852
51.9168
51.1456
51.2723
19.3674
20.641
50.807
50.5247
24.4779
-17.5173
-370.677
51.3832
51.2264
51.0605
51.7891
51.5259
51.7337
51.5575
51.7954
51.6824
51.6157
51.5538
50.7392
50.9256
26.8332
27.5103
50.43
50.1506
31.1569
-514.873
-17.5173
-155.712
-178.889
51.1987
50.9896
50.8351
50.6528
51.3122
51.3871
51.175
51.431
51.2874
51.2458
51.2069
50.4662
34.6147
34.4551
50.196
50.0426
49.7726
37.8036
-322.545
-168.832
-17.5173
-91.1432
-153.818
-17.5173
-102.769
50.9884
50.6956
50.6985
50.4561
50.2834
51.0078
50.8408
51.0615
50.8912
50.8752
42.0887
40.7153
49.8424
49.9947
49.6622
49.3893
42.5216
-242.071
-176.242
-158.298
-68.7625
-109.929
-17.5173
-87.0616
-47.1495
-17.5173
-17.5173
50.1563
50.4381
50.5245
50.3282
50.1377
49.9191
50.6972
50.7344
50.5318
50.5609
50.5034
45.6648
45.8929
45.4976
49.5045
49.6615
49.3189
49.0049
-134.577
-149.852
-119.286
-61.0703
-93.8463
-79.972
-103.94
-34.6167
-102.213
-17.5173
49.842
-103.27
-89.5677
50.3362
50.182
49.9787
49.7864
49.579
50.3729
50.2332
50.2006
50.1293
47.925
47.8352
47.771
48.3857
49.3137
49.1826
48.995
48.6276
-109.3
-43.595
-60.128
-70.2304
-86.1145
-23.026
-77.7028
-17.5173
49.5057
-84.8287
-83.0398
-66.8678
48.3155
49.3037
52.944
49.9689
49.8891
49.6583
49.6205
49.399
49.2607
49.9429
49.9358
49.751
48.7742
49.3637
49.6532
48.511
48.9058
49.0674
48.8943
48.71
48.4706
-73.6477
-44.3044
-29.6801
-51.157
-66.2965
-12.7762
-59.613
-17.5173
49.127
-62.4043
-61.2813
-49.2268
48.2421
51.5505
51.6372
55.3961
50.696
51.1528
52.2139
-50.8805
-38.2383
49.6383
49.6131
49.3203
49.305
49.0426
48.8569
49.5103
49.6777
49.3673
49.2294
48.7384
48.4687
50.0526
48.6018
48.6325
48.4473
-48.1727
-29.6985
-16.9712
-52.4242
-3.25826
-41.7725
-17.5173
48.7681
-43.1556
-36.9464
57.0024
50.4962
49.7818
51.0546
-38.3788
-25.6023
-17.5173
-17.5173
-17.5173
-17.5173
-17.5173
-17.5173
-17.5173
-17.5173
-25.7946
49.3012
49.3432
48.9973
49.0093
48.6869
48.4675
49.1371
48.9805
49.0704
48.4974
48.2004
48.4039
48.3394
-28.7364
-12.2971
-35.8926
4.436
-27.2528
-17.5173
48.392
-29.039
47.6698
49.347
49.3155
49.0254
-28.6376
-13.4155
5.53082
17.9695
10.9015
9.73408
-17.5173
14.0343
14.0593
10.3525
2.19884
-17.5173
-17.2155
-17.5173
-17.5173
-17.5173
-17.5173
-17.5173
41.4446
35.1376
49.0018
48.6841
48.7536
48.2661
47.9736
48.8058
48.6066
48.6436
48.1677
47.9858
47.7441
-20.5933
-2.79471
-20.8732
11.3628
-12.7341
48.1477
48.015
48.6419
47.8502
-5.36338
34.5319
38.0972
35.3467
38.0768
15.5754
39.4896
40.3314
11.0166
40.4744
6.72199
-17.5173
-13.3321
14.0656
-1.34888
-17.5173
14.1304
21.955
-17.5173
27.6268
31.2969
-17.5173
-17.5173
-17.5173
-17.5173
-17.5173
-17.5173
-17.5173
-17.5173
48.6743
48.4061
48.5179
47.7516
47.9675
47.1523
48.5177
48.2962
47.9178
47.5007
47.3206
-10.4907
5.94777
-8.6128
17.3428
47.1067
47.4109
46.8348
4.89825
-1.85679
27.6457
22.2862
24.1689
26.0794
37.8067
26.1837
27.831
40.1019
2.90391
-3.74396
45.0657
4.29166
39.4299
40.2582
28.915
48.6856
47.4622
39.5532
47.97
-17.5173
46.4966
44.3138
-17.5173
-17.5173
-17.5173
-17.5173
-17.5173
48.4504
48.2541
47.2936
47.7158
45.9065
46.5766
46.5502
48.4083
48.2351
46.7698
2.03819
14.1987
6.06157
22.6044
45.8566
46.248
45.6263
6.67631
13.4316
6.49822
25.0938
17.2594
27.0609
27.2651
27.725
28.2704
28.1429
27.65
26.4985
28.8987
29.7745
29.8311
30.7535
32.9635
32.6955
47.0179
35.1097
18.1774
-17.5173
63.7148
32.9227
43.3616
-17.5173
57.7467
-17.5173
-17.5173
-17.5173
-17.5173
-17.5173
-17.5173
-17.5173
37.9796
48.4994
48.2935
46.6633
47.3324
48.146
44.8965
45.7968
45.5181
44.6161
48.5522
48.6493
13.2076
21.5067
14.8983
28.5428
44.346
44.892
13.1513
19.3487
14.2524
21.5965
26.0784
27.1819
28.2525
31.4888
29.9478
28.7205
31.7437
33.8393
34.9136
36.2955
31.9179
37.0995
52.9846
39.7408
33.4549
32.349
33.0774
45.8074
-17.5173
-17.5173
47.1091
40.8042
-17.5173
53.5365
48.4072
38.5854
-17.5173
-17.5173
-17.5173
-17.5173
43.4154
48.9433
48.6591
45.9445
45.1132
48.162
47.1823
48.8558
43.7907
43.8139
43.3796
48.9275
48.6502
48.2297
20.8163
19.9953
25.9054
31.8834
42.0631
20.4056
25.4616
28.036
31.3018
29.7325
33.6323
33.3286
34.9819
35.3407
36.0571
35.8005
32.9196
33.7218
39.1972
35.1381
36.9168
53.3325
49.8488
32.3014
32.7163
50.0845
34.0554
34.2475
36.7647
47.9603
-17.5173
42.0983
40.0742
-17.5173
-17.5173
-17.5173
-17.5173
25.8903
27.6904
49.3479
49.5652
45.0703
46.6058
43.9866
49.193
48.1209
49.8839
42.3121
42.6474
42.2155
49.3043
48.1847
45.4935
46.6008
25.9826
25.7342
30.4327
35.2185
40.2633
29.9594
31.3561
33.105
35.0377
35.3657
37.5117
35.9271
34.5789
38.558
35.2395
33.8727
33.9025
38.3852
37.2385
33.9702
50.9682
40.679
38.606
41.8064
-17.5173
50.8482
58.1949
45.1655
30.316
29.75
37.0859
-17.5173
-17.5173
33.1676
42.1834
50.2598
50.3094
44.3694
45.8614
43.3101
47.9301
47.0066
42.0648
49.1984
50.4819
50.9728
41.0499
40.965
49.2683
47.69
40.7028
43.4906
45.9754
29.8686
34.4341
38.7278
32.3412
35.0243
36.2221
35.9319
37.1808
35.9446
36.5187
36.7779
36.4232
33.1031
39.4883
37.1507
35.0246
33.8061
44.9036
30.9065
32.5454
32.0092
-17.5173
47.7082
34.6685
34.8917
-17.5173
-17.5173
-17.5173
-17.5173
-17.5173
51.1987
50.2597
51.2279
42.0481
48.1939
40.9245
40.288
48.0489
51.7227
52.9054
39.532
39.2911
48.7418
47.7521
38.2726
34.4572
42.0999
33.818
34.941
36.6781
38.0654
34.47
35.8695
36.0575
36.168
36.5878
36.3176
36.669
35.9603
36.425
36.117
36.4614
34.5543
47.6111
30.7817
35.0816
-17.5173
10.659
-17.5173
8.8808
46.5427
51.2033
35.4131
52.6462
49.2589
51.1955
40.1093
39.3198
38.4615
58.4582
54.2573
37.7558
34.6172
32.0961
27.514
35.7948
36.5597
36.1161
36.3002
36.5289
36.3037
36.3948
36.1637
36.6348
35.1555
34.9425
30.0373
32.7639
33.7536
41.0921
42.3694
11.8175
-17.5173
39.1799
31.6508
36.1242
39.0341
51.8723
38.6266
37.533
36.8007
36.3319
36.7429
27.8401
26.5058
20.6409
21.7426
36.0145
36.1629
36.0016
36.1283
35.8212
34.9546
32.0348
33.4064
28.7789
29.1356
13.3577
-17.5173
27.0948
37.6927
-17.5173
36.9046
35.2919
34.999
35.6271
21.4149
13.7584
16.3468
34.6837
34.6373
34.94
34.6775
35.0513
33.6566
31.6531
31.4376
28.9398
19.9703
39.0441
24.2701
-17.5173
34.9555
32.5442
33.3265
14.9031
10.681
6.87839
32.0589
32.0144
32.0565
32.4783
28.8882
26.676
9.63384
30.4777
-17.5173
28.4516
32.0099
29.7048
29.6043
8.59288
5.04085
-3.2564e-05
28.4862
27.5243
24.8102
17.6483
10.05
23.7833
-17.5173
24.7688
25.9069
25.9155
28.1274
24.7029
3.70667
-4.11428e-06
2.23065
22.1597
19.9063
18.4839
13.9992
14.8576
-0.0167914
-17.5173
19.4907
20.3873
22.6024
18.6437
16.5536
7.96758e-05
12.5113
11.2818
2.61671
2.61502
-17.5173
10.4667
11.9645
17.0956
12.1956
5.72183
1.60011
2.15989
-5.76176
-11.4742
-12.2947
-17.5173
-25.5614
4.13528
4.65998
11.0173
-4.35606
-5.07044
-11.4634
-8.43521
-15.7294
-22.7779
-22.1201
-17.5173
-35.3965
-17.5173
-4.47561
-2.48243
4.05925
-19.3168
-16.2088
-23.3771
-29.9887
-32.0456
-44.1013
-42.4353
-57.2017
-17.5173
-13.9157
-11.4037
-4.60771
-31.7358
-38.0871
-25.248
-45.459
-56.3111
-56.4642
-71.4565
-17.5173
-71.5269
-24.4672
-20.3579
-13.437
-48.692
-38.7589
-61.9211
-77.196
-91.9385
-17.5173
-88.135
-54.4128
-34.7157
-28.9116
-30.0386
-23.7336
-69.4602
-49.0987
-90.1689
-119.708
-17.5173
-105.266
-67.8511
-42.8701
-44.4411
-34.7565
-87.1344
-68.9273
-59.0792
-106.402
-151.97
-17.5173
-132.159
-61.899
-45.7291
-120.098
-91.466
-76.2712
-195.34
-17.5173
-151.866
-90.4693
-69.8302
-140.994
-265.73
-17.5173
-179.493
-124.922
-77.3267
-159.487
-357.925
-17.5173
-165.659
-500.559
-17.5173
-355.221
