13.138
13.138
38.1695
13.138
13.138
13.138
13.138
13.138
45.2255
13.138
13.138
13.138
13.138
13.138
51.8265
55.0985
60.7517
49.6744
47.0401
46.6375
55.6873
52.0874
76.1449
50.2658
47.282
43.8022
30.2752
51.3045
13.138
87.9245
88.1439
69.7017
78.4327
74.1573
80.0792
84.2609
68.2436
84.0857
88.4776
78.057
74.0329
74.8422
49.1982
46.7482
13.138
76.8782
78.4907
78.4834
68.7129
76.0382
75.4005
76.5477
66.1001
66.7825
65.1463
66.9255
63.8412
57.6689
63.3281
64.5963
49.9521
13.138
80.2793
76.8726
67.8249
64.0572
66.1383
67.339
71.5919
67.8402
66.0081
62.8167
70.8615
66.1959
49.6341
13.138
76.9799
80.5343
66.0813
69.5578
68.5602
68.6507
68.0481
68.3993
68.2146
66.5757
64.1804
69.6248
69.0727
66.0601
42.4243
13.138
74.8299
82.2172
66.4657
69.5799
69.6823
68.8533
69.209
68.1646
69.1323
68.271
67.9283
66.8298
68.9749
48.4409
13.138
66.0467
76.5701
77.1925
69.5474
68.9093
68.8678
68.9562
69.0409
69.2109
68.1506
68.8787
68.5114
67.7909
67.5362
45.5546
13.138
66.2566
76.0888
79.9534
45.9624
69.1479
68.8503
68.8386
68.8926
68.8433
69.0292
68.6885
68.4906
68.4657
67.9336
68.0807
65.4484
13.138
69.5112
73.4921
81.5436
13.138
47.4803
68.8212
68.7053
68.7579
68.7562
68.7397
68.7744
68.7861
68.5224
68.3143
68.0114
68.2606
67.9635
68.1652
66.5034
68.6321
68.5649
70.1588
92.9263
56.4965
13.138
68.6414
68.6605
68.603
68.5213
68.5713
68.6002
68.4275
68.196
68.0143
67.9939
67.7863
67.7966
66.7781
68.4586
68.3906
69.1059
70.1208
64.8186
13.138
70.4954
59.1443
68.4616
68.0467
68.2311
68.1889
68.2768
67.4209
68.2466
68.0335
67.7125
67.8518
67.6724
67.5188
67.4337
68.1176
68.0881
68.405
66.6001
13.138
75.1272
76.221
48.968
67.9727
67.9045
67.5003
67.3259
67.941
67.8459
67.8799
67.2064
67.0285
67.724
67.6447
67.4514
67.246
67.1375
67.8689
67.8323
68.6764
65.2787
75.0894
13.138
50.0024
85.6408
67.5604
68.4413
67.2066
67.2004
66.1628
66.6383
67.5801
67.5736
67.5246
66.6369
66.6164
66.8913
67.3434
67.1415
67.3107
66.8351
66.8309
67.3169
65.0092
81.3423
68.0323
67.8402
67.6779
65.928
76.8848
13.138
44.9377
64.3999
64.9142
67.574
69.2618
66.547
64.8773
64.9749
65.6819
67.3788
67.2354
67.1721
66.2461
66.2492
66.464
66.9877
66.9168
66.4883
66.5648
76.396
73.1792
67.963
67.6624
67.4186
67.1199
81.8977
13.138
48.0166
82.9715
62.5752
75.2642
66.2774
64.3172
64.5226
65.3972
64.3963
64.4965
63.6734
66.9104
67.066
66.8542
66.7647
65.8572
66.0336
66.1149
66.617
66.6174
66.1816
66.3031
65.709
67.295
77.6081
66.7915
50.2412
13.138
44.9338
73.4361
81.5175
65.0197
60.8551
74.3307
58.1209
68.3836
62.9269
62.0134
66.9015
66.5807
66.6279
66.4344
66.3692
65.4696
65.7322
65.7936
66.216
65.9754
65.3668
85.7882
66.4455
13.138
13.138
13.138
48.356
41.1519
51.9685
57.4657
62.2966
62.262
58.0777
48.3769
79.9697
64.2477
60.3394
66.5099
66.2244
66.1966
66.102
66.0284
65.9733
65.0827
-0.000473985
65.4174
65.6768
65.4157
65.7634
64.9967
65.0567
13.138
13.138
13.138
13.138
59.8161
72.1754
67.5453
62.1188
47.4915
62.8731
13.138
38.0064
57.5975
71.249
66.1197
65.8372
65.8767
65.7047
65.7092
65.6096
64.6959
0.000604352
3.98802
-0.00065454
6.06423
65.0733
65.4092
65.1132
65.356
64.6901
64.7206
-13.138
-13.138
-80.5341
68.1235
84.6939
65.4249
75.5655
37.1691
13.138
36.4295
13.138
50.991
46.6767
65.7308
65.5731
65.4473
65.4547
65.3655
65.2664
64.3225
64.3089
6.91768
11.9459
9.74411
15.4768
64.7459
65.0752
64.8262
64.9806
64.4073
64.3831
-169.186
-388.766
-169.208
-632.226
-13.138
-99.4516
-58.3035
51.2515
46.5445
13.138
13.138
13.138
13.138
13.138
13.138
65.3432
65.063
65.2159
65.083
65.0009
64.8386
64.1084
63.8889
63.9215
16.1766
23.4417
19.4815
64.497
64.5748
64.6852
64.0765
64.195
63.9976
-206.211
-159.758
-13.138
-277.313
-102.53
-66.7723
-36.3223
64.9562
64.6843
64.8322
64.686
64.6372
64.4318
63.7717
63.572
63.5331
27.4935
31.8676
32.8181
29.2246
64.2268
64.2641
63.7147
63.9048
63.6874
-183.672
-126.891
-13.138
-194.114
-45.2329
-90.148
-68.6923
-22.13
64.5698
64.3463
64.3948
64.2786
64.0615
63.3887
63.2733
63.1433
39.5447
39.2588
39.0319
63.9027
63.6739
63.3937
63.5245
63.3646
63.0752
-72.3466
-89.7376
-108.354
-130.615
-13.138
-13.138
-138.937
-13.138
-29.0895
-47.1833
-60.9722
-12.0353
64.1834
64.0153
63.994
63.836
63.6812
62.9968
62.7501
46.385
50.6512
48.645
63.3197
63.4816
63.03
63.0756
63.1296
62.7444
62.7711
-64.1571
-81.8465
-95.5719
-99.9318
-42.7716
-99.2839
-13.138
-31.7411
-15.7378
-42.4868
-1.49306
63.7042
63.7967
63.5987
63.5558
63.3869
63.2895
62.6348
62.3527
62.4375
55.1881
55.3088
53.5044
63.0578
62.7725
62.7544
62.7963
62.5119
62.417
-13.138
-25.4804
-45.6701
-61.2224
-67.9364
-75.2029
-39.5874
-58.1919
-22.0219
-8.6083
-26.3837
7.83421
-0.172753
63.3336
63.4092
63.2353
63.1025
62.9506
62.2131
61.951
62.1168
59.1888
59.5644
57.6611
57.3842
62.6312
62.4819
62.4146
62.1035
62.2026
-13.138
-18.2264
-29.1131
-13.138
-43.0078
-28.2256
-48.7418
-44.9114
-10.0759
3.73166
-13.6491
15.7327
62.9987
63.0195
62.7348
62.7486
62.5338
62.2886
61.5521
61.7891
61.8433
61.1893
60.949
60.8514
60.8185
59.9062
59.0383
62.2316
62.1439
62.0258
61.8541
-13.138
-13.138
-13.138
-13.138
-13.138
-13.138
-13.138
-13.138
-9.00748
-17.7529
-26.75
-13.138
-1.99619
-27.8291
-15.5709
-27.1461
13.2802
0.510956
-4.73186
23.9668
62.7164
62.471
62.627
62.3568
62.1495
61.928
61.4289
61.555
61.6051
61.0152
61.1906
61.1175
61.1404
62.2428
61.2021
61.8683
61.7623
61.6814
-13.138
-13.138
20.6583
-13.138
-13.138
19.0668
29.1313
-13.138
-13.138
27.4807
26.9093
29.8657
-13.138
-13.138
17.7642
15.4888
15.7862
-13.138
-13.138
17.5295
-13.138
-13.138
-13.138
-13.138
-13.138
-13.138
-13.138
-13.138
-13.138
-9.34727
6.51892
-7.90881
12.6368
21.7758
7.52725
3.5048
31.1414
61.8333
62.3333
62.1505
62.2281
61.9338
61.6013
61.5327
-13.138
80.85
-13.138
-13.138
-13.138
-13.138
-13.138
61.3591
61.3337
61.1044
61.3069
61.1384
61.9849
62.9521
64.551
69.0305
61.4399
61.3906
48.0236
60.1584
50.6336
21.8478
23.6093
64.8069
55.6363
56.9929
59.7581
60.9924
26.8714
13.3874
49.9483
44.6305
9.17414
25.9742
8.93117
24.3122
55.6206
63.4365
57.4837
71.1652
50.8487
63.2829
6.8286
28.8401
10.1539
19.8324
28.6196
13.9297
37.3128
61.5772
61.9178
61.8251
61.6184
61.2175
61.2121
43.4264
49.3008
75.5296
62.758
-13.138
68.3881
-13.138
-13.138
-13.138
-13.138
-13.138
-13.138
-13.138
-13.138
-13.138
-13.138
-13.138
61.0671
61.1028
60.8289
60.8614
61.2965
61.5666
62.4271
61.1678
60.9787
47.6063
50.6526
48.0805
55.6118
42.9045
45.0608
37.0997
40.4719
40.6554
37.2494
45.0079
37.2401
30.4606
28.6072
16.6287
48.496
49.0136
45.1801
48.5031
52.0624
46.5274
18.0782
34.8451
21.2258
31.4895
23.1303
43.0618
-13.138
61.3461
61.571
61.438
61.316
60.809
61.1295
60.8822
51.2504
50.3205
-13.138
-13.138
46.8301
50.3824
46.9499
62.7151
71.61
69.9212
68.3839
66.7692
68.3507
66.6002
64.8382
67.982
-13.138
-13.138
-13.138
-13.138
64.3638
60.6656
60.3406
60.4541
60.6727
60.4947
59.8993
60.4594
46.2905
41.3611
39.9575
47.2066
42.5327
41.3801
35.2963
33.0123
28.1017
25.8109
24.2748
53.021
48.388
49.8446
48.9031
51.1268
53.5037
26.5871
59.2411
38.7747
35.0078
29.6505
46.4263
-13.138
-13.138
-13.138
-13.138
76.0503
59.0271
-13.138
-13.138
-13.138
-13.138
-13.138
60.3227
61.0881
61.1474
61.1088
60.3397
60.8056
52.4572
55.7381
58.866
46.7571
52.0537
48.883
44.6718
49.2611
49.138
50.3339
47.3422
67.0838
69.284
46.7556
51.9432
59.9597
59.5861
59.5299
59.2355
59.7058
46.1877
43.5133
40.5378
37.1097
32.1204
48.9186
49.8773
48.2282
50.8003
50.4201
33.5344
58.328
57.17
40.2842
38.2726
49.5434
44.8994
27.02
53.0453
71.1719
44.4039
48.6117
75.5758
48.1233
62.6911
60.5633
51.2759
-13.138
20.2259
-13.138
59.5466
61.3993
60.9152
61.1685
60.8413
61.3768
60.1081
50.5957
42.1784
50.9394
51.4189
51.5648
52.6141
50.4754
50.6141
50.8734
46.326
51.9289
49.5404
58.9974
58.5329
58.089
58.7655
44.2739
41.6044
38.2897
46.59
51.1406
50.8197
49.3833
51.2438
39.3355
56.6872
54.8381
42.3976
53.0047
51.5837
44.2943
48.2254
47.439
45.1903
51.8277
48.6511
-13.138
51.2774
47.0119
-13.138
-13.138
50.0583
70.4546
51.611
48.2048
60.5097
60.9142
58.8363
62.4009
61.357
61.8265
61.4706
61.1301
60.8901
59.6391
59.5177
51.552
49.5696
50.7663
50.7421
50.1007
50.1976
56.5338
57.8524
57.2794
57.5995
44.0245
48.904
51.1818
50.8512
44.532
55.0654
53.3717
46.6671
51.0113
48.0325
-13.138
49.9539
49.0669
49.3121
-13.138
28.6077
59.5175
49.0611
54.2624
46.4628
47.936
45.6142
45.501
59.984
63.1923
61.1223
57.8199
63.1809
62.0959
61.7962
59.8139
60.6104
57.9636
58.6156
58.2915
50.9694
49.5816
50.7002
49.9777
55.5614
56.3843
56.2909
48.4754
50.7603
51.1124
49.1567
53.9799
52.2185
49.4975
50.3149
-13.138
-13.138
24.9462
-13.138
48.5416
49.0313
59.5406
59.4499
55.2592
45.9929
47.8125
49.5684
40.7512
48.9132
48.8884
68.4222
56.8993
63.9758
55.3489
59.1255
61.4086
56.1262
55.9554
52.57
57.1363
55.588
50.6253
49.6254
50.1113
54.505
54.4866
50.6587
50.6219
51.088
50.6332
53.022
51.737
50.9469
-13.138
34.7102
26.789
55.3548
48.4498
48.9151
43.4553
43.9525
46.9908
45.7321
48.0423
47.7945
47.7862
-13.138
50.5802
48.5615
44.316
54.8549
53.955
49.859
49.4033
53.1551
52.8735
50.9593
49.9723
50.3697
50.9333
51.7541
26.4514
60.7551
46.4551
48.2874
48.5703
46.1625
48.1164
47.2254
47.863
47.4841
24.4401
-13.138
-13.138
39.2265
39.0235
34.8442
33.8274
52.965
48.8528
51.7143
51.1373
50.239
48.9081
50.6981
53.9343
44.8913
47.7413
47.7871
46.2573
46.8394
47.1967
63.7067
25.0453
-13.138
57.906
27.5137
29.1909
23.884
51.5483
47.6114
48.3397
46.8127
49.6795
48.7606
38.9093
43.8228
46.847
46.449
44.7091
45.981
22.4662
-13.138
44.6347
46.526
16.1673
19.4663
15.8392
11.907
49.4144
44.9315
43.7121
44.2551
46.2555
42.9253
41.057
43.9595
41.2106
43.1739
17.3892
-13.138
36.8293
50.5328
7.025
4.58614
9.73619
5.96485
46.6142
40.7634
39.7004
39.3091
40.7115
32.0146
39.3295
38.7342
36.8135
-13.138
20.0804
46.852
41.97
-13.138
-0.000266172
0.00239506
-0.00111535
42.1696
35.3582
33.56
33.2312
33.3074
30.8229
32.6815
30.9217
14.7174
16.9447
27.5342
-13.138
37.5026
27.4331
26.4121
26.7371
24.1645
17.5354
22.1739
22.0267
31.3098
9.0433
13.4012
-13.138
31.8155
23.2417
16.5415
17.3714
13.2913
8.06466
14.2062
16.8336
4.23545
-13.138
25.4035
11.0624
6.61137
6.04189
-6.16236
2.17237
-1.93932
0.244716
4.13999
-7.25364
-13.138
-4.45246
17.9727
-3.50691
1.3319
-6.03813
-15.3835
-13.5608
-22.8914
-13.0428
-14.9867
-21.4539
-14.8854
-13.138
-20.6107
9.46956
-16.616
-8.48081
-27.6667
-37.1407
-30.5293
-27.1492
-33.0586
-30.6091
-41.0454
-29.5836
-13.138
-34.8737
0.249762
-31.9733
-24.3848
-17.3531
-48.5706
-47.319
-47.9253
-47.2475
-55.8242
-48.3719
-13.138
-59.4168
-10.0831
-44.961
-34.872
-28.4299
-49.8255
-63.6097
-66.1182
-65.8896
-60.2653
-13.138
-77.2085
-22.1814
-62.3084
-44.4535
-63.4993
-80.0843
-82.047
-75.9412
-85.8937
-87.7568
-105.786
-13.138
-36.0355
-82.1783
-67.6339
-101.516
-110.584
-89.723
-110.665
-144.738
-13.138
-56.6079
-91.3336
-105.556
-138.411
-142.317
-163.983
-13.138
-80.3081
-145.604
-191.369
-174.967
-257.031
-13.138
-165.492
-205.918
-357.869
-13.138
-354.681
-646.026
-13.138
-13.138
