30.6553
30.6553
30.6553
30.6553
30.6553
30.6553
30.6553
35.201
36.3515
35.6619
36.2396
35.3184
34.9736
30.6553
35.3317
30.6553
30.6553
30.6553
34.457
34.3966
34.2301
33.9453
34.3844
34.4709
34.7751
34.6969
34.6724
35.4443
34.1246
33.8806
34.7935
34.6975
34.4909
34.3777
34.2529
34.1234
34.063
34.4101
34.3066
34.2698
34.3404
34.1379
34.2251
34.1044
34.1205
33.9708
33.8898
34.0349
33.7657
33.8324
33.8917
33.9768
34.0214
34.0341
34.1059
34.1104
33.8335
33.7919
33.5973
33.5986
33.7516
33.5691
33.4067
33.5116
33.5331
33.5887
33.745
33.7289
33.7199
33.732
33.3542
33.3863
33.3079
33.0597
33.2651
33.3792
33.2003
33.105
33.2734
33.1733
33.3966
33.4295
33.3747
33.0207
33.0295
32.7684
32.7902
32.8733
33.0224
32.9005
32.8635
32.9354
33.0384
32.8077
33.0803
33.1286
32.9338
32.6613
32.5011
32.5432
32.564
32.5139
32.6633
32.5896
32.5334
32.708
32.7148
32.7752
32.5512
32.3026
32.1554
32.2883
32.2889
32.1889
32.343
32.2127
32.2063
32.3054
32.3861
32.2013
32.3942
31.9456
31.9606
31.8132
31.9613
32.0544
31.8299
31.9157
32.1138
31.8647
32.0181
31.514
31.6406
31.8157
31.9485
32.0099
32.0787
31.5893
31.7521
31.5853
31.8006
31.5773
31.6387
31.7703
31.29
31.2683
31.4569
31.7085
31.4102
31.515
31.5924
31.387
31.2335
31.4755
31.2787
31.219
31.4682
31.3148
31.1964
30.9788
31.0339
31.041
31.305
31.1541
31.0203
31.2367
31.0424
30.8778
30.871
31.1084
30.8388
31.0109
30.6513
30.7333
30.7914
30.6989
30.9178
30.8119
30.8811
30.7302
30.7838
30.5222
30.5501
30.4915
30.513
30.6717
30.365
30.446
30.5302
30.3602
30.1853
30.5091
30.5256
30.4229
30.4691
30.1666
30.247
30.147
30.3181
30.1919
30.0564
30.2302
30.0431
29.9261
30.2193
30.073
30.1702
30.127
29.811
29.9324
29.8202
29.9566
29.7409
29.8651
29.7357
29.7046
30.0051
29.8672
29.7457
29.5015
29.6372
29.8148
29.7346
29.4555
29.6174
29.4744
29.6157
29.401
29.5007
29.3762
29.5507
29.4795
29.1892
29.2383
29.3181
29.4595
29.3384
29.0999
29.2918
29.1714
29.1458
29.2481
29.0643
29.0345
29.2363
29.1856
28.862
28.9322
28.9602
28.8793
28.9682
29.1041
28.931
28.7443
28.9261
28.8494
28.8881
28.7235
28.6951
28.5262
28.6825
28.6923
28.5843
28.5907
28.7488
28.5495
28.3887
28.6061
28.5411
28.4391
28.3664
28.2613
28.1899
28.4353
27.9666
28.2481
28.31
28.3249
28.3934
28.2274
28.0331
28.2987
28.1926
28.0991
28.0109
27.8789
28.1518
27.6677
27.7959
27.6089
27.9156
27.9832
28.0414
27.9913
28.0381
27.9288
27.8921
27.6775
27.8224
27.6693
27.3687
27.4586
27.6929
27.3758
27.6251
27.7176
27.7224
27.6827
27.6062
27.3219
27.4319
27.1248
27.0965
27.4224
27.1855
27.1588
27.4486
27.2489
27.458
27.537
27.3343
27.3274
27.2076
26.9663
27.04
26.8203
26.8931
26.866
27.046
26.8594
26.9232
27.1854
26.9438
27.2577
27.0223
26.972
26.6107
26.688
26.5727
26.5977
26.5106
26.6872
26.8042
26.5549
26.6538
26.9364
26.6507
26.6934
26.6167
26.2551
26.3934
26.3191
26.2182
26.2896
26.3562
26.5087
26.1869
26.3865
26.3742
26.3651
26.2613
25.8996
26.0714
25.9757
25.9935
25.8643
26.0555
26.0218
26.2276
26.112
25.8731
26.0832
25.9976
25.906
25.544
25.7321
25.6356
25.7671
25.6432
25.5265
25.7252
25.8995
25.6588
25.8349
25.6241
25.3887
25.3267
25.7307
25.5899
25.5506
25.1884
25.3669
25.3193
25.4306
25.157
25.4111
25.3346
25.5253
25.337
25.0788
25.124
25.0179
25.3392
25.2134
25.1953
24.8328
25.0198
25.1019
24.8649
25.0257
25.1588
24.8925
24.7895
24.8037
24.748
24.9376
24.6359
24.9039
24.8399
24.4772
24.6735
24.7466
24.7529
24.5439
24.7332
24.5869
24.4811
24.4696
24.5106
24.6376
24.3513
24.4471
24.4846
24.1216
24.1984
24.453
24.3105
24.4532
24.2553
24.2662
24.1749
24.158
24.229
24.3332
24.0715
24.0676
24.1292
23.766
23.8636
24.1095
23.9508
24.1104
23.9622
23.9791
23.8311
23.8481
23.8505
23.9305
23.7616
23.754
23.7739
23.4104
23.5432
23.7767
23.5993
23.6672
23.6862
23.5622
23.5053
23.6435
23.5454
23.3741
23.4534
23.4185
23.0548
23.2241
23.2572
23.4351
23.261
23.3738
23.3647
23.2008
23.3644
23.205
23.1162
23.0357
23.0632
22.8998
22.6992
22.9158
22.9413
23.0683
22.9557
23.0857
23.0711
22.8695
22.8898
22.7628
22.7078
22.563
22.3436
22.6247
22.6391
22.7148
22.7539
22.8486
22.7412
22.5411
22.5907
22.4847
22.4262
22.3525
22.3711
22.3354
22.2205
21.988
22.3364
22.3729
22.558
22.4402
22.2295
22.2751
22.1622
22.104
22.033
21.9971
22.0038
22.0727
21.8637
21.6324
22.0135
22.2225
22.0179
22.1224
21.9088
21.9563
21.8345
21.7496
21.7306
21.6418
21.6921
21.7701
21.522
21.2768
21.7133
21.8691
21.6906
21.8116
21.5933
21.5949
21.5393
21.3963
21.4344
21.2865
21.449
21.389
21.2063
20.9212
21.4299
21.4925
21.4207
21.2621
21.2614
21.2565
21.1566
21.0186
21.1092
20.9311
21.0999
21.1439
20.9598
20.5656
20.6947
21.1793
21.0998
20.9754
20.9125
20.9319
20.9007
20.7008
20.6442
20.7658
20.5758
20.7777
20.7916
20.3564
20.21
20.5038
20.8532
20.7302
20.576
20.6083
20.6389
7.52164e-08
20.4186
20.3835
20.2822
20.4283
20.2204
20.4567
20.0205
20.2056
19.8544
20.4849
20.3525
20.356
20.2738
1.51313
-1.141e-08
0.217037
1.06048
19.904
20.0879
20.0875
20.0693
20.1092
19.9192
20.0342
20.0719
19.8651
19.6664
19.4988
20.102
19.9266
3.07404
1.89261
1.03703
19.6934
19.8264
0.24241
2.73166
7.27464e-08
19.4532
19.822
19.7245
19.5943
19.6285
19.7488
19.6994
19.7044
19.5097
19.3005
19.1432
19.6177
4.63562
3.5309
2.39954
19.3643
19.5469
0.973437
-7.53481e-09
1.4664
19.1675
4.34919
19.4556
19.3423
19.3976
19.2984
19.3234
19.1543
18.9203
18.7874
19.3443
5.14665
6.19723
4.05651
19.0123
19.2078
19.0445
1.89474
1.01248
3.03295
18.8645
2.7236
5.96007
19.1193
19.0594
19.1182
18.9501
19.0795
18.9437
18.7988
18.5738
18.4313
5.71461
7.75872
6.75806
18.6722
18.7542
18.8986
2.41428
4.6009
3.52328
7.57241
4.33945
18.6155
18.787
18.7308
18.8111
18.599
18.7513
18.6092
18.4429
18.2206
18.3741
18.0746
7.37276
9.32058
8.37059
18.458
4.0703
6.16888
5.13765
18.483
18.3074
5.94478
9.18576
18.4451
18.4498
18.2493
18.4068
18.3208
18.1498
18.0864
17.8193
18.0612
17.928
18.167
17.7165
9.03049
9.98455
10.8816
5.72668
6.75116
7.73674
18.1844
18.0146
10.8022
7.56728
18.1566
18.1132
17.9264
18.0174
17.8669
17.7285
17.5952
17.3697
17.8584
17.7217
17.3557
10.6909
12.4429
11.5991
7.38312
8.3692
9.30496
17.8867
17.6986
17.8713
12.4178
9.19042
17.7676
17.6824
17.5693
17.6134
17.5573
17.3681
17.3833
16.9466
16.9906
17.1563
17.5346
12.3364
13.2265
14.02
9.03913
10.8723
9.98443
17.552
17.3851
17.6055
10.7988
14.1412
17.4174
17.296
17.2398
17.3243
17.2888
17.0034
17.0601
17.0498
17.2377
16.602
16.8266
16.6197
14.0508
15.4806
10.6978
12.4401
11.5959
17.2011
17.0954
14.9336
-30.6553
12.4205
17.0835
16.9453
16.9129
17.0211
16.6331
16.7605
16.9147
16.7136
16.4999
16.2443
16.2988
15.7966
15.8994
16.6304
12.3415
13.246
14.023
16.8353
16.905
16.7684
-30.6553
-407.164
-709.695
-209.478
14.1491
16.7454
16.5626
16.6423
16.5543
16.3082
16.2577
16.5855
16.3812
16.1797
16.0143
15.877
16.6488
16.6824
16.9625
14.0541
15.4842
16.5219
16.5544
16.4716
-419.093
-30.6553
-243.999
-206.229
-125.944
14.913
16.085
15.7171
-166.751
-142.026
16.3909
16.3075
16.2179
16.0372
16.0559
15.8874
16.252
16.0712
15.9067
15.7625
15.5782
17.1446
17.0694
17.008
15.8003
16.6196
16.2099
16.2038
16.1882
-265.88
-215.12
-30.6553
-107.621
15.5262
16.2854
16.4096
-139.904
-135.274
-177.111
-111.5
-30.6553
-30.6553
15.9885
15.9483
15.8347
15.85
15.5889
15.928
15.7906
15.6699
15.766
15.8026
17.6052
18.4772
16.6489
16.958
16.9446
15.8449
15.8951
-197.942
-241.931
-85.7904
16.2828
-150.32
-121.96
-115.874
-94.9689
-191.291
-152.47
-30.6553
-30.6553
15.5226
16.0824
15.494
17.7643
17.2772
-152.558
17.3098
16.3121
16.5068
15.6548
15.6343
15.6723
15.7658
15.5334
15.8157
15.3532
21.0338
17.1206
17.1678
15.493
-158.196
-154.372
-72.8455
-125.726
-106.941
-102.916
-95.4972
-79.5136
-109.265
-137.272
-30.6553
15.9093
15.0819
18.3293
17.7561
-136.703
16.6949
15.9135
16.3016
-30.6553
-30.6553
15.3187
15.1877
15.3402
15.761
15.0693
15.1421
14.5664
14.9033
18.5914
16.9678
-121.326
-133.334
-61.3298
-102.794
-89.6959
-85.2952
-68.4028
-114.306
-106.144
-103.048
14.5139
19.4076
17.9364
14.7811
14.826
16.0892
-79.8188
-30.6553
-30.6553
-79.038
14.7013
14.6002
15.5216
14.7527
13.6794
13.6426
14.2562
22.4262
16.8132
-108.785
-50.6064
-93.0488
-85.2562
-72.7984
-74.2893
-58.5045
-98.8338
-91.5306
13.923
17.4982
13.6771
15.9089
-68.9986
-76.9352
-54.4071
-30.6553
-62.218
-50.584
13.8306
13.8067
15.1155
14.0455
12.4303
12.5225
12.9078
13.0286
14.7689
15.7213
-88.1108
-40.525
-77.6309
-71.1262
-59.1426
-59.587
-49.7081
-81.3717
-69.0752
-53.8037
-30.6553
-62.3238
-47.5645
-42.4247
-30.6553
-30.6553
-30.6553
-30.6553
-30.6553
-30.6553
-30.6553
-30.6553
-30.6553
-30.6553
-30.6553
-30.6553
-30.6553
11.5877
-1.27396
-30.6553
12.6623
12.7748
14.3033
13.1904
11.0708
11.5121
10.8687
11.6565
14.2049
-69.4133
-31.6066
-44.9955
-63.0076
-58.3228
-48.4359
-66.2625
-52.8376
-30.6553
-34.1774
-40.0976
-7.57089
6.89631
1.11918
-30.6553
-30.6553
-30.6553
4.66907
1.03498
-2.03911
-2.88577
2.73593
-1.97325
-5.38889
-30.6553
3.58143
-30.6553
10.2358
-4.6696
-4.51902
-30.6553
-30.6553
-30.6553
-30.6553
-30.6553
-30.6553
-30.6553
-30.6553
-30.6553
-30.6553
-30.6553
-30.6553
-30.6553
-30.6553
-30.6553
11.4893
11.8593
13.046
9.79251
10.1974
9.35119
9.35912
-53.3106
-53.8679
-35.503
-23.8203
-48.928
-40.9546
-43.611
-26.2378
-29.6887
-36.4723
-8.53712
-3.24407
3.18544
-0.902615
-4.56235
-3.44695
-4.16681
-3.21717
-7.2451
-6.1827
-4.76305
5.82739
8.9406
-4.02523
1.25702
-30.6553
3.68149
0.395858
10.4183
-1.90352
6.41589
1.74039
9.37615
-30.6553
-21.0001
-24.7124
-11.6576
-30.6553
7.12812
-11.7424
-30.6553
-30.6553
-30.6553
-30.6553
-30.6553
-30.6553
-30.6553
7.43028
-30.6553
-30.6553
-30.6553
-30.6553
-3.10133
10.3325
11.6236
10.3938
8.67136
8.19568
9.08171
7.81809
-38.469
-42.1346
-32.9587
-27.6746
-17.4516
-36.4985
-31.5665
-21.8044
-24.5314
-9.23455
-6.23224
-2.80037
-2.32009
-3.98581
-1.31875
-4.56381
-2.29502
-2.49392
-3.65113
-4.85676
-12.797
7.53525
-0.0452934
0.0155125
-4.28932
-1.93425
-2.6837
-1.66736
-3.1823
-16.9846
-0.0167729
-15.0688
-30.6553
-1.17186
7.84188
1.64771
-30.6553
-30.6553
5.54706
9.84545
4.05038
6.06752
5.92919
-2.54887
-30.6553
-30.6553
-30.6553
-30.6553
-3.08316
-20.8241
8.56996
9.36515
7.61358
7.15435
6.57138
6.19535
-29.9845
-26.8879
-26.3272
-11.8005
-18.1679
-16.1445
-20.5729
-8.35625
-11.6668
-5.87076
-2.55166
-2.64171
-2.51125
-1.97579
-2.32929
-4.05157
-3.75521
-1.2627
-1.85411
-2.98967
-2.48207
-1.23044
-2.87696
-4.14475
-2.80884
-2.60351
-1.67295
-2.97025
-3.15904
6.67135
0.92923
-3.93833
-5.02993
4.65535
4.28323
-30.6553
2.07292
-3.10149
-18.5859
-30.6553
-30.6553
-30.6553
6.65115
7.43167
6.14252
5.39299
5.00038
-19.8341
-12.4722
-7.48024
-13.3688
-14.2283
-10.5712
-6.35345
-4.21383
-2.50946
-2.57806
-2.36682
-2.63489
-2.57649
-2.26678
-2.64947
-2.10332
-1.88689
-1.77333
-1.97155
-2.64665
-3.51783
-3.04503
-3.98389
-4.33495
-3.03346
3.13624
3.53161
2.68199
-1.47412
-3.18019
-14.5245
6.68585
-9.66679
2.2702
-30.6553
-30.6553
-30.6553
-2.08131
1.09021
-30.6553
-0.439128
-4.30552
-10.9433
-4.69621
5.88662
4.9464
5.28214
4.47096
3.71691
-11.4048
-8.53929
-7.63062
-8.96947
-4.13541
-2.48449
-2.72033
-2.25316
-2.47582
-2.43396
-2.38258
-2.81798
-2.61102
-3.04024
-4.31868
-4.06308
-3.75467
1.38633
2.03772
2.15688
-5.69994
-5.28899
-4.55487
0.101367
-3.01914
-0.226178
-30.6553
-2.3305
-0.251907
-7.65176
-4.97258
-30.6553
-30.6553
-30.6553
4.2423
3.35744
3.71305
3.00236
2.30106
-6.08849
-4.81811
-5.73713
-2.94281
-2.46403
-2.3949
-2.34418
-2.49722
-2.72531
-3.21051
-3.57065
-3.83347
-4.05228
0.509818
0.914474
-4.35151
-5.54033
-4.33923
-6.25529
0.138241
-3.07113
-1.32911
-2.85434
-6.9191
-30.6553
-30.6553
-6.42451
2.61778
1.98637
1.90318
1.42742
-3.6043
-3.42093
-2.39999
-2.60017
-2.59505
-2.6357
-2.98318
-3.79939
-4.01447
-4.53281
-4.47032
-0.480077
0.0818777
-4.76284
-5.06135
-7.61517
-2.58545
-1.66917
-8.80533
-6.73743
-30.6553
-6.14061
-2.23949
1.02065
0.165147
0.421995
-2.43458
-2.73165
-3.32098
-4.77575
-4.57704
-5.06347
-1.22897
-6.11337
-7.62527
-10.446
-12.77
-30.6553
-3.04527
-2.61468
-0.59776
-1.56424
-3.51985
-4.18174
-6.333
-6.26595
-6.26357
-8.06868
-10.5142
-12.0544
-9.88934
-30.6553
-4.80598
-3.89174
-2.45225
-6.17404
-9.18815
-9.13127
-12.4246
-14.123
-10.1146
-30.6553
-7.70518
-6.65234
-6.02757
-4.55864
-10.3872
-14.3923
-13.8597
-18.6534
-20.1129
-30.6553
-11.1151
-10.133
-10.3327
-30.6553
-7.69149
-15.9434
-22.4343
-20.0041
-25.6115
-30.7833
-15.6343
-15.1133
-40.1664
-30.6553
-50.074
-23.948
-11.9684
-21.4442
-30.0716
-38.5424
-21.5991
-20.9699
-45.2751
-30.6553
-55.8992
-50.6909
-35.0225
-29.1553
-17.2667
-28.4898
-41.5673
-47.2636
-29.3885
-27.812
-53.9868
-30.6553
-59.722
-58.0842
-36.3576
-43.398
-30.6553
-23.8599
-38.0638
-51.9237
-53.8136
-38.5485
-34.3612
-61.5269
-70.2964
-66.0333
-67.6268
-46.8079
-73.9256
-30.6553
-46.9098
-31.763
-50.9697
-63.9988
-59.0241
-41.4659
-71.8558
-69.6399
-77.5743
-89.8211
-30.6553
-49.4064
-58.2963
-40.2398
-67.0964
-78.9919
-73.6844
-87.0749
-83.9488
-101.367
-81.686
-30.6553
-60.0738
-55.6491
-68.2798
-97.229
-48.7517
-79.3321
-85.1081
-91.6742
-98.2103
-102.804
-110.039
-30.6553
-70.4088
-74.834
-67.0657
-105.686
-96.403
-59.4403
-91.1335
-108.38
-118.471
-131.417
-30.6553
-86.3872
-86.4219
-80.3739
-111.3
-108.028
-71.5098
-104.646
-133.522
-126.815
-133.269
-163.164
-30.6553
-101.774
-94.6846
-127.047
-84.1754
-126.286
-184.538
-152.491
-30.6553
-120.761
-109.368
-154.506
-106.752
-153.306
-30.6553
-232.844
-168.284
-137.886
-193.505
-126.873
-202.919
-30.6553
-289.846
-232.365
-208.335
-241.854
-30.6553
-413.327
-405.761
-707.896
-30.6553
-30.6553
