0.000843262
0.00100573
0.00092745
0.001189
0.00134308
0.00148152
0.00108128
0.00146045
0.00136003
0.00125398
0.00114632
0.00101485
0.000828506
0.000597356
0.00150893
0.00096719
0.00112037
0.000566022
0.000769338
0.000630989
0.000873157
0.000734355
0.00111826
0.000970897
0.00128296
0.00136347
0.00123681
0.00131514
0.00107543
0.000839073
0.000447537
0.000147551
0.000384859
0.00113206
0.000204423
0.000673967
0.000831015
0.000464439
0.000584278
0.000629776
0.000702367
0.000943772
0.00104339
0.00121122
0.00132831
0.00132369
0.00140539
0.0011023
0.0007094
0.000251474
1.21747e-05
7.85456e-05
0.000221432
0.00127108
-8.54608e-05
-4.85149e-34
0.000382821
0.000541123
0.000278405
0.000893688
0.00114293
0.00116188
0.000437636
0.000672498
0.00079508
0.00101974
0.00132712
0.00139331
0.00137071
0.000843851
0.00020598
-4.27997e-05
7.30858e-05
-5.97715e-05
9.37772e-05
0.0012988
2.30925e-05
0.000208438
1.71722e-20
0.000279782
0.00110857
0.0011714
0.00124828
0.000493848
0.000725085
0.000988934
0.00132272
0.0013825
0.000903677
0.000436345
0.000103056
2.99471e-05
-9.24772e-05
-2.35202e-05
-6.94394e-21
-2.3702e-34
0.00137275
0.000322313
-9.42941e-06
-1.31101e-34
0.00113751
0.00118586
0.00129643
0.000491682
0.000914127
0.00133569
0.00138035
0.0006159
0.00107375
0.000152328
2.97191e-21
-6.76307e-21
0.000166284
3.45743e-19
0.00118929
0.00125688
0.0013623
0.000203788
0.000611793
0.000957173
0.00132404
0.00136204
0.00031827
0.000830637
0.0011453
2.76055e-35
-1.0657e-20
0.00117259
0.00132341
0.00030475
0.000691838
0.00101351
0.0012682
0.0013262
1.3376e-34
0.0002861
0.000641718
0.000969275
0.00120538
0.000253509
-1.3196e-19
0.00130323
0.00108085
0.000636287
0.000947924
0.00118379
0.00130195
0.00125008
2.61337e-34
0.000320339
0.00055346
0.000827528
0.00122196
0.000353823
-3.64362e-20
0.000989238
0.00127866
0.00117619
0.000730991
0.00103242
0.00125983
1.96231e-20
0.000347359
0.000676754
0.00122841
0.00111954
0.0004293
-5.30907e-19
0.000905822
0.0012689
0.00116501
0.00103186
0.000783762
0.00124258
2.18717e-20
0.000502022
0.00112227
0.00122961
0.000415673
-2.03122e-19
0.00100287
0.000800888
0.00126054
0.00115572
0.000966347
0.00102437
0.000672532
0.001233
1.88004e-20
0.000326082
0.000606493
0.00115023
0.00123322
0.000343088
-2.30145e-19
0.00102149
0.000816084
0.00125632
0.00115527
0.000790367
0.000974077
0.000423462
0.00123399
2.16832e-20
0.000463817
0.00116761
0.00124635
2.42955e-19
0.000796486
0.00103299
0.00111012
0.000678591
0.000894341
0.00119741
0.000346848
0.00125391
3.31982e-34
0.00048094
0.00118947
2.18857e-19
0.00083939
0.00107372
0.00103912
0.000616954
0.000841126
0.00123372
0.00112992
0.000338315
0.00121373
0.0012535
3.32543e-34
0.000338183
0.000646263
-2.62722e-19
0.000928772
0.00113111
0.000913994
0.000631407
0.00121529
0.00106668
0.000344314
0.0012334
0.0012473
3.3287e-34
0.000383446
0.000726991
5.40338e-19
0.00100463
0.0011624
0.000837493
0.000647205
0.00117046
0.00102006
0.000830712
0.00044701
0.00124381
0.00117103
0.00124308
3.33092e-34
0.000477181
2.51666e-19
0.00103455
0.00117597
0.000766331
0.00101155
0.000791277
0.000447965
0.00124611
0.00115935
0.00124317
3.3328e-34
0.000382557
7.87898e-19
0.00105011
0.00118502
0.000789206
0.000984862
0.000602837
0.000859365
0.000352423
0.000689907
0.00124477
0.00116011
0.00123582
-2.17857e-20
0.000351098
3.13269e-34
0.000977475
0.00115119
0.000860894
0.00106354
0.000681861
0.00125268
0.00045431
0.00123025
0.00119139
3.33595e-34
0.000457069
3.14381e-34
0.000832384
0.00104105
0.0011442
0.00106182
0.000660294
0.000872557
0.00124796
0.000674793
0.000336927
0.00124181
0.00117748
3.33731e-34
0.000338967
3.15466e-34
0.000923085
0.00106464
0.00119582
0.00101072
0.000597243
0.000762529
0.00124721
0.000619099
0.00111072
0.00118054
0.000373247
0.00125101
0.00122301
3.33849e-34
0.000338146
-2.78999e-19
0.00085707
0.0010261
0.000892785
0.000616409
0.000638617
0.00116077
0.00100052
0.00123897
0.00114919
0.00035918
0.00124443
-2.07472e-20
0.000353759
2.62612e-19
0.00086428
0.00103558
0.000730331
0.000659668
0.00117603
0.000997439
0.00119733
0.00125173
0.00103032
0.000413004
0.00124259
3.34031e-34
0.000337231
3.1853e-34
0.000890562
0.00111966
0.000764793
0.000622963
0.00116452
0.00124226
0.000968277
0.00119172
0.000391529
0.00124224
3.34094e-34
0.000334384
-5.18075e-19
0.00104722
0.000875947
0.000656779
0.000683649
0.00114932
0.00124963
0.00100563
0.000783328
0.00117064
0.000398892
0.00122669
2.06394e-20
0.00035034
4.37689e-20
0.0010465
0.000640374
0.000868335
0.00112824
0.00125182
0.00123448
0.000898401
0.000629943
0.00117563
0.000336254
0.00121276
3.3416e-34
0.000341926
3.21294e-34
0.00104651
0.000627828
0.000863445
0.0010682
0.00125006
0.000869681
0.000632575
0.00117726
0.000301276
0.00120984
0.00125208
0.00109336
3.34163e-34
0.000326653
3.22148e-34
0.00103253
0.000598767
0.000825017
0.001238
0.00082439
0.000525766
0.00116487
0.000816786
0.00103245
-2.99027e-19
0.00124756
0.00117468
3.34146e-34
0.000321011
0.000858932
0.00104304
0.000598356
0.00124195
0.000461907
0.00116418
0.000709575
0.00102021
0.00123985
3.24074e-19
0.00124578
0.00118016
-2.17833e-20
0.00033044
0.000879641
0.000640778
0.00103176
0.000357746
0.00117107
0.000612958
0.000883979
0.00107415
0.0012497
-2.83564e-19
0.00123844
0.00116434
3.34053e-34
0.000388839
0.00077787
0.00102673
0.000365975
0.00119241
0.000751257
0.000993679
0.0012498
-4.37691e-19
0.00123329
0.00110628
3.33977e-34
0.000472637
0.000758423
0.000973761
0.00116006
0.000509293
0.00088714
0.00124119
0.00105563
0.000662172
-3.14831e-19
0.000300678
0.00125121
0.00118947
0.00105235
0.000364048
3.3388e-34
0.000611503
0.000851723
0.0011723
0.000845378
0.00123886
0.00103201
0.00049737
3.26568e-34
0.0012446
0.00116257
0.000996189
0.000329934
2.17833e-20
0.00062353
0.000811157
0.00117729
0.000726342
0.00124787
0.00103174
0.00033806
3.1115e-19
0.00124073
0.00105828
0.00118003
0.000852048
0.000385554
3.33626e-34
0.000620101
0.000865677
0.00117371
0.00124388
0.000496624
0.00106354
0.000991352
0.000671557
0.000337696
3.27774e-34
0.00124886
0.000909186
0.00108074
0.00120158
0.000310504
-2.17833e-20
0.000620044
0.000791063
0.00123761
0.00114973
0.000997073
0.000648707
0.00123148
0.000328652
-3.14891e-19
0.00125056
0.000876989
0.00118948
0.00106799
0.000419621
3.33293e-34
0.000697378
0.00117281
0.00105056
0.000850494
0.000617565
0.00124967
0.00033553
-3.61552e-19
0.00123469
0.000959909
0.00068428
0.0011505
0.000335395
3.33096e-34
0.000575911
0.00113857
0.00123224
0.000952939
0.000696691
0.00125199
0.00121096
0.000374715
3.29332e-34
0.00120668
0.00106834
0.000852751
0.000643369
0.000314469
3.32879e-34
0.00107713
0.00125238
0.000846318
0.000470587
0.00117987
0.00124488
0.000321046
-4.37691e-20
0.00120067
0.00112241
0.000942641
0.000546129
0.000809976
3.32642e-34
0.00103469
0.00124844
0.000834243
0.000638528
0.000310023
0.0011697
0.0012459
-3.50153e-19
0.00105292
0.00123627
0.00113402
0.000895717
0.000359506
0.000700271
3.32385e-34
0.00102759
0.000796602
0.000474524
0.00116438
0.00124324
0.00124881
4.37431e-19
0.00118129
0.00100458
0.000348894
0.000623636
0.000881205
3.32108e-34
0.00100891
0.000450413
0.000705209
0.00124166
0.00117161
0.00124308
4.53595e-20
0.00117423
0.00107236
0.000369232
0.000737053
0.00101434
0.000327111
3.31811e-34
0.00105484
0.000859571
0.000521749
0.00124704
0.00118713
0.00124123
-4.37691e-20
0.0011617
0.000474736
0.00082956
0.00100931
3.31493e-34
0.00105327
0.000828527
0.000487729
0.00124794
0.00118178
0.00124195
3.31543e-34
0.00035198
0.00117109
0.000699943
0.00104011
0.000853827
3.31156e-34
0.00104344
0.000858718
0.000654898
0.00032314
0.00124703
0.00117713
0.00123901
-3.66193e-19
0.000311696
0.000605125
0.00113099
0.000906864
3.30799e-34
0.00105044
0.000844052
0.000478634
0.00124689
0.00118508
0.0011955
0.00124792
3.32013e-34
0.000654297
0.000365503
0.00106367
0.000876035
0.00030184
3.30421e-34
0.00115424
0.00100727
0.000834329
0.000640147
0.00124083
0.00118459
0.00125124
0.000327194
-4.13725e-19
0.000643286
0.00103658
0.000848859
0.000485406
3.30024e-34
0.00115711
0.00101266
0.00123496
0.000769693
0.00122033
0.00113358
0.00125159
0.000344341
0.000589635
-3.77041e-19
0.000994698
0.00071734
0.000410031
3.29607e-34
0.00123764
0.00116276
0.00101337
0.000790667
0.00118461
0.00124718
0.000520254
0.000425957
3.32466e-34
0.00084623
0.00105471
-2.17833e-20
0.00124375
0.00103868
0.0011767
0.000832327
0.00117425
0.00124474
0.000598267
0.000302972
0.000626128
0.000325616
-4.01872e-19
0.00103277
0.000844605
3.28711e-34
0.00123936
0.00113602
0.000944374
0.000687355
0.00117843
0.00125057
0.000348563
0.000612641
0.000321837
-3.89899e-19
0.000882214
0.00106691
4.13632e-20
0.0012281
0.00112674
0.000709248
0.000939848
0.000383977
0.00121276
0.00125305
0.000624208
0.000389318
3.93971e-19
0.000810189
0.00116997
0.00103922
3.27736e-34
0.00123512
0.00116873
0.00103309
0.000818077
0.000436132
0.00124371
0.000498982
3.93922e-19
0.00084709
0.00117029
0.0010241
4.35667e-20
0.00124776
0.00118745
0.00103868
0.000626396
0.000839863
0.000318924
0.00124126
0.000745226
0.000384569
3.32552e-34
0.0011559
0.000945007
3.26681e-34
0.00124047
0.00115417
0.00101978
0.000508762
0.000784546
0.00124707
0.000576653
0.000330362
7.97025e-19
0.00121695
0.00107237
0.000841837
0.000379585
3.26123e-34
0.00117505
0.00125133
0.00100269
0.000717639
0.000608854
0.000334048
7.95169e-19
0.00125176
0.0011746
0.00104839
0.000894325
0.000486639
-5.64292e-20
0.00122537
0.00111994
0.000872702
0.00121914
0.000345208
0.00069281
0.000590014
0.000337402
8.02026e-19
0.00125344
0.00122944
0.00111264
0.000894795
0.000695705
3.24947e-34
0.00116161
0.000979963
0.00121551
0.000421286
0.00102432
0.000686754
0.000391833
3.32019e-34
0.00125241
0.00123593
0.000974487
0.00113632
0.000791674
3.24329e-34
0.00115754
0.00121813
0.000458322
0.0010084
0.000767743
0.000501201
3.93922e-19
0.00125125
0.00124195
0.00117181
0.00103099
0.00117406
0.000788471
4.35667e-20
0.000448401
0.00102591
0.000843974
0.000447207
0.000757202
-4.25458e-19
0.00124414
0.00124511
0.00117387
0.00101921
0.00116795
0.00080529
3.23033e-34
0.000524528
0.00102771
0.000817087
0.000325035
0.000618848
3.50153e-19
0.00124291
0.00124492
0.00117322
0.00102751
0.00117076
0.000829411
0.000302759
3.22354e-34
0.000603395
0.00103413
0.000862505
0.000347923
0.000637163
6.56537e-20
0.00123979
0.00125208
0.00118583
0.00105043
0.00116783
0.000812771
0.000420695
3.21656e-34
0.00104607
0.000839603
0.00102479
0.000345217
0.00061889
-2.18846e-20
0.00123428
0.00123077
0.00125345
0.00115252
0.00116595
0.000717068
0.000965601
0.000379921
4.35667e-20
0.00101945
0.000831437
0.00031971
0.000583053
3.30215e-34
0.00124497
0.0012323
0.00111592
0.00116554
0.00094745
0.000678462
0.000341083
-4.35667e-20
0.000600732
0.00103796
0.000930685
0.000672874
0.000336059
-5.03345e-19
0.00123486
0.00124676
0.00116354
0.0011482
0.000853826
0.00104385
0.000348121
3.19441e-34
0.000701616
0.00103257
0.000790087
0.000418555
3.29346e-34
0.00124588
0.00117015
0.00123946
0.00119382
0.000999133
3.18663e-34
0.00032601
0.000531297
0.000843057
3.92636e-35
0.000105954
8.33377e-20
0.000324122
0.00056463
0.000948426
0.00111668
0.000672717
-3.34706e-19
0.00125221
0.00115735
0.00123225
0.00122637
0.00105431
3.17864e-34
0.000878282
7.20622e-35
0.000105659
0.00010606
3.27413e-20
0.000481319
0.000325497
0.000656102
4.19482e-35
0.000105789
0.00115122
0.000828717
0.00103058
-4.37691e-19
0.00125233
0.00119104
0.00123873
0.00105898
3.17046e-34
0.000841705
-2.02107e-20
0.000106064
-1.34813e-20
0.000557288
0.000445274
1.01119e-34
7.20919e-35
0.000105977
0.00010607
0.000320075
0.00116814
0.000850573
0.0010365
-3.26804e-19
0.00124794
0.0011839
0.00124086
0.00105163
3.16207e-34
0.000672536
0.000946223
1.44141e-34
4.62806e-21
0.00010604
0.000627683
0.000324738
1.79405e-34
1.44661e-34
0.000105852
0.000332027
1.89456e-34
0.000105932
0.00117707
0.000874325
0.00105452
1.96815e-20
0.00123686
0.00124846
0.00114999
-4.35667e-20
0.000414366
0.000777411
0.0010604
6.24099e-21
0.000106014
1.20214e-20
0.000630857
0.000106054
1.44929e-34
0.00033513
-2.34448e-20
0.000105949
0.000106062
0.0009163
0.0011996
0.00106827
0.000883858
3.26589e-34
0.0012195
0.00125323
3.14471e-34
0.000550866
0.00113661
1.44141e-34
0.000106038
2.02836e-15
0.000648323
1.45064e-34
0.000416044
-5.25209e-20
0.000105991
0.000791478
0.00102583
0.000106048
0.000106048
0.000324965
0.00119093
0.00125077
0.00105325
0.000834607
-4.59581e-19
0.00123824
3.13574e-34
0.00061385
0.00117645
-1.11961e-20
0.000106037
-3.96795e-14
9.90743e-22
0.000646026
0.000335437
8.07067e-17
0.000106005
0.000902956
0.00110627
0.000370444
0.000106043
0.000106069
0.0011836
0.00124932
0.00103741
0.000870311
3.25258e-34
0.00123527
-4.35677e-20
0.000732797
-6.6749e-21
0.000106064
-3.63414e-13
1.44001e-34
0.000616216
0.000333365
-5.37102e-15
0.000106037
0.00100276
0.00116873
0.000468007
0.000106026
0.00116182
0.00124726
0.00105052
0.000858274
3.24549e-34
0.00123858
3.11729e-34
0.000868832
2.8854e-21
0.000106066
7.71846e-12
-6.56071e-19
0.000619241
0.000334804
-1.34275e-14
0.000106014
0.00112594
0.000647086
0.000320856
0.00010603
0.00122323
0.00118391
0.00125226
0.00104733
0.000856606
-3.03135e-19
0.00122954
3.10789e-34
0.000806697
0.0010036
-9.01134e-21
0.000106054
2.62952e-11
-1.07237e-20
0.000615856
0.000332467
2.20502e-12
0.000106019
0.00114228
0.000456979
0.00125061
0.001177
0.00104393
0.000853215
-1.98407e-20
0.00123068
0.000343832
4.07887e-20
0.000986049
0.000713032
1.09339e-20
0.000106087
1.57934e-34
1.5955e-21
0.000611944
0.000327966
2.78473e-12
0.000106015
0.0011455
0.00123722
0.00125101
0.00117085
0.00104221
0.000851237
5.90635e-19
0.00120325
0.000334226
0.000603327
-4.02378e-20
0.00107515
0.000876787
5.22054e-21
0.000105905
5.05765e-09
-2.32977e-21
0.000609891
0.000324118
1.51301e-34
0.000106024
0.0012448
0.00124291
0.00118023
0.00104636
0.000850183
1.97079e-19
0.00115072
0.000688278
0.000383976
-4.35919e-20
0.000958129
1.44453e-34
0.000106097
3.07796e-34
-3.57557e-22
0.000598941
0.000308646
0.000106015
2.23845e-09
0.00124755
-5.09679e-20
0.00123765
0.0011804
0.0010434
0.00082499
-2.23178e-19
0.00115391
0.000989567
0.000734189
0.000415757
1.39485e-34
0.000101025
4.58424e-34
8.04689e-21
0.000526384
0.000106064
3.06749e-34
0.00124761
0.000375364
3.05766e-34
0.00124019
0.00118203
0.00103246
0.000847401
0.000311651
2.18815e-20
0.00100638
0.00117663
0.000757118
1.21683e-34
9.05402e-05
6.23514e-07
1.39329e-34
0.000639934
0.000100856
4.57189e-34
0.00124919
0.000347251
0.000631704
3.03954e-34
2.39544e-34
0.00106355
0.00124914
0.00114774
0.00122928
0.0010353
0.000856595
0.00052362
5.06585e-19
0.000870631
0.00118833
1.03414e-34
6.57084e-05
7.73585e-05
5.56595e-19
9.58938e-05
7.99286e-05
6.22042e-07
0.000366851
0.000653406
3.00435e-34
4.15331e-05
4.42908e-07
0.00105041
-2.71531e-19
0.0012497
4.00514e-05
0.00124873
0.00117856
0.00104347
0.000809223
0.000472347
0.00087635
0.00118665
4.11158e-35
6.98526e-05
6.47752e-05
3.0736e-20
6.34073e-05
7.99351e-05
2.38646e-34
0.000351633
0.000673549
2.92825e-34
2.65196e-07
0.00106147
4.96008e-19
0.000321045
0.00124761
2.58753e-05
5.93294e-05
4.26534e-05
0.00125682
0.00116911
0.00102866
0.000842123
0.000621955
0.000942961
0.00118756
-7.07248e-21
5.24519e-05
7.22753e-05
-6.08909e-20
6.37712e-05
6.76996e-05
3.55253e-05
4.22715e-07
0.000324488
0.000623229
2.75566e-34
6.451e-08
0.000352484
1.99594e-20
0.00124543
2.2316e-05
3.85453e-05
9.18738e-05
6.36042e-05
2.40114e-34
2.53797e-34
0.000792602
8.56817e-05
5.44051e-05
0.00127222
0.00111659
0.000909269
0.000680311
0.00101607
0.0011311
0.0012568
1.60821e-34
0.00011045
0.000125991
4.4223e-05
4.20576e-20
6.89411e-05
7.14491e-05
1.97243e-07
3.43794e-05
0.000489558
0.000279867
1.30136e-34
0.000352702
-2.02283e-19
0.00125138
5.25895e-05
0.000161525
0.000125047
3.41141e-34
0.000517333
0.000972646
0.000802114
0.000109641
0.000158212
4.22409e-05
6.89228e-05
7.1173e-05
0.000222706
5.29022e-05
0.00129964
0.000991237
0.00120805
0.000684217
0.00103322
0.00120161
0.00132293
0.000324882
0.000279418
0.000111335
9.6798e-05
-1.1285e-20
0.000113994
5.75527e-08
2.32513e-05
0.00065329
1.38609e-07
7.42916e-05
0.000311983
0.000227298
2.42604e-34
0.000588792
0.000744452
0.000974173
0.000167527
0.000252458
2.92281e-05
0.000132852
0.000109302
0.000398882
0.00010413
5.43691e-05
0.000977764
0.00131768
0.000953829
0.00116587
0.0006281
0.000992235
0.00127089
0.00139947
0.000681832
0.000376994
0.000534298
0.000286098
0.000190492
0.000313254
0.000212566
1.52923e-34
4.48392e-07
0.000108159
0.000395384
1.84957e-34
0.000827034
0.000673433
0.000826428
0.000273422
0.000383059
0.000190895
0.000256637
0.000168174
8.5457e-05
0.000870343
0.000981342
0.000984908
0.001252
0.00138505
0.00121439
0.000913221
0.000582687
0.00104739
0.00144054
0.00151248
0.000809749
0.000583595
0.000375261
1.31519e-07
0.000196697
1.35718e-06
0.000618853
0.000330675
1.50924e-34
0.000803561
0.000903992
0.000477245
0.000266594
0.000342942
0.000413269
0.000119531
0.000907402
0.000913628
0.000988463
0.00141275
0.000992048
0.000876586
0.00141031
0.00117961
0.000912373
0.000618781
0.001206
0.00161466
0.00160388
0.000775901
6.69523e-07
0.000366907
3.58004e-34
0.000742364
0.000538035
0.000281659
1.28291e-34
0.000938385
0.000135116
0.0002964
0.000541187
0.000955175
0.000942401
0.00162072
0.000959153
0.000995754
0.00092116
0.000858737
0.00134371
0.00093654
0.00106188
0.00149374
0.0017717
0.00165884
0.000511215
1.6044e-06
2.93336e-06
0.000791359
0.0005775
0.000301542
1.62775e-20
0.00095784
0.000377229
0.000773265
0.000978573
0.00179957
0.000977272
0.000999907
0.0009151
0.00116599
0.00115549
0.00100559
0.00114461
0.00101359
0.000994405
0.00125481
0.000937835
0.00152131
0.00188081
0.00157232
7.39817e-34
3.49582e-34
0.000720737
0.000877093
0.000509583
-9.85537e-18
0.000260734
0.000987772
0.000961126
0.000602987
0.00187601
0.000999832
0.00117649
0.00122533
0.00120768
0.00102073
0.00118875
0.00113276
0.00105436
0.00102259
0.00101163
0.00104295
0.00108658
0.00123952
0.00107216
0.00123288
0.00119796
0.00105604
0.00118722
0.00103233
0.000894915
0.000783932
0.00153528
0.00197636
0.00180003
0.00139572
6.87357e-34
2.79506e-06
0.00065133
0.000830767
0.000937145
0.000364242
3.98903e-19
0.0010222
0.000994712
0.000989582
0.0019527
0.00103766
0.00123235
0.00120984
0.00120854
0.00118094
0.00118003
0.0011199
0.00106642
0.00109454
0.00111178
0.00115428
0.00109813
0.00130774
0.0013117
0.00124416
0.00113733
0.00129785
0.00122188
0.00124919
0.0012091
0.0012707
0.00126296
0.00134365
0.00131085
0.00110858
0.00129302
0.00128642
0.00128059
0.00136486
0.00135887
0.00135314
0.00134806
0.00125962
0.00133935
0.00125114
0.00133348
0.0013234
0.00124792
0.00130086
0.00130934
0.00115455
0.000726652
7.62333e-34
0.000989015
0.00167855
0.0020099
0.00181966
0.00137177
-5.66563e-10
0.000593332
0.000782958
0.000924493
1.91682e-34
0.00038045
0.00105363
0.00102972
0.000993888
0.00198189
0.00123179
0.00119271
0.00122655
0.00116916
0.00117421
0.00108582
0.00109604
0.00111109
0.00112289
0.00113127
0.0011548
0.0012975
0.00129903
0.0013107
0.00129325
0.00128981
0.00125473
0.00131707
0.00126667
0.00139321
0.00137415
0.00135468
0.00134533
0.00133422
0.00133305
0.00127552
0.00137095
0.00140921
0.00142297
0.00141069
0.00139179
0.00131317
0.00125672
0.0014032
0.00131553
0.00125403
0.00138598
0.00130639
0.00113254
0.00114484
0.00146368
0.00137898
0.00145869
0.00145385
0.0012661
0.00140599
0.0013906
0.00127088
6.85802e-34
0.000882807
0.00124422
0.0018279
0.00204173
0.001946
0.00164183
5.26235e-10
0.00083379
0.000667132
0.000915566
-7.07961e-20
0.000367908
0.00107449
0.00103275
0.00125515
0.00121027
0.00118053
0.00124343
0.00115701
0.00111672
0.0011254
0.00112274
0.00128798
0.00127904
0.00129066
0.0012702
0.00127086
0.00130204
0.00129949
0.00132671
0.00130935
0.00137766
0.00135247
0.00136191
0.00132566
0.00134186
0.00131497
0.00132542
0.00143909
0.00139266
0.00138428
0.00140976
0.0013126
0.00137823
0.00129829
0.0013016
0.00115491
0.0014674
0.00152403
0.00151075
0.00144982
0.00150809
0.00141636
0.00146931
0.0014557
0.00133279
0.00147309
0.00150062
0.00149619
0.00144561
0.00142738
0.00147972
0.00147601
0.00143588
0.00143691
0.00150406
0.00150223
0.00147037
0.00143271
0.00142309
0.00149908
0.00149761
0.00149466
0.00143017
0.00149279
0.00149034
0.00148734
0.00148393
0.0014406
0.0015422
6.14997e-10
0.0010246
0.00154722
0.00198587
0.00202833
0.00169717
2.80386e-11
0.00093892
0.000450871
0.000803913
0.00103196
-1.66748e-18
0.00111376
0.00127057
0.00118312
0.00123775
0.00114965
0.00115169
0.00129499
0.00128598
0.00129919
0.00131637
0.00131123
0.00130395
0.0013068
0.00138627
0.00138091
0.001361
0.00134326
0.00137789
0.00132689
0.00131874
0.00142213
0.00142928
0.00140822
0.00139928
0.00140237
0.00130438
0.00116599
0.00152443
0.00150669
0.00150786
0.00148585
0.00149464
0.00148
0.00144504
0.0014587
0.00145138
0.00152341
0.00156724
0.00155206
0.00148521
0.00153513
0.00153306
0.00148769
0.00148744
0.00147632
0.0014783
0.00143355
0.00144018
0.00155754
0.00155708
0.00150619
0.0014921
0.00156471
0.00154329
0.00154432
0.00153872
0.00152725
0.0015232
0.00141652
0.00142543
0.00143025
0.00150963
0.00149226
0.00144694
0.00149932
0.00146074
0.00147495
0.00141115
0.00147936
0.000984374
0.00141396
0.00150883
0.00142336
0.00148302
0.00150812
0.00142766
0.0014863
0.00148927
0.00144371
0.00144973
0.00151022
0.00146454
0.00150385
2.37578e-12
0.00146966
0.00140804
0.00150731
0.00150933
0.00146998
-7.11491e-10
0.000992126
0.00167776
0.0020302
0.00200646
0.00164536
0.000998468
0.000522854
1.62625e-18
0.000893559
0.00108905
0.00116309
0.00129343
0.00128255
0.00122878
0.0011942
0.00118393
0.00130336
0.00131389
0.00130715
0.00138214
0.00138971
0.00137286
0.00135704
0.00133404
0.00132082
0.00143169
0.00144941
0.00140454
0.00142027
0.0015108
0.00149855
0.00151081
0.00151261
0.00148167
0.0014907
0.00147332
0.00146769
0.00146147
0.00151192
0.00154233
0.00154433
0.00154383
0.00153403
0.00152197
0.00147581
0.00147295
0.00146004
0.00150037
0.00149097
0.00148697
0.00155797
0.00154349
0.00154306
0.00147407
0.00153174
0.00152596
0.0015288
0.00141886
0.00146745
0.00146941
0.00155516
0.00149542
0.00153374
0.00148566
0.00154608
0.00145771
0.00152758
0.00154159
0.00146229
0.00145826
0.00155297
0.00156001
0.0014752
0.00142115
0.0015603
0.00155744
0.00154151
0.00148785
0.00145239
0.00156305
0.00151073
0.00153349
0.00156192
1.88032e-14
0.000940604
0.00140477
0.00147181
0.00155839
0.00151013
0.0014755
0.00139778
0.00133987
0.0013736
0.00151086
0.00139335
0.00151065
0.00140144
0.00130969
0.00134766
0.00135611
0.00136511
0.00138086
0.00138751
0.00145499
0.00127531
9.83283e-11
0.000983244
0.00171437
0.00198864
0.00204106
0.00169114
0.000517038
4.74179e-34
0.00111656
0.000951028
0.0011982
0.00130717
0.00130484
0.00124332
0.00122756
0.00131657
0.00138333
0.00140977
0.00136443
0.00133021
0.00144052
0.00145039
0.00151308
0.00150249
0.00148864
0.00151224
0.00148096
0.00147295
0.00146386
0.00152489
0.00154406
0.0015486
0.00154802
0.00153825
0.00147819
0.00148588
0.00146889
0.00147115
0.00145167
0.001543
0.0015484
0.00154732
0.00147497
0.00153254
0.00152878
0.00147832
0.00144765
0.0014764
0.00154908
0.00153468
0.00152055
0.00152476
0.00147757
0.00152884
0.00154604
0.00152735
0.00150284
0.00152081
0.00152905
0.00145216
0.00154666
0.0015465
0.00152823
0.00153793
0.00149602
0.00155252
0.00154898
-3.08837e-15
0.000913667
0.00153307
0.00146997
0.00154902
0.00154289
0.00144548
0.00139879
0.00133181
0.00142463
0.0014336
0.00139625
0.00141326
0.00142491
0.00129285
0.00131465
0.0013232
0.00146745
0.000718906
2.65996e-11
0.000964003
0.0019246
0.00194945
0.00159264
0.00205379
5.14528e-34
0.00111222
0.00124125
0.00132584
0.00132869
0.00129235
0.00140055
0.00144255
0.00134391
0.00137818
0.00145925
0.00151962
0.00148408
0.00151337
0.00149959
0.0014711
0.00152941
0.00154733
0.00154642
0.00153628
0.00147711
0.0014774
0.00148431
0.00147571
0.00146455
0.00154794
0.0015473
0.00145785
0.00145565
0.00154912
0.00155379
0.00154529
0.00152912
0.00153166
0.001498
0.00154162
0.00154934
0.00152212
0.0015127
0.00153438
0.00144905
0.00155015
0.00154728
0.00154826
1.4544e-17
0.000956553
0.00161562
0.00142442
0.00138555
0.00137964
0.0013692
0.00140564
0.001413
0.0014252
0.00139014
0.00136979
0.00130642
0.000783627
0.00152879
0.00154732
-1.6935e-12
0.000930434
0.00201262
0.00159284
0.0019716
5.76109e-34
0.00117224
0.001317
0.00136725
0.00136628
0.00142591
0.00147065
0.00146039
0.00141185
0.0015181
0.0014829
0.00150175
0.00153328
0.00154432
0.00154835
0.00147434
0.0014843
0.00150712
0.00146425
0.00145885
0.00154684
0.00154778
0.00145306
0.0015481
0.00155103
0.00152853
0.0015365
0.00154296
0.00155009
0.00152231
0.0014331
6.01574e-20
0.00103586
0.00167043
0.00137942
0.00138848
0.00136346
0.00140775
0.00142019
0.00136583
0.00134862
0.00129855
0.000801317
0.00154855
0.00126587
0.00129068
0.00123274
0.00127477
0.00124
0.00124752
0.00128276
0.0013132
0.00125626
7.65843e-15
0.000925548
0.00200209
0.00202128
0.00162691
-9.7526e-19
0.00129562
0.00141976
0.00143061
0.001469
0.00148877
0.00152299
0.00154898
0.00155163
0.00154969
0.00147878
0.00146913
0.00149953
0.00152191
0.00145613
0.00143404
0.00155028
0.00153605
0.00153665
0.00155064
6.07205e-34
0.00094141
0.00175474
0.00157779
0.00136111
0.0013894
0.00137141
0.00141139
0.00136716
0.00134671
0.00134716
0.00107526
0.00132433
0.00135309
0.00130041
0.00129545
0.00122521
0.00132943
0.00130899
0.00130539
0.00132482
0.00121862
1.94982e-20
0.00134789
0.00149695
4.83933e-19
0.00100805
0.00168322
0.00201007
0.00198319
0.00102627
0.00149831
0.00150568
0.00152801
0.00155208
0.00155925
0.00155335
0.00148336
0.00146199
0.00152094
0.0014402
0.00141927
0.00153375
0.0015448
0.00103063
0.001661
0.00135446
0.00139547
0.00137048
0.00134358
0.00149699
0.00129938
0.00130704
0.00127228
0.00127725
0.00126669
0.00128492
0.00130986
0.0012122
0.00134227
0.00156604
0.00120506
-5.5087e-19
0.000995228
0.00163532
0.00199976
0.00196002
0.0016834
0.0017187
0.00162325
0.00157673
0.00155814
0.00147215
0.00150344
0.00143658
0.00153756
0.00141081
0.00134757
0.00137065
0.00130637
0.00128129
0.00125614
0.00127788
0.0012867
0.00126443
0.00130428
0.00131513
0.00162816
0.00127833
0.00119676
0.00134347
0.00090421
1.26477e-19
0.00171928
0.00193178
0.00188506
0.00173551
0.00157554
0.00153304
0.00147287
0.00140999
0.00138034
0.00131671
0.00130726
0.00126958
0.00125808
0.0012757
0.0012889
0.00126499
0.0016175
0.00127138
0.00118637
0.00132939
0.00115414
0.0011725
0.00126712
0.00107354
9.23739e-34
0.00160098
0.00179802
0.00166865
0.00151743
0.00144863
0.0013652
0.00129625
0.00126236
0.00124744
0.00127376
0.00126189
0.00152869
0.00125687
0.00130095
0.00121895
0.00113115
0.000995429
7.97885e-34
0.00149798
0.00141061
0.00132274
0.00126907
0.00124031
0.0011987
0.00124149
0.00140007
0.00125947
0.00119218
0.00120395
0.00110662
0.00108349
0.00120451
0.000911138
2.32127e-18
0.00123958
0.00131269
0.00125541
0.00121369
0.00118999
0.00122679
0.00122234
0.00121116
0.00119655
0.0011795
0.00115557
0.00106717
0.00119839
0.000862341
-1.91294e-18
0.00116716
0.0012069
0.0011793
0.00119033
0.00116986
0.00116596
0.00113438
0.00114929
0.00105437
0.00117162
0.000901517
-3.06436e-20
0.000519308
0.00116441
0.00117313
0.00105051
0.00115386
0.00113927
0.00114032
0.00115758
0.00104206
0.000650326
2.78058e-34
0.00110034
0.00114435
0.00113914
0.000918474
0.00113893
0.00113654
0.00110582
0.00103119
0.000832993
0.000504894
2.97587e-34
0.00109645
0.00102437
0.00111728
0.00111644
0.00110372
0.00102243
0.000944688
0.000709215
0.00101348
0.000365154
2.77762e-34
0.00108996
0.001051
0.00107241
0.00104228
0.000982545
0.000837355
0.000606753
0.00100621
0.000334333
1.53592e-20
0.00107028
0.00105479
0.00102418
0.00104578
0.00101869
0.000959762
0.000841658
0.000636826
0.000995482
0.00100058
0.00100778
0.000396828
2.15233e-34
0.00102641
0.000998721
0.00102134
0.000948584
0.000682818
0.00086047
0.000973546
0.000993055
0.000995824
0.00100073
0.000575055
0.000316508
1.78168e-34
0.000995476
0.000973818
0.000914498
0.000782863
0.000967175
0.000992005
0.000985151
0.000943679
0.000680263
0.000455266
0.000237572
1.54906e-34
0.000963149
0.00085367
0.000968673
0.000949425
0.000988463
0.000908275
0.000544595
0.000770519
0.000278124
1.64342e-34
0.000946566
0.000922365
0.00093319
0.000984908
0.000860202
0.000758651
0.000312344
0.000584174
-1.0964e-20
0.000897649
0.000906003
0.000851127
0.000981342
0.000722226
4.12924e-20
0.000441248
0.000977764
0.000835025
0.000830136
0.00069911
9.40292e-20
0.000576534
0.000974173
0.000741525
1.63313e-16
0.00050827
0.000972646
2.65046e-34
