0.0012408
0.00126173
0.000379892
0.00122103
0.00115874
0.0011135
0.00128544
0.00118283
0.000337808
0.000426719
0.000229143
0.000280945
0.00111572
0.00120053
0.00143639
0.001098
0.000948315
0.000999514
0.00104808
0.00145372
0.00149149
6.86943e-05
0.000103407
0.000137967
0.00115121
0.00146845
0.000174061
0.000217723
0.00120739
0.000281983
0.00141334
0.0014808
8.13317e-05
0.00110817
0.00118286
0.00106744
0.0010737
0.00131217
0.00119767
0.000183238
0.000489149
0.000319296
0.000250887
0.000214087
0.00106423
0.00117724
0.00134474
0.000999775
0.000885663
0.00086543
0.000794753
0.000933588
0.00133741
0.0013991
0.00139865
0.00150107
-7.94496e-05
3.44816e-05
-8.27841e-05
7.77229e-06
2.84942e-05
0.0010703
0.00137177
0.000125794
0.0012663
0.00113954
0.0013082
0.00137773
9.29769e-05
1.98401e-35
0.000648096
0.00150846
0.00151086
0.00142875
0.00150991
0.000566426
0.00139788
0.000727857
0.00150207
0.000808448
0.00149367
0.00136821
0.00132573
0.00147885
0.00145677
0.00134001
0.0014134
0.00139272
0.00150706
0.00108961
0.00118078
0.00122483
0.00119299
0.00106091
0.00121644
0.000134346
0.000409871
0.000394672
0.000309988
0.000286265
0.000195317
0.00103649
0.00102779
0.00114662
0.00133535
0.000994748
0.00104638
0.000708813
0.00084084
0.000912064
0.000753759
0.0013491
0.00132081
0.00138711
0.0014017
0.001386
-6.33013e-05
-9.3652e-05
-0.000120508
1.3631e-05
0.00109265
0.00119601
0.00115249
0.00127181
0.00125375
0.000148128
-4.0036e-20
0.000508888
0.00141735
0.00141727
0.0013343
0.00130585
0.00128043
0.000626009
0.00138816
0.00138424
0.0013877
0.00124361
0.00135789
0.00141692
0.00137378
0.00142322
0.000692616
0.000392114
0.00115393
0.00108891
0.00109173
0.00122452
0.00121887
0.00122672
0.00121908
0.000160306
0.000182435
0.000474045
0.000490981
0.000317226
0.000262221
0.000979348
0.000964678
0.00102712
0.00110339
0.0013611
0.00130092
0.00100989
0.00107244
0.00112422
0.000633329
0.000910722
0.000826818
0.00072669
0.00141446
0.00137544
0.00134755
0.00141961
0.00141241
-7.2287e-06
6.47715e-05
-2.60931e-05
-8.41209e-05
-0.000126735
0.00122293
0.00119921
0.000146332
-3.22868e-20
0.00134599
0.00128048
0.00138303
0.00137706
0.00145963
0.0014016
0.00141427
0.000475919
0.00037957
0.00139244
0.00113429
0.00121286
0.00106545
0.00108498
0.00127063
0.00124687
0.000121429
0.000180354
0.000643058
0.000518783
0.000319695
0.000240424
0.000900287
0.000928154
0.000952157
0.00098223
0.0010423
0.00133619
0.00130734
0.00135616
0.00124928
0.000996526
0.00117551
0.0010684
0.00087667
0.000753769
0.00141521
0.00140234
0.00137266
0.00143298
-1.26785e-05
5.59705e-05
-8.94654e-05
1.2098e-20
0.00138578
0.00133134
0.00140681
0.00144317
0.00139645
0.000451699
0.00119721
0.0010928
0.00125485
0.00100693
0.0013025
0.000143285
6.14928e-05
0.00067557
0.000578469
0.000509118
0.000341085
0.000438807
0.000179518
0.000286559
0.000796304
0.000813488
0.000963597
0.00086229
0.000906268
0.00130083
0.00135412
0.00123369
0.00097531
0.00115043
0.000781268
0.00140461
0.00141909
0.00138432
-6.79591e-06
-5.30002e-05
-5.55296e-35
0.00138678
0.00139523
0.0014421
0.00122423
0.00110201
0.0010186
0.00137623
0.00131208
0.000862592
0.000109503
0.000666084
0.000527076
0.000442809
0.000269732
0.000619267
0.000695475
0.000688676
0.000878198
0.000708312
0.00121829
0.00133639
0.00136397
0.000840809
0.00105999
0.00140983
5.77234e-07
1.92378e-21
0.00140017
0.00143593
0.00122292
0.00103124
0.000927275
0.00139877
0.00135853
0.000680651
0.000603229
0.000176705
0.000728169
0.000600223
0.000457059
0.000578439
0.000483973
0.000789656
0.000523138
0.000542563
0.00110696
0.00129445
0.00139145
0.000888215
6.78202e-05
3.38603e-21
0.00142419
0.00135217
0.00121881
0.000757124
0.00104387
0.0014059
0.000362861
0.000351613
0.000319456
0.000795146
0.000622695
0.000482546
0.000697699
0.000381977
0.000326137
0.000279822
0.000253034
0.00114597
0.00134857
0.00018461
1.37882e-34
0.00142504
3.5413e-34
0.00135563
0.00128227
0.00140142
0.000447205
0.000785409
0.00108572
0.000156571
4.26504e-05
0.000103112
0.000592827
0.000917481
0.000599105
0.000483424
0.000244409
0.000185146
9.28258e-05
5.35389e-05
8.7507e-05
0.00119998
0.000312408
2.65216e-34
0.00141235
0.00098983
-7.63866e-12
0.000487424
0.00130779
0.000974194
0.0013313
0.00141629
0.00036024
0.000697665
0.00109706
8.21567e-06
-8.89827e-35
-3.02601e-20
3.13256e-20
0.000752987
0.00103256
0.00036029
0.000112346
-7.23143e-05
-0.00012907
-2.48008e-06
-5.90701e-05
0.000498225
0.000336328
-1.43523e-20
0.00138705
0.000696893
-9.23276e-12
0.000520695
0.00123912
0.000797991
0.000977794
0.000378305
0.00129955
0.00140437
0.000243882
0.000787767
0.000308303
0.00108502
-1.62577e-18
3.88048e-19
0.00106322
0.000881563
0.000253487
-0.000149977
-3.67187e-34
-5.79122e-05
0.000163411
0.000697029
0.000420664
-1.14848e-20
0.00139392
0.00128793
0.000851488
0.000701249
-1.05365e-11
0.00086842
0.000981383
0.000325128
0.000599946
0.000567374
0.00044697
0.00128213
0.00138009
0.000817878
3.08393e-20
0.000395636
-1.18894e-19
0.001095
0.00114713
0.00098598
8.1599e-05
-1.69794e-35
0.000749493
0.000400241
3.49766e-20
0.00138623
0.00132627
0.000796978
0.00090218
-1.0071e-11
0.000932489
0.000904248
0.000984959
0.000527968
0.000283353
0.000689392
0.00040006
2.48396e-34
0.00037582
1.94661e-34
0.000988523
0.000783079
0.00123196
0.00135935
0.000688236
0.000990653
0.000355036
1.27623e-19
0.00123872
0.00115114
0.000984967
0.000703459
0.000355831
1.12433e-20
0.00135905
0.000873682
0.000949111
0.000932417
-3.47346e-12
0.000930929
0.000488914
0.000668778
0.000295784
0.000415754
-2.24616e-20
0.000417497
5.35006e-34
0.000938248
0.000992121
0.000811203
0.00131389
0.00115363
0.00136246
0.000880806
0.000522693
9.01162e-20
0.00131082
0.00122099
0.00110181
0.00088769
0.000560091
1.17248e-20
0.00039748
0.000906469
0.000966684
0.00097356
0.00095925
-3.235e-12
0.000540161
0.000725182
0.000276487
0.00039418
0.000382948
0.000446416
4.99111e-34
1.92494e-08
0.000962074
0.000995869
0.000847073
0.00129147
0.00109393
0.00135119
0.0013333
0.000787322
0.000373493
-2.09975e-19
0.00125705
0.00109173
0.000819632
2.75367e-34
0.000510998
0.000935931
0.000992936
0.000994974
0.000986129
-1.0369e-11
0.000430912
0.000677673
0.000387947
7.90418e-34
0.000395225
5.34506e-34
0.000979752
0.00100011
0.000823329
0.00125789
0.00107438
0.00115057
0.00116566
0.00121235
0.00120611
0.0012004
0.00119453
0.00100537
0.00118722
0.0011771
0.00133688
0.00130502
0.0013418
0.000860315
0.000495121
1.20594e-19
0.00125793
0.0010978
0.000891664
0.000401811
2.65585e-34
0.000758131
0.000916525
0.000979272
0.0010009
0.00102012
0.00102354
0.000357686
-3.9789e-11
0.000627422
0.000400158
8.56654e-34
5.58544e-34
0.000804209
0.00125029
0.00109905
0.00129488
0.00112874
0.00136515
0.00122055
0.0013529
0.00135005
0.0013472
0.00134099
0.00101308
0.00101425
0.00133108
0.00134313
0.00131864
0.00124758
0.00137848
0.00136463
0.0013455
0.00123224
0.00132329
0.0013025
0.00128713
0.00127506
0.00138859
0.00126206
0.000371424
0.00147417
0.00133656
0.000661767
0.000927654
0.000339899
2.49657e-34
0.00124316
0.0010503
0.000732726
-1.92849e-20
0.00089498
0.00101472
0.00104754
0.00105972
0.00106348
0.000640902
0.000360764
-8.61853e-11
0.000360842
-1.45784e-20
2.70825e-06
0.00127401
0.00114864
0.00131395
0.00130345
0.00109974
0.00137617
0.00139105
0.00138291
0.00137058
0.00137016
0.00136167
0.00136476
0.00134582
0.00102623
0.00133296
0.00134584
0.00127619
0.00137048
0.00147999
0.00147207
0.00143494
0.00140311
0.0013927
0.00138304
0.00138911
0.00147647
0.00139643
0.000578627
0.00149038
0.00147981
0.0014042
0.00145782
3.37101e-34
0.00146924
0.00146345
0.00143751
0.00142952
0.00142152
0.00141297
0.00106919
0.00104534
0.0012372
0.00145196
0.00133857
0.00066776
0.000925517
0.00111007
0.000356831
2.42004e-34
0.00126304
0.00113557
0.000924021
0.000321428
2.32266e-34
0.000932347
0.000689003
0.00105805
0.00109963
0.00110662
0.000358368
-1.44862e-10
0.000274355
0.000279328
4.17505e-34
0.00127318
0.00126844
0.00126596
0.00129724
0.00128996
0.00137104
0.00139114
0.00134598
0.00133117
0.0013292
0.00132261
0.00131396
0.00115696
0.0012984
0.00135101
0.00147379
0.00149264
0.00139758
0.0013878
0.00140366
0.00149238
0.00148649
0.000877193
0.000602966
0.00146099
0.00148463
0.00147472
0.00155364
0.00152571
0.00145201
4.24549e-21
0.00154153
0.001515
0.00150815
0.00152008
0.00144526
0.00150748
0.00150125
0.00121264
0.00128663
0.00143333
0.00138031
0.00150692
-1.60468e-20
-1.43793e-20
0.00137467
0.00121977
0.00135658
0.000664185
0.0011732
0.000925066
2.31622e-34
0.00033638
0.00128003
0.00112723
0.000388974
0.000705257
0.000957051
0.00111866
0.00115928
0.000373547
-2.49902e-10
0.000246844
0.000237782
1.75483e-06
0.00132598
0.00126995
0.00128917
0.00130474
0.00130601
0.00138213
0.00134382
0.00134007
0.00132405
0.00132082
0.0014559
0.00146429
0.00146142
0.00136241
0.00136822
0.00150534
0.00108173
0.000790991
0.00145746
0.00148893
0.00155692
0.00154552
0.00153926
0.00153327
0.00148764
0.00150751
0.00155358
0.00150702
0.0014962
0.00147464
0.00145096
0.00140355
0.00150793
0.001506
0.00156099
0.000295166
0.00136255
0.0012684
0.00122163
0.00149965
0.00149659
0.00150769
0.00151069
0.00150989
0.00150153
0.00150892
0.00149244
0.0014995
0.0014773
0.00150228
0.0015051
0.00149753
0.00130237
0.00150503
0.00150414
0.00150986
0.00151081
0.00150299
0.00149522
0.0013608
0.000189867
0.00155219
0.00137199
0.000567803
0.00111269
0.00128471
0.000838382
2.15429e-34
0.00129529
0.000637125
0.000657469
0.00104612
0.00119777
-5.82558e-10
0.000312873
0.000457714
5.21889e-34
0.00129435
0.00132228
0.00132186
0.00137347
0.0013779
0.00136823
0.00134829
0.00136058
0.00133718
0.00147201
0.00148747
0.00146237
0.00138203
0.000986968
0.00124794
0.00155609
0.00153402
0.00152528
0.00150528
0.0015384
0.00150005
0.00148302
0.00147195
0.00143805
0.00156666
0.00155995
0.00154153
0.00154762
0.00128194
0.0015646
0.00155348
0.00149333
0.00157098
0.001575
0.00158031
0.0015769
0.00156847
0.00155974
0.00156101
0.00157273
0.00157791
0.00157621
0.00157623
0.00140068
0.00029511
0.00153204
0.00147295
0.00143014
0.00137351
0.0014081
0.00141156
0.00142436
0.00147925
0.00143664
0.00136942
0.00144373
0.00148443
0.00137798
0.00145253
0.00138269
0.00140443
0.0014636
0.00148924
0.00147112
0.00147541
0.00146364
0.0015184
0.00137321
0.000443093
0.00125351
0.00104907
0.000763726
3.4804e-20
0.00140943
0.000810334
0.000606807
0.00123146
0.00102058
5.31566e-34
0.000521026
0.000258395
4.40155e-34
0.00131901
0.0013471
0.00135745
0.00137822
0.00137893
0.00137595
0.00135673
0.00148038
0.00146702
0.00141572
0.00119421
0.00141879
0.00153964
0.00154133
0.00153474
0.00151151
0.00150445
0.00152381
0.00155243
0.001549
0.00155194
0.00154801
0.00153719
0.00155664
0.00155958
0.00155335
0.00154732
0.00156081
0.00156289
0.00155506
0.0015443
0.00144217
0.000426194
0.00154939
0.00149601
0.00143855
0.00147356
0.00141529
0.00148817
0.00141953
0.00150357
0.00156309
0.00148262
0.00142724
0.0013661
0.00155629
0.00145463
0.00154174
0.00138792
0.00145034
0.0013992
0.00147628
0.00145029
0.00148375
0.00146492
0.00151905
0.00135833
0.00135201
0.00135556
0.00139336
0.00136083
0.00136335
0.00153291
0.00138545
0.000585723
0.000292583
0.00120476
0.000924748
-3.2011e-20
0.00150948
0.000748336
0.00113699
0.000637153
0.00106235
0.00126099
6.30204e-34
0.000590878
0.000555429
2.50322e-06
0.00134078
0.00138209
0.00139466
0.00139434
0.00140321
0.00150874
0.00148195
0.00145303
0.00147959
0.00155436
0.00154373
0.00153784
0.0015137
0.00155284
0.00156717
0.00155144
0.00155668
0.00154095
0.0015458
0.0015322
0.00156242
0.00156051
0.00155909
0.00152458
0.00152957
0.0014616
0.00147833
0.00150507
0.00141521
0.00145635
0.00149752
0.00140914
0.0014189
0.00142911
0.00142516
0.00151804
0.00145589
0.00146804
0.00146
0.00144884
0.00150687
0.00149309
0.00140647
0.00140978
0.00134677
0.00142006
0.00141327
0.00153206
0.00132636
0.00133852
0.00166005
0.00140892
0.000326455
0.000677827
0.00111363
2.94912e-20
0.00158132
0.00108708
0.00153375
0.000788542
0.00120225
7.05209e-34
0.000995056
9.43251e-34
0.00138906
0.00143312
0.00144311
0.00152051
0.00149001
0.00151416
0.00174924
0.00154064
0.00155
0.00155187
0.00156458
0.00154617
0.00154353
0.00156249
0.00153526
0.00147581
0.00148931
0.001476
0.00141987
0.00146488
0.00140687
0.00143932
0.0014289
0.00151333
0.00145609
0.00144919
0.00138745
0.00141222
0.00139817
0.00142541
0.00140066
0.00141579
0.00130974
0.00170331
0.00127836
0.00124688
0.00126404
6.15228e-08
0.00128556
0.00125311
0.00125855
0.00129488
0.00154652
0.00127065
7.84192e-34
0.00148298
0.000300774
0.000441571
0.000220321
0.00050157
0.00079841
0.00113668
7.49923e-20
0.00160305
0.0018577
0.00110361
0.00136933
0.0010618
0.00169207
0.00148549
0.00148855
0.00149934
0.00154602
0.00154523
0.00153194
0.00179141
0.00155576
0.00156363
0.00153518
0.00154708
0.00156236
0.00152196
0.00147597
0.00148286
0.00141313
0.00142658
0.00145741
0.00140626
0.00144281
0.00140091
0.00140234
0.00142063
0.00139915
0.00139818
0.00140468
0.00136484
0.00132729
0.001239
0.0013413
0.00108365
0.00137627
0.00132887
0.00143406
0.00139499
0.00138408
0.00146475
0.000331133
0.000223897
0.000248222
0.000291785
0.000735431
0.000432299
0.000250419
0.000987447
0.000314631
4.6636e-34
0.00193688
0.00191877
0.00165003
0.00158362
0.0017161
0.00196073
0.00157303
0.00155885
0.00156512
0.00156645
0.00166048
0.00153154
0.00155376
0.0014826
0.00147238
0.00142205
0.00140725
0.00144591
0.00140235
0.00139578
0.00140953
0.00138057
0.00134938
0.00137476
0.00136851
0.00133473
0.00134217
0.00122958
0.00129833
0.00136966
0.00138998
0.00136184
0.00136095
0.00111952
0.000157828
5.71726e-34
0.000211087
0.000278812
0.000491502
0.000223408
0.000542285
0.00037502
0.000371589
5.53718e-34
0.00196211
0.0016693
0.00172492
0.00188406
0.00193775
0.00163784
0.00160082
0.00157515
0.00156077
0.00153604
0.00148938
0.00145534
0.00143157
0.00141536
0.00140597
0.00139374
0.00140666
0.00134811
0.00133059
0.00130938
0.00134512
0.00133519
0.00135354
0.00121735
0.00131738
0.00136478
9.34965e-34
0.00101963
1.5596e-06
2.05359e-06
3.93113e-34
2.59996e-06
4.06644e-34
2.90465e-06
0.00037517
8.64759e-34
0.000374301
5.38318e-34
0.00168711
0.00174086
0.00181567
0.00163514
0.00156975
0.00153498
0.00148224
0.00142771
0.00144805
0.00141329
0.00135864
0.00138806
0.00140729
0.00133926
0.00132312
0.00132322
0.00132143
0.00133106
0.00134046
0.00120041
0.00131932
0.00117717
7.81131e-34
0.00105181
8.05346e-34
0.000435999
0.000400957
0.000403747
4.99951e-34
0.00159871
0.00166466
0.00156655
0.00150843
0.00145933
0.00142047
0.00138193
0.00132843
0.00134209
0.00132727
0.00132909
0.00131019
0.00135702
0.00131497
0.00115056
0.00131979
0.00131878
5.00135e-08
0.000827129
0.00131639
5.28313e-10
0.000407983
0.000421245
4.98143e-34
0.00153359
0.00148287
0.00142318
0.00137923
0.00132768
0.00134177
0.00129989
0.00130023
0.00112728
0.0012999
0.00131955
0.00125487
6.83553e-34
0.00121053
0.000764574
0.00141184
4.83675e-34
0.000402841
0.000386496
2.48402e-34
0.00140556
0.00137205
0.00131263
0.00133242
0.00126935
0.00127492
0.00110484
0.00130019
0.00126254
0.00108643
6.02188e-34
0.00132026
0.00113025
0.000696908
1.92882e-34
0.000446933
0.00134266
0.00126818
0.00129445
0.00128017
0.0012383
0.00123961
0.00107384
4.991e-34
0.00128426
0.00122794
0.00103393
0.000638734
0.00126389
0.00123814
0.00122107
0.00121183
0.00106377
-3.00848e-10
0.000483627
0.00122766
0.00114466
0.000891062
0.00120064
0.00118955
0.00117565
0.00119585
0.00116796
0.00105349
0.000545195
-4.43118e-11
0.00114389
0.00107523
0.000911182
0.00114438
0.00114876
0.00117114
0.00103938
0.00102422
0.0011113
0.000840981
0.000561459
0.000319305
-4.84521e-11
0.0010399
0.00108816
0.00112738
0.00109184
0.00101322
0.00108097
0.00103455
0.000886631
0.000648207
0.000327591
-6.82796e-11
0.00102076
0.0010707
0.00104749
0.00100547
0.00104795
0.00101649
0.000999787
0.000894607
0.000671667
0.000426231
-4.86488e-11
0.00101823
0.000988477
0.00102262
0.000998044
0.000980892
0.00100309
0.000995677
0.0008231
0.000936129
0.00065545
0.000236407
0.000460007
-2.49923e-11
0.000968308
0.000990505
0.000987287
0.000964553
0.000992075
0.000944929
0.000791708
0.000896603
0.000649669
0.000254545
0.000473835
-1.0978e-11
0.000933177
0.000952968
0.0008962
0.000966958
0.000988523
0.000927141
0.000782888
0.000626995
0.000239327
0.000439234
-5.87809e-12
0.000863042
0.000904773
0.000935522
0.000984959
0.00089015
0.000742682
0.000556112
0.000271912
-5.53091e-12
0.000827481
0.000885622
0.000855106
0.000981383
0.000665222
0.000358682
-5.21777e-12
0.000772442
0.000789727
0.000977794
0.000459815
-4.41583e-12
0.000659932
0.000669981
0.000974194
-2.56301e-12
0.000406653
0.000970581
4.14029e-34
