2.7971e-36
2.79742e-36
5.21579e-36
5.21644e-36
4.83738e-36
6.95003e-06
4.83804e-36
4.83738e-36
6.95003e-06
4.83804e-36
4.83738e-36
6.95003e-06
4.83804e-36
4.83738e-36
6.95003e-06
4.83804e-36
4.83738e-36
4.83804e-36
4.83738e-36
6.95003e-06
4.83804e-36
4.83738e-36
6.95003e-06
4.83738e-36
4.83804e-36
4.83738e-36
6.95003e-06
4.83804e-36
4.83738e-36
6.95003e-06
4.83804e-36
4.83739e-36
6.95003e-06
4.83804e-36
5.09901e-35
0.000187374
4.83738e-36
6.95003e-06
4.83804e-36
0.000166412
5.78859e-35
0.000141909
0.000203096
0.00018645
0.000213578
4.83738e-36
6.95004e-06
4.83804e-36
9.06717e-05
5.20036e-35
0.000153635
0.000218819
0.000207817
0.000199007
0.000220178
4.83739e-36
6.95003e-06
4.83803e-36
3.70749e-35
0.000171847
0.000123248
0.000218819
0.00022585
5.09901e-35
0.000213578
0.000203096
0.000187374
0.000166412
0.000219748
0.000212792
0.000227784
3.38963e-35
4.83746e-36
4.83805e-36
6.95004e-06
0.000192903
0.000124774
0.000221458
0.000231509
5.67153e-35
0.000207184
0.000181658
0.000142097
0.000229503
0.000221355
0.000238932
6.87778e-05
3.23218e-35
4.83775e-36
4.83799e-36
6.95015e-06
0.000179064
0.000130399
0.000242745
0.000216706
0.000230473
4.87539e-35
0.000122337
0.000199264
0.000168222
0.000239624
0.000229476
0.000248369
3.15327e-35
6.96021e-05
0.00014511
4.83632e-36
4.8373e-36
6.94961e-06
0.000194935
3.74229e-35
0.000245014
0.000227663
0.000212954
0.00012252
0.000177524
6.89901e-05
0.000248277
0.00023703
0.000252271
0.000255325
3.12047e-35
8.91293e-05
0.000159499
3.10536e-35
4.83515e-36
4.83768e-36
6.94996e-06
0.000210755
3.37704e-35
0.00024125
0.0002226
0.000196185
0.000130375
6.48597e-05
0.000252331
0.000243827
0.000252375
0.000259154
0.000210507
8.81961e-05
8.78334e-05
0.00015851
8.7657e-05
3.09845e-35
5.47244e-36
4.76998e-36
6.92333e-06
0.000244602
3.23705e-35
0.000237108
0.000199069
0.000144058
7.7034e-05
0.000259953
0.000243872
0.000259975
0.000210355
0.000158021
0.000244977
0.00015779
3.09651e-35
8.75919e-05
7.41657e-36
4.54191e-36
6.81546e-06
0.000261428
3.15626e-35
0.000210818
0.000159575
8.91745e-05
0.000261442
0.000210556
0.000244536
0.000262371
0.000210273
0.000245145
3.09607e-35
0.000157688
8.75639e-05
1.05567e-35
4.21457e-36
6.64839e-06
0.000262188
3.12301e-35
0.000158556
8.82762e-05
0.000210423
0.000244897
0.000262582
0.000262626
3.09597e-35
0.000210233
0.000245218
8.75557e-05
0.000157648
0.000210213
1.61714e-35
3.78173e-36
6.18475e-06
1.75439e-36
-1.41857e-35
3.10491e-35
0.000245117
8.78761e-05
0.000158121
0.000210333
0.000245192
0.000262691
0.00025615
3.0958e-35
0.000262757
8.75529e-05
0.000245246
0.000157633
0.000210207
8.31408e-37
-1.18349e-35
2.45094e-35
5.83054e-06
4.03535e-06
4.23924e-06
4.37731e-05
3.09871e-35
8.76602e-05
0.000210278
0.000157841
0.000210246
0.000245247
0.000262759
8.75555e-05
3.09557e-35
0.000262778
0.000157632
0.000245257
0.000210208
0.000157649
-1.50413e-05
4.56536e-35
1.04323e-05
8.26826e-05
8.75956e-05
3.09701e-35
0.000157701
0.000210226
0.000245259
0.000210215
0.000262783
8.75768e-05
3.09571e-35
0.000262786
0.000210218
0.000245261
0.000210242
0.000157689
1.33313e-05
2.54685e-05
9.74328e-35
8.04608e-35
0.000116728
8.75692e-05
3.09614e-35
0.000157656
0.000157638
0.000245262
0.00021021
0.000262786
3.10386e-35
8.76488e-05
3.09805e-35
3.13171e-35
0.000262768
0.000245251
0.000245224
0.000210274
0.000157804
5.45091e-35
3.20423e-35
3.32917e-35
4.33639e-35
3.58813e-35
6.48802e-05
6.60372e-05
7.84091e-05
8.2644e-05
0.00014591
3.09602e-35
8.75577e-05
0.000157634
0.000245262
0.00021021
0.000262768
8.84763e-05
8.79105e-05
8.96279e-05
0.000262706
0.000245155
0.000158081
0.000210323
7.98258e-05
8.4554e-05
8.58249e-05
6.79985e-05
0.000106258
0.000121326
0.000127957
0.000121286
0.000170229
3.09585e-35
8.75541e-05
0.000157641
0.000245257
0.000210218
0.000245231
0.000262648
0.000158626
0.000159594
0.000150379
0.000262401
0.000244955
0.00021039
0.000123681
0.000151049
0.000137038
0.00015909
0.000129966
0.000153782
0.000171888
0.000169642
0.000189684
3.0955e-35
8.75558e-05
0.000157677
0.00021024
0.000210284
0.000245152
0.000262364
0.000210449
0.000199662
0.000199331
0.000198402
0.00026185
0.000244497
0.000171941
0.000195897
0.000187793
0.000166549
0.000192102
0.000204275
3.09551e-35
8.75808e-05
8.76544e-05
0.0001578
0.000210334
0.00024495
0.000261777
0.000234199
0.000230344
0.000232613
0.000250922
0.000260607
0.000206066
0.000222776
0.000237263
0.000216457
0.000175904
0.000192195
0.000202836
0.000214002
3.09822e-35
8.7849e-05
0.000158067
0.000210396
0.000244482
0.000260743
0.000252606
0.000248786
0.000260603
0.000257288
0.000230233
0.000243539
0.000218465
0.000188391
0.000210832
0.000218866
3.10577e-35
0.000210448
8.83919e-05
0.000158616
0.000243508
0.000210427
0.000257163
0.000251992
0.000252592
0.000232492
0.000242651
0.000248405
0.000221619
0.00021126
0.000218866
0.000192359
3.12873e-35
0.000159563
8.97553e-05
0.000199295
0.00023269
0.000248777
0.000231296
0.000241256
0.000231762
0.000217284
0.000206777
0.000214002
0.000188749
3.20455e-35
8.41995e-05
0.000150344
0.000198347
0.00022653
0.000150962
0.000220574
0.000219985
0.000206632
0.000204275
0.000196408
0.000173143
3.32704e-35
8.57565e-05
0.000135049
0.000193854
0.000207357
0.000201554
0.000186316
0.000189684
0.00016663
3.5853e-35
6.54804e-05
0.00011998
0.000174749
0.000170229
0.000181105
0.000160835
0.000127692
4.32389e-35
6.79432e-05
0.000137065
-1.41857e-35
0.00014591
9.29489e-05
0.000116728
8.26826e-05
4.37731e-05
0.000132172
0.000134913
5.42875e-35
8.25306e-05
9.7997e-05
-1.24352e-35
1.48954e-05
4.46609e-05
-1.51472e-05
7.81043e-05
8.03582e-35
5.00807e-05
1.58114e-36
1.99049e-05
3.87905e-06
9.84559e-35
7.37344e-37
4.71272e-35
3.0673e-06
4.78636e-06
3.64646e-36
2.50732e-35
6.28508e-06
4.22333e-36
1.63531e-35
6.51428e-06
1.07086e-35
4.61181e-36
7.50114e-36
6.82702e-06
4.82053e-36
5.53439e-36
6.96726e-06
4.89614e-36
4.89217e-36
7.02845e-06
4.8961e-36
4.89551e-36
7.03433e-06
4.89637e-36
4.89676e-36
7.0344e-06
4.89604e-36
4.89669e-36
7.03424e-06
4.89604e-36
4.89668e-36
7.0343e-06
4.89602e-36
4.89669e-36
7.03429e-06
4.89603e-36
4.89669e-36
7.03429e-06
4.89603e-36
4.89669e-36
7.03429e-06
4.89603e-36
4.89669e-36
7.03429e-06
4.89603e-36
4.89669e-36
4.89603e-36
7.03429e-06
4.89669e-36
4.89603e-36
7.03429e-06
4.89669e-36
4.89603e-36
7.03429e-06
4.89669e-36
4.89603e-36
7.03429e-06
4.89669e-36
4.89603e-36
7.03429e-06
4.89669e-36
4.89603e-36
4.89669e-36
7.03429e-06
4.89669e-36
4.89603e-36
5.27968e-36
7.03429e-06
4.89603e-36
2.83134e-36
6.97437e-06
5.27902e-36
2.83101e-36
