0.000968067
0.00151087
0.00145107
0.00145017
0.000544654
0.00126941
0.00127024
0.000649163
0.00124566
0.00123621
0.00113148
0.0011976
0.000199497
-1.36034e-33
0.000888721
0.000967871
-1.31052e-33
0.000544649
0.00126499
0.00110582
0.00065988
0.000352799
0.00092053
0.00129836
0.00120833
0.00102389
1.01702e-34
0.000457162
0.000735708
0.000131036
8.30644e-35
0.00122164
0.00124038
0.0010985
0.000323219
0.000900718
0.000616323
1.38995e-34
0.00126026
0.0010985
0.000803805
0.000408495
1.71197e-34
0.0012229
0.00121366
0.00111042
0.000357144
1.64338e-34
0.000975164
0.000694924
0.00124197
0.00109298
0.000902563
0.000606382
0.000289805
3.42338e-20
0.00121316
0.00118754
0.000775409
0.00114753
4.63854e-20
0.000419631
0.000969893
0.00120449
0.00123084
0.00108556
0.00095013
0.000739348
0.000423755
-4.13129e-20
0.000699141
-5.08586e-20
0.00112217
0.00101691
0.00121192
-5.51142e-20
0.000423651
0.000798641
0.00111789
0.00121749
0.000917887
0.000650424
0.000310374
5.46549e-20
0.00116069
0.00111196
0.000908544
0.00121579
1.87887e-34
0.000313052
0.000621868
0.00114697
0.000995262
0.00121112
0.00079218
0.000537787
0.000317133
5.81714e-20
0.00101522
0.00118426
0.000734493
0.00122142
1.92686e-34
0.000366347
0.00115836
0.00104854
0.000861024
0.000616259
0.000366987
2.11012e-34
0.00101744
0.00114001
0.000818113
0.00121289
0.000487637
0.000364464
0.0012048
2.19218e-21
0.000981607
0.00112728
0.000699363
2.13413e-34
0.000853203
0.00103541
0.00114642
0.00060764
0.00120704
0.00121771
0.000293593
0.000315021
0.000606941
0.00102041
0.000852949
0.00116605
1.95541e-20
0.00104031
0.000861972
-6.83553e-20
0.000614036
0.00115889
0.000326409
0.00122083
0.000503801
0.000776023
0.00086274
0.00107621
0.000646271
0.000994448
0.00119476
0.00111411
2.0515e-34
0.000301052
5.52778e-20
0.000336058
0.00119368
0.0012208
0.000814874
0.000596912
0.000516179
0.000991111
0.000771525
0.00114923
0.000992016
0.00112585
0.00120516
3.19106e-20
0.000433304
-7.51056e-20
0.00121265
0.00079413
0.000573402
0.000304559
0.00101437
0.00082353
0.00113152
0.00120995
0.000982641
0.00112317
2.12928e-34
0.000398679
0.00074888
-7.84833e-20
0.00116156
0.00121685
0.000587165
0.000305248
0.00103977
0.000834624
0.00113413
0.00120645
0.000861215
0.000968958
2.16716e-34
0.000334026
0.000659877
8.48031e-20
0.00116216
0.001217
0.00031893
0.000615396
0.00103534
0.00112117
0.00120538
0.000806592
0.000802124
0.00100842
-2.7004e-20
0.000394809
-8.0729e-20
0.00115493
0.00121616
0.000418034
0.00100755
0.00113543
0.00120912
0.000692463
0.000627076
0.000884673
0.000651803
0.000875065
0.00105473
5.43812e-21
0.000340547
2.29402e-34
0.00116234
0.00122032
0.000362643
0.00105683
0.00117787
0.000630375
0.000861235
0.000591739
0.000882098
0.00112373
0.00100391
4.99232e-21
0.000298283
2.31597e-34
0.00117464
0.00120503
0.00121812
0.00034187
0.00107377
0.000642832
0.000824914
0.000561843
0.000904306
0.000593675
0.000820589
0.00115713
0.00102179
-1.03112e-20
0.000313368
2.33767e-34
0.00118477
0.00121995
0.000349825
0.00109593
0.000663554
0.000920175
0.000624047
0.000897319
0.00106223
0.00119756
2.34685e-34
0.000375137
1.1581e-19
0.00120943
0.000348231
0.00112759
0.000639922
0.00102388
0.000840345
0.000779526
0.00102434
0.00100247
0.00115049
0.00121818
1.06362e-20
0.000449158
2.38031e-34
0.00120498
0.000333838
0.0011511
0.000597065
0.000835836
0.000779517
0.00103548
0.00115388
0.000854822
0.000937001
0.00112289
0.00120422
0.00121708
2.41416e-34
0.000329541
0.000648218
-9.95099e-20
0.000321315
0.000596425
0.000992378
0.0011488
0.00121295
0.000736553
0.000809095
0.00107003
0.0012063
-1.06362e-20
0.000393241
-1.0891e-19
0.000368684
0.00108173
0.000880492
0.00121809
0.00118866
0.000596045
0.00059684
0.000762567
0.000990904
0.00115342
0.00120882
2.47886e-34
0.000387183
2.44236e-34
0.000338503
0.000990364
0.00116307
0.000695937
0.00122053
0.000304763
0.000592357
0.000987104
0.00085355
0.00112903
0.0011778
2.51023e-34
1.15672e-19
0.000419336
0.000777684
0.00113967
0.000990417
0.00121436
0.00121186
0.000383369
0.000743124
0.00105542
0.000987482
0.00114081
-1.06362e-20
2.48245e-34
0.000317883
0.000616039
0.000887107
0.00110485
0.00121054
0.00120815
0.000359375
0.000635049
0.000905423
0.00110665
1.01685e-20
1.22434e-19
0.000340643
0.000635345
0.00104401
0.000859095
0.00117835
0.00122056
0.00120292
0.000709738
0.000401114
0.000973398
0.00112205
2.60041e-34
2.52154e-34
0.000333672
0.000610045
0.00114049
0.00103044
0.000844469
0.00120766
0.00119586
0.00121611
0.000777359
0.000509186
0.000307304
0.00100991
0.00101087
0.00114513
2.62916e-34
2.54071e-34
0.000322695
0.000615902
0.00115464
0.000809046
0.00121531
0.00121022
0.000835722
0.000629035
0.000429535
0.00113925
0.00101654
0.00101522
0.00113838
2.65726e-34
-1.27204e-19
0.000453022
0.00120994
0.000811134
0.00121358
0.000824668
0.000719665
0.000342036
0.00115616
0.00101541
0.00114161
0.000606272
0.000998399
9.54985e-21
2.57827e-34
0.000316767
0.000612483
0.00121709
0.000866177
0.00120414
0.000869846
0.000345625
0.00119755
0.00108585
0.00112978
0.000671463
0.00102975
2.71149e-34
1.23447e-19
0.000342056
0.000586418
0.00031095
0.0012169
0.00098437
0.000790041
0.000905131
0.00120866
0.00113039
0.00116106
0.000635499
0.00111511
-9.10544e-21
2.61483e-34
0.000360631
0.000567501
0.00030398
0.00121351
0.00100854
0.000816433
0.000721065
0.000966636
0.0012145
0.00114209
0.00120505
0.00112081
2.7631e-34
-8.48028e-20
0.000465341
0.000580724
0.000317506
0.0010144
0.000825103
0.000795831
0.00100115
0.00114928
0.00121641
0.00121329
0.0011503
2.12724e-20
-1.69606e-19
0.000427425
0.000781278
0.000610575
0.00034986
0.000849885
0.00104336
0.00103612
0.00116343
0.00121162
0.00116659
0.001217
2.81209e-34
0.000341549
2.66777e-34
0.000653287
0.00091867
0.000657597
0.000337107
0.000928329
0.0011282
0.00110516
0.00121041
0.00120473
-4.25447e-20
0.000458001
3.63311e-19
0.000806685
0.0010046
0.000450101
0.00079233
0.00101477
0.00114568
0.00113798
0.00121491
0.000615062
0.00121088
2.85846e-34
0.000316671
0.000737915
0.000401376
2.7018e-34
0.000993118
0.000832289
0.0010007
0.00114232
0.00114168
0.00121228
0.00061596
0.00121171
0.000337992
-1.97473e-20
0.000616492
0.000846663
0.000320383
-1.63005e-19
0.00102622
0.00101568
0.000858763
0.00114782
0.00115353
0.00121524
0.000649413
0.00121458
0.000346108
2.90222e-34
0.000604493
0.000843649
0.000317566
2.73481e-34
0.00102787
0.00105033
0.000912074
0.00116412
0.00115707
0.00120959
0.000658766
0.00121425
0.000330543
2.92311e-34
0.000850991
0.000613894
0.000362888
1.27204e-19
0.00103952
0.00111191
0.000905854
0.00114874
0.00121021
0.000609998
0.000819506
0.00120783
0.000315882
-3.19086e-20
0.000741614
0.000978007
0.000431837
-2.12008e-19
0.00034062
0.00102129
0.00114835
0.00111262
0.00121443
0.000587752
0.000842096
0.00113846
0.00121423
0.00031844
2.96295e-34
0.000703893
0.000955202
0.000326266
6.36028e-19
0.000598311
0.00103638
0.00115081
0.00121007
0.000628405
0.000878285
3.57913e-35
0.00103539
0.0011732
0.00122037
0.00032586
2.98189e-34
0.000850652
0.000346811
0.000653344
-4.24025e-20
0.00104376
0.00115884
0.000861513
0.000597021
8.02132e-35
2.40943e-35
5.49312e-05
5.45622e-05
0.00065171
0.00082874
0.00108805
0.000905789
0.00119605
0.00122076
0.00117589
0.000324651
3.00022e-34
0.000407482
-4.07964e-19
0.00104189
0.000610194
7.8445e-35
5.52087e-05
5.83529e-35
0.000810742
0.00089531
5.49509e-05
5.52179e-05
3.57999e-35
0.00066634
0.00115928
0.00102415
0.00121769
0.0012054
0.00118554
0.00108174
0.00033717
4.25473e-20
0.000343591
2.82814e-34
0.000646933
-1.97361e-20
5.51024e-05
7.9587e-35
0.000940308
0.000913848
5.438e-05
2.31851e-35
-1.23382e-21
0.000642713
5.51834e-05
0.00114325
0.00122013
0.0011704
0.00099463
0.00039785
3.03508e-34
0.000328606
2.8431e-34
0.000734818
5.51079e-05
-1.22234e-20
1.16026e-15
0.000852073
0.00111667
0.00101871
5.52317e-05
1.34984e-22
3.63902e-21
0.000616231
5.52339e-05
5.51826e-05
0.00120449
0.00120982
0.00112182
0.000966192
0.000719693
0.000402014
3.05177e-34
0.000473694
2.85802e-34
-4.13232e-14
1.25108e-20
5.50761e-05
0.000814031
0.00101332
0.00114947
-6.01421e-22
-1.60398e-20
5.51266e-05
5.51749e-05
5.52011e-05
0.0011452
0.00121638
0.00120459
0.00112855
0.000999505
0.000757555
0.00045569
-4.25619e-20
0.000458254
0.000788497
2.87284e-34
2.9064e-13
7.45659e-35
5.50599e-05
0.00100798
7.07246e-17
4.31836e-21
5.51337e-05
0.00120724
0.0011413
5.51498e-05
5.51638e-05
0.00121712
0.00115003
0.00098708
0.000791663
0.000526482
0.000345869
4.25709e-20
0.000320402
0.000809904
0.000592519
0.00100263
2.88704e-34
5.24592e-12
5.50201e-05
-1.23535e-20
-3.04352e-15
5.51191e-05
8.63672e-21
0.00121283
0.00114138
5.51599e-05
5.5197e-05
0.00112769
0.0012092
0.000989927
0.000736538
0.000407373
3.09863e-34
0.000563235
0.000338133
0.00100711
0.000818074
2.89919e-34
-8.11855e-11
1.2529e-20
5.50131e-05
-1.28817e-14
5.5095e-05
7.77685e-35
0.00121148
0.00114
0.00114093
5.52673e-05
5.5221e-05
0.00121499
0.000845208
0.00101908
0.000631898
0.00031312
3.1111e-34
0.000768021
0.000316563
-2.25889e-19
0.000569737
0.00100003
7.58125e-11
5.51303e-05
7.0882e-35
1.49525e-12
7.57524e-35
5.50928e-05
0.00121272
0.00114912
0.00115799
5.51804e-05
5.30279e-05
0.00121355
0.00080104
0.000991786
0.00113629
0.000484181
3.11521e-34
0.000329052
0.000825026
0.00100163
0.000329075
0.000607134
7.53538e-19
1.38765e-34
8.7273e-21
-1.47558e-11
1.14136e-20
5.50418e-05
0.00121952
0.00114569
4.98213e-05
2.60281e-34
5.51511e-05
0.00120111
0.000659877
0.000943978
0.00110503
-2.1014e-20
0.000340956
0.00101682
0.000841821
0.000629488
-2.0547e-19
0.000357145
1.93793e-34
4.92511e-05
-1.99248e-20
1.3258e-11
5.50519e-05
7.07865e-35
0.00122528
0.00121203
0.00114838
0.00097059
3.34419e-34
0.000490082
2.3808e-34
5.30857e-05
0.00114587
0.000516237
0.000789313
0.00099335
0.000385328
2.40861e-20
0.00102456
0.00087023
0.000644503
0.000345563
2.65499e-34
2.95431e-07
4.4475e-05
-3.03062e-21
1.38863e-34
6.19206e-35
0.00122425
0.00122679
0.00116055
0.000691805
0.000974212
0.000552566
0.000445869
1.811e-34
4.92633e-05
2.05459e-20
5.02795e-05
0.000610837
0.000313622
0.00113775
0.000767034
0.000998646
0.000304297
0.000615012
1.91945e-20
0.001069
0.000903936
0.000646194
0.00029094
2.22654e-34
4.07681e-05
1.02008e-34
2.21494e-05
1.91647e-34
5.82996e-35
0.0012545
0.00122229
0.00121061
0.000771309
0.000746684
0.000977822
-5.16252e-21
-2.26839e-19
7.69362e-05
4.67329e-05
0.000681216
0.00048867
0.000768005
0.000271674
0.000981419
0.000985004
0.00115089
0.000909965
0.000320326
0.000641225
2.44342e-34
0.00113769
0.000969121
0.000759846
0.000471256
0.000216398
4.9554e-05
4.46907e-07
3.11018e-07
4.04142e-05
1.41779e-21
0.00126972
0.0012762
0.000859073
0.000856319
-1.27488e-20
0.000201502
0.000815705
0.000723409
0.000525874
0.000264577
0.000882765
0.000914935
0.000988577
0.000992138
1.56255e-34
1.40682e-35
0.00105984
4.03984e-05
3.84345e-05
0.000930379
0.000135111
0.000324615
4.53919e-05
0.00111985
0.00127236
0.000831482
0.00036285
0.00124227
0.000524222
0.000940426
2.25845e-34
1.05595e-34
3.88604e-05
0.00134255
0.000884208
0.000902413
1.21206e-34
0.000844501
0.000772792
0.000635227
0.000449707
0.000255848
0.000953871
0.000935037
0.000995842
0.000182553
0.00126634
3.27363e-05
6.1372e-05
0.000935361
0.000283309
0.000529758
0.000198456
0.00099995
0.00100441
0.00117658
0.00136238
0.000982655
0.000537941
0.00140851
0.000877767
0.00126595
1.42305e-06
4.528e-07
0.000153078
0.000905567
0.000924948
1.53864e-34
0.000866642
0.000711683
0.000511263
0.000270235
0.000957691
0.000954697
0.000948626
0.00147652
3.76223e-05
0.000112656
0.000710929
0.000336324
0.000386052
0.000961158
0.00100931
0.00101539
0.000979378
0.00137084
0.00151076
0.000736934
0.00112711
0.00122453
0.00156692
2.13049e-34
2.11939e-34
0.000277
0.000944246
2.12354e-34
0.000928538
0.000859149
0.000526402
0.000719479
0.000289101
0.000970214
0.000975876
0.00163218
0.000168989
0.000627743
0.000503194
0.000971574
0.00098568
0.000983002
0.00102267
0.000991955
0.00100157
0.00161687
0.00144141
0.00073491
0.00103553
0.00165574
0.000961012
0.00177262
2.72915e-06
1.93468e-06
0.000356885
0.00097127
-3.29868e-20
0.000952635
0.000863593
0.000506793
0.000681204
0.000286148
0.000989509
0.000997971
0.00100971
0.00103299
0.00101098
0.00102636
0.00102512
0.00125797
0.00144146
0.00150515
0.00147608
0.00139888
0.00128299
0.0013137
0.00134
0.00145793
0.00135946
0.00137801
0.00123471
0.00148242
0.00143244
0.00139628
0.00142034
0.00172908
0.00139305
0.000482411
0.000762599
0.00181756
0.00189433
0.000829251
5.2462e-34
2.01854e-34
0.000994593
2.26743e-34
0.000406322
0.000959622
0.000857796
0.000690967
0.00100774
0.00102983
0.00104924
0.00105593
0.00105449
0.00128913
0.00146175
0.00153309
0.001504
0.00150649
0.00146812
0.00149669
0.0014231
0.0013156
0.00135021
0.00137212
0.00148982
0.00126459
0.00120092
0.00150495
0.00148756
0.00156438
0.00138883
0.00143678
0.00150148
0.00149867
0.00149567
0.00149818
0.00151019
0.00149998
0.00151074
0.0010751
0.00110498
0.00150282
0.00116286
0.00149208
0.00150819
0.00149702
0.0011316
0.00168591
0.00100158
2.60908e-06
0.00194412
0.00188875
0.000997333
5.72566e-34
0.00100665
0.0010264
0.000457668
1.84524e-20
0.000922353
0.000760511
0.00105445
0.00111064
0.00110908
0.00107809
0.00127808
0.00147238
0.00152745
0.00152243
0.00153821
0.00148585
0.00149905
0.00142743
0.00132195
0.00135411
0.00123283
0.00150941
0.00164867
0.00138803
0.00153099
0.00150021
0.00152371
0.00152547
0.00151596
0.00152983
0.00153781
0.00154552
0.0015327
0.00150908
0.00116369
0.00116618
0.00119238
0.00149512
0.00151973
0.00118372
0.00146433
0.00150188
0.00149025
0.0014842
0.00143893
0.00150388
0.00145691
3.55241e-10
0.00149287
0.00144752
0.00148731
0.00150636
0.00152258
0.00142986
5.30411e-34
0.000737661
0.00195503
0.00196229
0.00164666
0.0010216
0.00105965
0.00101281
0.000757934
0.000509036
3.54417e-34
0.000940001
0.00110176
0.00115901
0.00114705
0.00125082
0.00132249
0.00147021
0.00149465
0.0015206
0.0015218
0.00153216
0.00153196
0.00151273
0.00142282
0.00137238
0.00119495
0.00166617
0.00153456
0.00153521
0.00151075
0.00151496
0.00152987
0.00153334
0.00154357
0.00117812
0.00152829
0.00118024
0.00146957
0.00148931
0.00150886
0.00150723
0.00148112
0.00143034
0.00145891
0.00153139
0.00147421
0.000804913
-5.41695e-10
0.00152474
0.00147793
0.00141046
0.00142108
0.00147409
0.0014657
0.000528305
0.00099226
5.69409e-34
0.00163273
0.00198274
0.00195583
0.00153453
0.0010482
0.00111188
0.000914512
-4.13979e-18
0.00119733
0.00119259
0.00116336
0.00127103
0.00121479
0.00134266
0.00149678
0.00151539
0.00152538
0.00152472
0.00153321
0.00141468
0.00152432
0.00151936
0.00151785
0.00151664
0.00153598
0.00152562
0.0015352
0.00150285
0.0015084
0.00149983
0.00147652
0.00148267
0.00149804
0.0015053
0.00145748
0.00146808
0.00145098
0.00124237
2.09654e-10
0.00139833
0.00143355
0.00147221
0.000842067
0.0013886
0.00138227
0.00137698
0.00107718
3.61027e-10
0.00181764
0.00201384
0.00187006
0.00111711
0.000708999
-1.99314e-18
0.00123212
0.00122491
0.00124418
0.00133542
0.00141278
0.00150295
0.00151724
0.00152686
0.00153323
0.00152715
0.00151778
0.00151229
0.00153249
0.00152743
0.00152802
0.0015025
0.0014894
0.00149268
0.00148027
0.00143986
0.00142112
0.00145662
0.00100053
0.00173087
-1.8304e-11
0.00141972
0.00147164
0.00106334
0.00140516
0.00140538
0.00139629
0.00137166
0.00136511
0.00134033
-8.39401e-20
4.49383e-13
0.00135634
5.8811e-34
6.10573e-34
0.00127288
0.00080335
-6.11056e-10
0.000902715
0.00152248
0.001898
0.0020099
0.00121629
0.000991387
0.001316
0.00131465
0.00142801
0.00152344
0.00150404
0.0015361
0.00152285
0.00150777
0.00153234
0.00149724
0.00148275
0.00146967
0.00141763
0.00142231
0.00145035
0.000946535
0.00152782
0.00190451
0.0013942
0.00139178
0.00138419
0.00139071
0.00137979
0.00135821
0.00131366
0.00108849
0.00103584
0.00134203
0.00126248
0.00126648
0.00128788
0.00124801
2.69725e-10
0.000891646
0.00150754
0.00188679
0.00201081
0.00137964
0.00142431
0.0014213
0.00151041
0.00153422
0.0015316
0.00153772
0.0015122
0.00149277
0.00146379
0.00140031
0.00143736
0.00140656
0.00168693
0.00198622
0.00139122
0.00137099
0.0013798
0.00134846
0.00132352
0.00158002
0.00164049
0.00128874
0.00126346
0.00123114
0.00121381
0.00132062
-1.17625e-11
0.00149866
0.000829932
0.00189401
0.00156502
0.00152407
0.0015507
0.00156922
0.0015161
0.00153114
0.00148405
0.00144511
0.00142323
0.00138937
0.00139235
0.00193226
0.00194166
0.00135262
0.00136747
0.00128637
0.00171014
0.00184687
0.0012557
0.00124427
0.00119593
0.00131288
0.00178038
3.93946e-14
0.00162349
0.000975497
0.00164128
0.00155532
0.00148271
0.00138832
0.00141687
0.00136772
0.00184999
0.00132709
0.00126639
0.00123366
0.00123565
0.00117669
0.00164391
0.00163397
-4.36507e-20
0.00123274
0.00154436
0.00146663
0.0013419
0.00132983
0.00137042
0.00126867
0.00123244
0.00120274
0.00120709
0.00115158
0.00147346
0.00119317
7.46938e-34
0.00139819
0.00129158
0.00126633
0.00121379
0.00117364
0.00117697
0.00111406
0.00133457
0.00124154
0.000809059
3.63378e-20
0.00128228
0.00120727
0.00122926
0.00115732
0.00114816
0.00107366
0.00121425
0.00106676
0.000678803
0.00104823
5.84851e-34
0.00118992
0.00114899
0.00117187
0.00111812
0.0010762
0.00104524
0.000636499
0.00103567
0.00103298
0.00100345
0.00113578
4.57651e-34
0.00109493
0.00110753
0.00106417
0.000893277
0.000511578
0.00103147
0.00102384
0.000989578
0.00101989
0.0010778
0.00108258
3.53509e-34
0.000998904
0.00105783
0.00104352
0.000789328
0.000441585
0.00102769
0.00101735
0.000992596
0.00101412
0.00102344
0.00103245
0.00101181
5.82967e-20
0.000902179
0.00102124
0.00102812
0.000686723
0.000375914
0.00101657
0.000976945
0.00100681
0.000997417
0.000972829
0.000965023
0.00100684
0.000613838
2.19184e-34
0.000854682
0.00100345
0.000974176
0.000343489
0.00100164
0.000987186
0.000993909
0.000965875
0.00100281
0.000403036
0.00073567
1.55432e-20
0.000917569
0.000987214
0.000975393
0.0009823
0.000981675
0.000952989
0.000971304
0.000999223
0.000574298
0.00028876
0.00079264
0.000965976
-2.61888e-20
0.000861965
0.000939574
0.000964081
0.000970044
0.000959793
0.00094752
0.000995687
0.000488646
0.000693423
0.000275451
0.00095696
0.000895722
1.84837e-34
0.000795795
0.000930828
0.000946099
0.000934175
0.000992138
0.000513793
0.000659266
0.000291362
0.000940759
0.000849408
1.58263e-34
0.000711203
0.000919007
0.000889774
0.000925843
0.000902962
0.000988577
0.000523214
0.000284042
0.000807834
1.52661e-34
0.000668633
0.000876826
0.000877062
0.000985004
0.000480328
0.000240073
0.000790024
1.71521e-34
0.00061841
0.000981419
0.000822817
0.000859775
0.000355158
0.00074797
2.02361e-34
0.000479536
0.000977822
0.000772861
0.000763308
2.58115e-34
0.000550156
0.000974212
0.000702633
3.49752e-34
0.000490608
0.00097059
2.59128e-34
