-8.5608e-35
8.11073e-36
-1.9814e-35
-9.36588e-22
6.05667e-36
8.78475e-22
-1.93659e-35
-7.67124e-05
1.61685e-05
3.69925e-05
-2.26616e-05
1.97066e-05
-1.83153e-05
-1.42103e-33
7.91902e-05
-5.33977e-21
1.34788e-33
-1.25776e-21
-2.30222e-05
-3.2863e-05
-4.68161e-05
-2.96282e-05
-4.29147e-05
-2.13208e-06
2.40089e-05
4.73116e-05
-3.29281e-33
5.08504e-05
4.9855e-05
3.49192e-05
3.75262e-33
-2.19373e-05
1.15364e-05
-3.6473e-05
-1.10027e-05
-3.41102e-05
-2.34909e-05
-3.3286e-33
-1.48281e-06
3.30952e-05
4.79487e-05
2.49554e-05
3.7937e-33
-1.51862e-05
1.4013e-05
-2.25102e-05
-6.32411e-06
-3.38371e-33
-1.90759e-05
-1.66934e-05
1.07657e-07
2.17826e-05
2.90551e-05
2.32064e-05
6.25194e-06
3.20549e-22
-1.04069e-05
1.044e-05
-1.15869e-05
-1.16446e-05
-4.07582e-23
-3.59005e-06
-9.79283e-06
4.45917e-06
-2.72347e-06
1.14921e-05
1.74201e-05
1.4006e-05
5.6151e-06
-1.08301e-22
-5.90224e-06
-1.826e-23
-7.47979e-06
-4.97691e-06
-3.7544e-06
8.55761e-23
-1.60888e-06
-4.22407e-06
5.44862e-06
7.67225e-07
8.28861e-06
5.87375e-06
1.19996e-06
2.31222e-23
-3.93476e-06
-2.63117e-06
-2.53854e-06
-1.61822e-06
-3.52113e-33
-4.18446e-07
-1.54328e-06
2.06608e-06
3.69252e-06
2.28064e-07
3.34872e-06
1.88852e-06
3.70385e-07
1.74814e-24
-1.49144e-06
-1.34968e-06
-1.04901e-06
-4.6287e-07
-3.55969e-33
-2.57428e-07
5.04099e-07
1.47608e-06
1.39118e-06
9.34459e-07
1.52426e-07
3.84702e-33
-6.75109e-07
-9.27574e-07
-6.56284e-07
-5.42231e-07
-2.52772e-07
3.57755e-08
-1.3703e-07
-3.50915e-26
5.32694e-07
1.3499e-07
3.45292e-07
3.84759e-33
-3.10376e-07
-3.07597e-07
-4.60867e-07
-1.88056e-07
-3.11091e-07
-2.28774e-07
-4.0567e-08
-4.32093e-09
3.38677e-08
-1.44066e-07
-1.32162e-07
-1.03247e-07
-3.59588e-25
6.15329e-08
1.19689e-07
1.00558e-24
-8.09595e-08
-2.09109e-07
-2.01231e-08
-1.79185e-07
-1.96137e-08
-1.58596e-08
-5.03783e-08
-8.95739e-08
-3.6533e-08
-4.35044e-08
-1.18667e-07
-9.25083e-08
-3.65915e-33
-9.3475e-09
-3.57311e-25
-6.21844e-09
-1.15895e-07
-1.06296e-07
-4.89858e-08
-3.02653e-08
-6.5286e-09
-3.20336e-08
-1.46e-08
-6.42504e-08
-6.95045e-08
-8.03516e-08
-7.73814e-08
1.58408e-25
-1.36153e-08
3.96366e-25
-5.64245e-08
-4.29851e-08
-6.26887e-10
2.66137e-10
-1.31183e-08
-5.49595e-09
-3.36902e-08
-4.67395e-08
-5.06935e-08
-5.36777e-08
-3.71195e-33
-7.63088e-09
-2.71025e-08
1.18728e-25
-2.13074e-08
-2.69476e-08
1.63325e-09
9.2074e-10
-5.21136e-09
-3.45174e-10
-3.48911e-08
-2.47602e-08
1.57491e-09
-2.75932e-08
-3.73435e-33
-3.07315e-09
-1.29669e-08
-4.48224e-26
-8.93315e-09
-1.14798e-08
9.91375e-10
2.20132e-09
2.07142e-11
-1.94636e-08
-1.17175e-08
2.61286e-09
-1.15131e-08
-1.22247e-08
-2.78602e-26
-2.25348e-09
1.73997e-26
-1.74346e-09
-3.27971e-09
1.22428e-09
2.4631e-09
-7.76758e-09
-3.98861e-09
2.33805e-09
-4.2956e-09
-5.80561e-09
-2.15203e-09
2.85157e-09
-3.38368e-09
3.273e-27
-5.01947e-10
3.81397e-33
1.39286e-09
6.17003e-10
7.645e-10
3.05448e-09
-1.19361e-09
1.73995e-09
-1.70827e-09
-4.71047e-10
2.64218e-09
7.05761e-10
-1.1176e-10
1.33247e-27
2.13691e-11
3.80386e-33
2.78027e-09
1.78328e-09
2.60973e-09
5.166e-10
3.15109e-09
1.44619e-09
2.26398e-10
2.42342e-10
2.33755e-09
5.39507e-10
9.2869e-10
2.22728e-09
1.42966e-09
-2.17381e-27
1.69087e-10
3.79245e-33
3.20508e-09
2.90701e-09
4.01396e-10
2.89612e-09
1.19461e-09
1.94025e-09
6.92836e-10
1.37908e-09
1.98369e-09
2.67577e-09
-3.80787e-33
2.57485e-10
1.3833e-26
3.0197e-09
2.9335e-10
2.59134e-09
8.46613e-10
1.93834e-09
1.24586e-09
1.03999e-09
1.51503e-09
1.60567e-09
2.2214e-09
2.607e-09
1.02495e-27
3.16098e-10
3.76584e-33
2.60793e-09
1.92539e-10
2.11682e-09
5.25921e-10
9.21412e-10
9.14177e-10
1.1639e-09
1.64398e-09
7.31445e-10
1.13024e-09
1.7379e-09
2.12253e-09
2.13169e-09
-3.82001e-33
1.35771e-10
5.2103e-10
-2.32511e-27
1.20979e-10
3.67059e-10
7.72336e-10
1.16698e-09
1.64445e-09
4.09442e-10
6.46938e-10
1.26666e-09
1.65369e-09
-6.31713e-28
1.44011e-10
-3.72669e-27
1.02507e-10
7.02491e-10
4.30727e-10
1.26995e-09
9.29353e-10
1.99785e-10
2.86116e-10
3.8262e-10
8.39324e-10
1.25947e-09
1.13544e-09
-3.82275e-33
8.69353e-11
3.71664e-33
5.14544e-11
3.92158e-10
6.21455e-10
1.9007e-10
8.37316e-10
3.34199e-11
1.48646e-10
6.17957e-10
3.36278e-10
8.98976e-10
7.52575e-10
-3.8207e-33
7.25604e-28
4.92118e-11
1.60458e-10
3.99606e-10
2.54417e-10
5.25327e-10
6.10973e-10
3.4479e-11
1.67406e-10
5.31315e-10
3.13916e-10
4.60888e-10
-1.04409e-28
3.67784e-33
1.67798e-11
6.39074e-11
1.25053e-10
2.36004e-10
3.26086e-10
4.06717e-10
1.62512e-11
7.87624e-11
1.72036e-10
2.69452e-10
6.84543e-29
3.75039e-29
1.1093e-11
3.74514e-11
1.26408e-10
6.20089e-11
1.89868e-10
1.9651e-10
2.651e-10
6.40098e-11
1.14053e-11
1.2715e-10
1.54291e-10
-3.80131e-33
3.63437e-33
5.20142e-12
1.6781e-11
1.04768e-10
6.30394e-11
2.92628e-11
1.12449e-10
1.51807e-10
1.01026e-10
4.73879e-11
1.11905e-11
1.69624e-12
2.88733e-11
7.31225e-11
7.54579e-11
-3.79056e-33
3.61093e-33
1.59739e-12
7.4313e-12
5.39554e-11
9.12707e-12
5.96081e-11
4.93409e-11
2.91693e-11
8.55161e-12
9.97354e-13
2.32157e-11
1.12483e-11
3.07723e-11
3.03183e-11
-3.77774e-33
6.03325e-29
7.86089e-13
2.61371e-11
2.02048e-12
2.05858e-11
9.98318e-12
1.26595e-12
-3.93292e-13
6.36414e-12
2.10127e-12
1.17728e-11
-1.6337e-12
5.94817e-12
-1.34792e-30
3.5607e-33
-4.43776e-13
-4.81853e-13
5.53586e-12
-1.98064e-12
4.16599e-12
-2.65228e-12
-9.4199e-13
-3.38064e-12
-2.40848e-12
-4.56206e-13
-3.5523e-12
-5.03745e-12
-3.74603e-33
2.50859e-29
-1.19373e-12
-1.66162e-12
-5.87226e-13
-4.35612e-12
-4.54496e-12
-3.085e-12
-7.18834e-12
-8.47568e-12
-6.21104e-12
-7.21384e-12
-4.28989e-12
-1.0662e-11
2.92694e-30
3.5061e-33
-1.68065e-12
-1.69908e-12
-4.29408e-13
-1.0249e-11
-5.44204e-12
-3.28889e-12
-6.60361e-12
-1.08055e-11
-1.11958e-11
-8.00871e-12
-1.39423e-11
-1.40297e-11
-3.70649e-33
4.84996e-29
-3.66651e-12
-1.16545e-12
-9.85536e-14
-4.96081e-12
-2.45757e-12
-9.94492e-12
-1.50416e-11
-8.54383e-12
-1.30052e-11
-1.72104e-11
-1.77038e-11
-4.31253e-30
4.71785e-29
-4.33271e-12
-1.27972e-11
-2.44175e-14
5.17408e-13
-1.08011e-12
-4.53671e-12
-2.01261e-11
-9.36252e-12
-1.43871e-11
-2.24341e-11
-2.08429e-11
-3.65943e-33
-3.99355e-12
3.4163e-33
-1.30972e-11
-2.14662e-11
1.75473e-12
1.12052e-12
-8.06133e-13
-7.99086e-12
-2.65245e-11
-1.77985e-11
-2.64363e-11
-1.1857e-28
-9.06725e-12
-3.66751e-27
-2.16741e-11
-2.71924e-11
2.42289e-12
1.60425e-12
-3.77223e-12
-1.32736e-11
-2.91622e-11
-2.53039e-11
1.83083e-12
-3.03727e-11
-3.60517e-33
1.49915e-12
-1.81003e-11
-7.19328e-12
3.35134e-33
-2.20255e-11
-7.60014e-12
-9.01892e-12
-2.51637e-11
-2.01076e-11
-3.90157e-11
-7.35034e-12
-2.86387e-11
-1.56535e-12
-8.776e-29
-2.80471e-12
-2.58977e-12
-1.48219e-12
1.2037e-28
1.09023e-11
-3.46739e-11
-4.6674e-11
-5.93066e-11
1.927e-11
-6.35708e-11
-4.5458e-11
-1.30305e-11
-1.34657e-11
-3.54402e-33
3.69049e-11
6.02974e-11
1.71163e-11
3.28245e-33
1.07193e-10
-1.18505e-10
-1.66234e-10
-1.31504e-10
1.3159e-10
-1.47877e-10
-1.35072e-10
5.79375e-11
-3.82748e-11
-3.51096e-33
2.42164e-10
1.47871e-10
8.3815e-11
-3.23944e-26
3.22702e-10
-3.45222e-10
-3.68323e-10
4.48115e-10
-3.0143e-10
-2.71032e-10
-6.44812e-10
4.03049e-10
-9.97031e-11
-3.63574e-27
5.68034e-10
7.58777e-10
2.78901e-10
7.37558e-26
3.54906e-10
-8.06754e-10
-8.56098e-10
1.14194e-09
-5.16991e-10
-6.16115e-10
-1.31112e-09
2.11252e-09
7.70264e-10
-2.65882e-10
-3.44006e-33
1.24476e-09
1.91074e-09
7.70014e-10
-2.00533e-25
1.80182e-09
-1.81016e-09
-1.99697e-09
-1.296e-09
-1.58654e-09
-2.6168e-09
3.09409e-42
4.72987e-09
3.56131e-09
-5.05539e-10
-6.54396e-10
-3.4023e-33
3.71567e-09
1.87107e-09
4.21322e-09
2.3142e-26
-4.16616e-09
-4.27914e-09
-4.79484e-09
-3.09773e-09
1.42825e-34
-2.85578e-43
-3.23853e-13
1.91269e-12
7.84408e-09
-7.96627e-09
9.03562e-09
9.21023e-09
4.76665e-09
4.28164e-10
-6.99841e-09
-1.45798e-09
-3.36306e-33
5.27499e-09
3.95859e-25
-9.16265e-09
-6.68078e-09
2.94975e-34
-3.62801e-13
-7.41792e-35
1.646e-08
-1.44218e-08
6.92895e-13
-1.14936e-11
-2.73698e-42
1.85891e-08
1.1805e-08
1.85754e-08
-4.0303e-09
9.10927e-09
-1.04102e-08
-1.82569e-08
-3.42927e-09
-1.07023e-26
7.3459e-09
3.05336e-33
-1.32449e-08
-4.88985e-26
1.92607e-11
-2.30666e-34
3.23199e-08
-2.37019e-08
-1.24304e-12
-1.57843e-43
1.3239e-28
2.72317e-08
6.01073e-11
2.30414e-08
3.30645e-09
-2.04011e-08
-3.51355e-08
-9.37139e-09
-3.28024e-33
1.20064e-08
3.01204e-33
-2.53201e-08
-1.43746e-10
1.30815e-25
2.19007e-22
4.67147e-08
3.47929e-08
4.73666e-08
1.62655e-13
2.9448e-30
2.16036e-27
3.68032e-08
1.00558e-11
-2.76332e-10
1.78501e-08
-1.3691e-08
-3.59817e-08
-5.07078e-08
-3.54229e-08
-1.67615e-08
-3.23674e-33
3.07941e-08
2.96982e-33
1.46198e-19
4.83934e-25
7.88885e-10
5.54765e-08
5.44378e-08
3.834e-08
-6.53745e-29
3.79032e-26
-2.54208e-11
1.20517e-09
-5.94434e-11
3.29529e-08
1.1289e-08
-1.60252e-08
-3.99861e-08
-4.74557e-08
-4.99704e-08
-2.80374e-08
5.32241e-25
2.30837e-08
3.86802e-08
2.92666e-33
8.65472e-18
8.65639e-34
-3.66521e-09
3.37864e-08
-3.30277e-23
4.23885e-26
1.37752e-10
7.45321e-09
-2.01872e-08
2.92969e-10
-4.91314e-09
1.60207e-09
-8.13991e-09
2.48562e-08
-3.96577e-08
-3.07211e-08
-1.43117e-08
-6.89983e-25
-1.51526e-08
-6.59462e-08
-5.41996e-08
-6.47022e-08
2.88242e-33
-9.67906e-16
1.976e-08
-3.76009e-24
-1.33632e-20
-8.19257e-10
-3.33644e-25
-2.84303e-08
-1.8659e-07
1.85056e-08
-1.17618e-09
9.4682e-08
6.14521e-08
2.81218e-07
6.98752e-08
2.29004e-08
-3.09773e-33
-2.95318e-07
-2.09367e-07
-3.80346e-07
-4.45733e-07
2.83693e-33
-8.49156e-14
-7.72683e-24
-1.10458e-07
3.97351e-19
4.59309e-09
-8.98293e-34
-1.38624e-07
-6.61301e-07
3.59904e-07
-6.20524e-08
4.45498e-09
1.82827e-07
5.72177e-07
1.1289e-06
3.72455e-07
8.1482e-08
-3.04826e-33
-1.29826e-06
-7.08619e-07
3.38787e-24
-1.38442e-06
-1.23241e-06
-4.17313e-13
5.95924e-07
1.27234e-33
2.88869e-16
-1.02493e-33
-2.22882e-08
-4.27228e-07
-1.71429e-06
8.55073e-07
-1.79502e-08
8.15991e-07
6.39085e-07
1.88081e-06
2.99922e-06
2.16857e-06
6.46364e-07
-2.99674e-33
5.54488e-07
-3.97846e-06
-3.02956e-06
-2.04299e-06
-4.06987e-06
-2.95057e-22
-1.43327e-33
6.58271e-23
1.59994e-14
8.02466e-24
1.12551e-07
-7.77233e-07
-3.88838e-06
1.91632e-06
-4.98804e-35
6.19185e-08
2.52159e-06
3.52516e-06
6.93262e-06
5.28822e-06
-1.72363e-23
1.41765e-06
-7.25257e-06
-9.9637e-06
-1.03415e-05
3.15955e-22
-5.5238e-06
-1.3598e-33
2.68089e-06
-8.09438e-22
7.24021e-14
-6.42894e-07
-1.27054e-33
1.70604e-06
-3.14561e-06
-8.78885e-06
1.29688e-34
-4.34448e-34
5.5438e-05
-1.83203e-34
-8.13156e-07
9.3885e-06
5.97039e-06
1.08244e-05
1.73629e-05
6.31932e-06
2.97445e-23
-1.61992e-05
-2.35257e-05
-2.48951e-05
-1.17145e-05
2.63994e-33
5.70637e-08
7.03638e-06
-3.72203e-21
1.43531e-33
-1.38345e-33
6.99985e-06
-5.52353e-06
-1.67906e-05
0.000174766
1.17317e-34
9.25384e-05
5.9292e-05
-1.29322e-34
-1.86976e-06
-6.34874e-23
-2.5331e-06
0.000107511
2.51741e-05
2.18736e-05
2.40531e-05
3.69425e-05
8.05091e-06
3.27269e-05
6.5612e-23
-3.342e-05
-5.03407e-05
-5.71766e-05
-2.16908e-05
2.60129e-33
1.876e-05
-3.16191e-34
3.94699e-06
1.34938e-33
-1.84531e-33
-2.36758e-06
1.95731e-05
-2.32894e-05
0.000167658
0.000162448
5.62375e-35
-6.91834e-23
7.14001e-21
-3.24565e-05
-4.40759e-06
0.0001321
6.53432e-05
0.000175024
1.92761e-05
7.4633e-35
6.39268e-35
4.90197e-05
6.6128e-05
1.97791e-05
6.92057e-05
-2.78441e-33
-5.75125e-05
-9.23385e-05
-0.00013207
-8.14665e-05
-4.40065e-05
-7.74263e-06
2.51645e-07
-5.86134e-08
-1.21412e-05
-1.12003e-21
-2.76185e-05
1.70291e-05
0.000217338
0.000145103
-9.8513e-23
-0.000100088
0.000196563
0.00014878
7.45922e-05
1.76182e-05
0.000126873
0.00011097
5.05716e-35
-9.39622e-22
-2.78307e-33
-2.83758e-33
-0.000142193
-2.30004e-05
-1.70395e-05
0.000189538
-0.000100039
-0.000176778
2.19328e-05
9.83927e-05
5.44832e-05
0.000129515
5.53775e-05
-8.29823e-05
-0.000171046
-0.000213218
-1.11327e-34
3.26731e-34
-2.07675e-06
-6.92783e-06
0.000233385
0.00021423
-8.67456e-35
0.000210311
0.000170537
0.000110585
5.29389e-05
1.64192e-05
0.000188598
0.000101009
-2.03724e-16
4.91719e-05
-0.000151882
-1.79765e-05
2.89464e-05
0.000228397
-0.000173327
-0.000241178
0.000101189
-2.09845e-17
1.02066e-16
0.000146037
7.04106e-05
0.000203809
0.000153572
-4.68574e-05
-0.000262596
-0.000216776
-5.15958e-07
-2.27043e-07
0.000105274
0.000244585
0.000247548
-1.08619e-34
0.000220968
0.000140328
6.85339e-05
1.82438e-05
0.000246166
0.000168953
0.000122127
-0.000108985
9.93638e-06
9.58598e-05
-0.000225239
-0.000115008
0.00018547
0.000121676
3.37954e-17
3.48452e-35
0.000204819
0.000156944
3.14529e-05
0.000241872
0.000243633
-0.000209149
-0.000139291
2.84466e-34
1.12502e-34
0.000182584
0.000264701
-1.47566e-34
0.000257895
0.000214482
7.23746e-05
0.000141925
2.0793e-05
0.000270625
0.000241563
-3.17807e-05
0.00012823
-0.000135665
0.000239221
0.00013839
0.000226824
8.97871e-05
8.25986e-35
0.000187102
0.000119031
8.6239e-05
0.000183642
0.000254167
0.000224483
-0.000111325
-0.00012348
-2.02985e-05
-4.79846e-07
7.25902e-07
0.000167455
0.000281529
-4.28526e-23
0.000271413
0.000214153
6.59375e-05
0.000123619
1.97434e-05
0.000279676
0.000250578
0.000218696
1.61617e-20
0.000270256
0.000231373
0.000146428
4.71813e-35
4.05341e-20
-1.3199e-35
1.2663e-35
2.95885e-22
1.6398e-21
5.14157e-18
-6.57395e-19
1.67699e-18
-3.82882e-18
3.32056e-35
1.40433e-17
-1.62342e-18
-0.000103468
6.60201e-06
-7.27132e-19
8.53783e-05
0.000155989
0.000135662
0.000133327
-5.35727e-05
2.00656e-06
-5.76677e-05
9.36005e-34
-2.73543e-34
0.000295975
-1.51227e-34
4.05878e-05
0.000272272
0.000206584
0.000125652
0.000292986
0.00028949
8.11713e-21
0.000162368
0.000257927
1.24407e-05
4.13591e-06
-2.77245e-06
6.87032e-22
-1.11508e-22
-5.41695e-18
2.38143e-06
7.07144e-06
1.34727e-05
1.16808e-05
7.68522e-06
4.45025e-06
2.01825e-05
-1.04141e-17
2.5616e-06
9.7411e-19
-5.75043e-05
1.31938e-05
7.49674e-06
3.75541e-36
3.02669e-36
2.20531e-35
-9.67121e-36
2.29846e-20
6.24201e-36
-7.30597e-19
9.3379e-18
1.26031e-34
3.65552e-36
-1.58649e-18
1.22754e-36
-1.66695e-18
-7.15209e-36
9.87894e-18
8.36942e-05
9.95958e-05
4.8334e-07
-1.62738e-05
3.08589e-05
-3.16813e-05
9.22342e-34
0.000298642
0.000307509
5.0766e-05
3.76766e-22
0.000240013
0.000151327
0.000310341
0.000161862
0.000274554
0.000299541
3.30515e-05
7.13778e-06
8.62863e-06
-1.49402e-06
1.19418e-07
5.54411e-06
4.86943e-06
1.31693e-05
2.50541e-05
2.25487e-05
3.42795e-05
8.75145e-07
-2.81767e-05
2.35249e-05
1.3448e-07
2.62828e-18
1.21816e-07
5.16431e-06
1.26927e-06
7.34137e-07
1.28207e-06
8.01616e-07
1.97588e-07
-2.88027e-18
0.00013766
7.08834e-05
3.74659e-05
-1.93338e-22
-3.12577e-06
8.12258e-05
-6.49392e-22
-4.7921e-18
-1.09499e-36
-1.55029e-18
-3.27079e-35
-1.72058e-35
4.82669e-19
9.89774e-13
-2.44858e-36
-2.63481e-18
-1.15828e-35
-8.61255e-19
1.08665e-06
6.17114e-05
-9.44378e-34
4.24304e-05
1.07502e-05
-7.9762e-06
3.06203e-05
-9.20073e-06
0.000316314
0.000291898
0.000145292
6.11558e-05
-2.24678e-34
0.000239566
0.000321629
0.000259689
0.000324239
6.64867e-05
4.59949e-05
1.29088e-05
8.80829e-06
4.63185e-06
6.64356e-06
2.8384e-06
7.30359e-07
4.4271e-06
2.31265e-05
3.6912e-05
7.48323e-05
-1.06643e-05
1.46784e-06
-3.21599e-06
-3.95907e-06
3.02998e-06
1.22033e-06
1.18147e-06
-2.10125e-06
0.000155958
-2.55732e-06
0.000139357
-2.67356e-18
-5.67978e-06
-1.19017e-06
-2.36863e-06
-6.54385e-36
-3.56391e-35
-3.93508e-06
-1.36794e-07
-3.75712e-06
-7.60199e-07
2.3353e-13
-4.79231e-06
-1.29184e-35
-3.0959e-35
6.86204e-18
-3.52108e-36
2.10972e-05
6.3319e-05
1.83819e-05
-9.20758e-34
1.15459e-05
3.30981e-06
-2.76049e-06
-3.27158e-06
0.000295944
0.000326554
0.000211881
-2.76993e-20
0.000332145
0.000232679
0.000340062
0.000101746
0.000130936
7.24079e-05
1.56352e-05
8.83562e-06
7.48751e-06
4.67053e-06
3.23623e-06
3.98547e-05
-2.21443e-06
-4.02537e-06
-5.04011e-06
-6.17058e-06
2.2881e-06
-1.09494e-06
-8.17944e-07
-5.02414e-06
-4.73567e-06
-7.73244e-07
-4.40457e-06
-8.66492e-06
-3.23574e-06
-3.61002e-06
-8.7095e-06
-8.05415e-06
-9.13388e-06
-2.36519e-07
-3.90974e-14
-2.21939e-35
-4.34069e-06
3.18479e-05
0.000164999
3.19187e-22
9.6782e-22
-6.29504e-36
2.61185e-06
-1.12117e-13
3.05284e-06
2.10748e-07
-6.15289e-07
0.000312004
0.000104654
-5.31684e-21
0.000293935
0.000356562
0.000189418
0.000123885
6.67699e-05
2.64296e-05
1.372e-05
1.07191e-05
4.96821e-06
-7.40911e-06
-1.00053e-05
-8.59051e-06
1.90072e-06
-5.2658e-06
-5.64765e-06
-9.13813e-06
-6.37116e-06
-8.38848e-06
-1.28871e-05
-1.66702e-05
-1.10936e-05
-1.58747e-05
1.0741e-06
1.49939e-06
4.17465e-14
-3.43714e-06
5.18035e-05
0.000260388
-6.40795e-06
-7.25565e-06
-7.14347e-06
7.35288e-18
7.72301e-19
-4.6054e-35
1.12841e-21
-2.88592e-15
-1.23067e-35
-6.46255e-35
-2.99098e-34
0.000324493
9.2549e-05
-5.23265e-13
3.44493e-07
1.18497e-06
9.92615e-08
3.07404e-07
0.000333226
0.00019351
0.000215662
0.000355683
0.000114658
2.04887e-05
5.19257e-05
4.87004e-06
-1.30746e-05
-1.53528e-05
-7.27037e-06
-1.4883e-05
-2.14155e-05
-2.26559e-05
-1.39197e-05
-2.79024e-05
-2.85889e-05
6.01743e-06
6.75404e-06
5.66179e-06
-1.46825e-05
-1.28464e-05
-1.42707e-05
-6.70295e-06
-6.88523e-06
-8.13278e-06
-3.34912e-18
8.71584e-05
2.64511e-05
0.000301681
0.000231125
4.04798e-18
-1.55574e-18
-5.45925e-35
7.1371e-14
-5.13417e-07
-9.09902e-07
-2.31067e-06
-4.77707e-07
0.000327139
0.000208069
0.000314305
9.36641e-05
2.35824e-05
-1.37305e-05
-9.25383e-06
-2.55905e-05
-2.76473e-05
-4.31751e-05
-2.48767e-05
-4.24077e-05
-4.23096e-05
2.67712e-05
6.72251e-06
-2.47349e-05
-1.52955e-05
-2.65258e-05
-1.60125e-05
-1.10295e-05
0.00021421
9.31105e-05
-1.14585e-05
-1.3055e-05
-7.81478e-35
1.88628e-21
-2.21271e-05
-5.0268e-15
-6.78363e-06
-2.4149e-06
-1.01435e-05
0.000250662
0.00019172
7.03195e-06
5.39491e-05
-4.16573e-05
-5.58191e-05
-5.53331e-05
-8.84279e-05
-6.60887e-05
-4.12847e-05
-6.6074e-05
2.71139e-05
-1.93948e-05
-2.95068e-05
-4.18724e-05
-2.60602e-05
0.000126684
6.46167e-05
-2.8882e-05
-1.97929e-05
-7.84983e-35
-4.06438e-05
-5.83644e-05
-4.20206e-17
-3.51569e-05
-1.26833e-05
1.17155e-05
-8.94686e-05
-0.000109605
-0.000108611
-0.000157281
-7.02977e-05
-6.63337e-05
-6.24286e-05
-5.68737e-05
-4.86553e-05
-3.34159e-05
-1.56668e-18
-0.000186672
-0.000180401
5.43085e-22
-7.27302e-05
-0.000217846
-0.0002082
-0.000182255
-0.000112423
-0.000256951
-0.000108149
-9.5495e-05
-6.57911e-05
-3.09881e-05
-6.94534e-21
-0.000297652
-0.000163404
2.85208e-34
-0.000320565
-0.000296625
-0.000198176
-0.000173301
-0.000116875
-5.42715e-05
1.28782e-17
-0.00034571
-0.000276315
-0.000106303
-1.03956e-22
-0.000353501
-0.000278123
-0.000337244
-0.00020864
-0.000101683
7.56172e-18
-0.000331835
-0.000239915
-9.18372e-05
6.5782e-18
3.31795e-34
-0.000347286
-0.000291482
-0.000334784
-0.000199143
-0.000188531
-0.000258895
-8.7742e-05
-0.000164052
-8.9016e-35
-0.000134336
-0.000335827
2.80492e-34
-0.000307962
-0.00030704
-0.000277626
-0.000194835
-6.02522e-05
-0.0002259
-6.91603e-17
-0.000135779
-0.000232167
-0.000321544
-0.000317773
2.23927e-34
-0.000263504
-0.000312641
-0.000295599
-0.000156183
-4.61255e-05
-0.000284171
-4.10547e-35
-0.00016878
-0.00025048
-0.000292114
-0.000307015
-5.67244e-35
-7.18844e-22
-0.000219034
-0.000305268
-0.000305058
-0.000120279
-3.38918e-05
-0.000294136
-0.000109883
-0.000262824
-0.000203288
-0.000270474
-8.02216e-05
-6.29219e-35
-9.6266e-05
1.46711e-34
-0.000201326
-0.000297188
-0.000278405
-2.82422e-05
-0.000285536
-0.000176209
-0.000256996
-0.000127186
3.22479e-17
-4.02523e-05
-0.000145612
1.00876e-22
-0.000244282
-0.000285098
-0.000282725
-0.000269933
-0.000223639
-8.14775e-05
-0.000166754
-7.08885e-35
-8.54559e-05
-2.05824e-05
-0.000174143
-0.000178994
-1.75923e-22
-0.000214193
-0.000262202
-0.00027397
-0.000237037
-0.000263386
-0.000104427
-3.18781e-17
-6.16267e-05
-0.000130465
-1.89658e-05
-0.000185436
-0.000237192
1.30421e-34
-0.000180387
-0.000257158
-0.000243117
-0.000102356
-7.88521e-35
-6.97795e-05
-0.000118437
-2.16743e-05
-0.000186474
-0.0002124
1.13945e-34
-0.000142488
-0.000243177
-0.000237469
-0.00021936
-0.000112813
1.15615e-20
-7.35625e-05
-2.04888e-05
-0.000193292
1.10531e-34
-0.000127882
-0.00018985
-0.000229981
1.20896e-16
-6.29102e-05
-1.53661e-05
-0.000189278
1.28667e-34
-0.000111707
-8.11697e-35
-0.000162384
-0.00021761
-3.27346e-05
-0.000174506
1.45203e-34
-6.91161e-05
1.10615e-20
-0.000177971
-0.000174277
1.98461e-34
-9.22294e-05
-5.28998e-20
-0.000172722
4.41573e-34
-5.34306e-05
1.05819e-20
4.91505e-35
