1.1831e-34
-1.79161e-22
3.79496e-36
1.54832e-35
9.03917e-06
1.04075e-05
2.14764e-21
-1.888e-06
-3.91864e-35
5.59071e-36
-4.49994e-06
6.87066e-07
-3.29702e-06
-5.26462e-22
1.81082e-35
-9.75027e-36
1.0777e-22
-3.38677e-23
-3.25479e-35
1.18772e-35
-2.80833e-23
5.66335e-21
-4.53881e-37
-2.43621e-35
2.37926e-36
3.09802e-22
-8.14152e-35
9.75594e-22
-3.35557e-36
-8.51167e-36
-1.48587e-35
3.91431e-22
-1.06093e-05
1.57755e-05
5.16864e-06
-5.37677e-06
-4.69569e-06
-2.78788e-36
-4.56269e-06
6.42874e-06
-8.11326e-22
-5.12488e-06
-2.37381e-07
-2.75718e-05
-2.48447e-06
-1.44551e-22
1.55507e-06
8.91288e-08
-5.84661e-36
1.58822e-07
-2.72523e-06
-5.71944e-06
1.46334e-07
-1.41063e-07
1.00317e-07
-2.95765e-36
-3.8683e-06
-3.84273e-35
-4.24779e-05
-1.6009e-05
-2.76367e-05
2.76779e-08
-1.55113e-06
3.04354e-06
1.03353e-35
-5.63905e-08
-9.62069e-07
-1.34773e-35
-6.07815e-06
-1.30295e-35
-1.34959e-35
-6.31283e-36
-1.61164e-36
4.26471e-35
3.49362e-35
3.62951e-36
1.52107e-35
-4.2788e-35
-4.31017e-35
1.26298e-22
5.87409e-36
1.4188e-36
-2.05328e-23
-2.43022e-35
-1.23134e-23
-2.74455e-23
5.11667e-06
5.62443e-06
3.52771e-35
-1.67599e-06
1.97551e-05
-7.53176e-06
-3.47533e-06
-5.1094e-06
9.53508e-07
-6.93616e-06
-1.37895e-07
-5.70599e-06
-6.44406e-06
-3.25966e-06
-2.40596e-05
4.75443e-06
6.50411e-06
2.90759e-21
-5.52069e-07
-2.07946e-06
4.55004e-07
3.30215e-10
-6.02194e-07
-7.62711e-06
-3.15847e-06
-2.10093e-06
3.31077e-06
1.09619e-06
4.59948e-07
-9.28687e-07
-1.14702e-05
-3.66516e-05
-3.69339e-05
-4.47876e-05
-1.19978e-06
7.57142e-07
5.19236e-07
-1.29312e-06
-1.09862e-06
-6.03161e-06
-7.18967e-21
-1.88148e-06
-3.84998e-06
1.44164e-06
1.26259e-06
2.54025e-06
3.83078e-07
-2.92806e-06
-4.0609e-06
5.9447e-07
-4.94963e-07
-1.92071e-07
-1.71598e-06
4.07657e-06
7.37621e-08
1.17882e-05
-2.37194e-07
-1.68499e-05
2.1356e-05
-9.71706e-09
-5.41257e-06
-1.21204e-06
-2.33173e-06
2.17636e-06
-1.02715e-06
-1.04056e-05
1.63458e-06
-2.80443e-06
1.05955e-07
-6.59605e-06
-1.66344e-05
1.67546e-07
9.91492e-07
8.28081e-06
-1.07046e-35
-1.61306e-06
-1.57303e-06
-7.08557e-06
-2.02092e-08
-1.44225e-06
-4.92638e-06
-2.87012e-06
-5.98462e-06
-1.2159e-06
1.17237e-06
-2.44584e-06
2.55876e-06
-5.16377e-06
-1.83617e-07
-4.19357e-05
-4.96696e-05
-1.40131e-05
-6.0357e-05
-3.89321e-05
-4.73723e-07
9.51488e-07
-1.61823e-05
-7.17036e-21
2.83208e-06
1.03074e-06
-2.00555e-08
-1.7439e-06
2.4345e-06
-4.95477e-06
1.07516e-05
-2.04477e-06
-1.92879e-05
-4.06363e-06
2.01992e-05
-6.16794e-06
9.39438e-06
2.10847e-06
-6.37462e-07
4.41205e-07
-2.39985e-05
-1.31834e-05
-9.71784e-06
-5.77112e-06
-1.28783e-05
-2.29904e-05
2.29963e-06
1.07016e-06
1.76426e-06
9.09599e-07
1.04629e-35
-1.00978e-06
-2.55063e-06
1.90365e-06
-1.38562e-06
-1.08368e-05
-5.62547e-07
-1.60524e-06
-3.05642e-06
-3.21257e-06
-2.32209e-06
-8.78295e-07
-4.51402e-07
-3.62111e-06
-3.7897e-05
-4.9826e-05
-4.44932e-05
1.81693e-21
1.13226e-06
5.1208e-06
3.88643e-07
3.41145e-06
-3.85935e-06
-8.03631e-06
9.40906e-06
4.8333e-06
1.66733e-06
8.04994e-06
4.60878e-06
-2.73047e-05
-5.27648e-05
-7.78923e-06
-1.33739e-05
-8.24935e-06
-2.00812e-05
-1.4874e-05
-3.00593e-05
-2.68095e-05
4.41512e-06
2.37909e-06
4.44933e-35
6.69845e-06
7.27551e-06
-3.96696e-06
2.81017e-06
-1.24796e-06
-1.305e-05
-1.33708e-06
-6.91877e-06
-8.63175e-07
9.98396e-07
-4.81209e-06
-5.89877e-05
-3.45161e-05
-1.26788e-33
-4.04682e-06
-9.26406e-07
-3.95571e-06
8.70633e-07
1.63343e-05
1.11028e-05
2.51377e-06
9.89761e-06
1.35307e-05
-4.62498e-05
-1.19005e-05
-1.41717e-05
-2.15771e-05
-3.56378e-05
1.52475e-06
2.57305e-06
3.22163e-06
2.81505e-35
9.28813e-06
-1.25232e-06
-1.51855e-06
-2.36303e-06
-1.07595e-05
-5.98659e-06
-1.3124e-06
-4.30884e-05
1.54489e-21
-5.46724e-08
-3.19782e-06
6.30319e-06
2.07561e-05
1.62855e-05
-9.23954e-07
8.71121e-06
2.0559e-05
1.53193e-05
-4.70079e-05
-1.20721e-05
-2.19989e-05
-3.07967e-05
2.72176e-07
6.09316e-06
1.93674e-35
1.72904e-05
1.76043e-05
-6.33897e-06
-5.84107e-06
-4.51576e-06
-1.76075e-05
-3.60464e-05
-8.42643e-22
-2.58314e-06
1.01768e-05
1.42144e-05
3.18834e-05
3.16837e-05
3.41301e-06
5.58761e-05
4.34908e-05
-4.75299e-05
-2.10848e-05
-3.58743e-05
4.12384e-06
2.21338e-35
1.40934e-05
2.24243e-05
1.99593e-05
1.13373e-05
-7.46429e-06
-2.45536e-06
-3.71597e-05
-6.47723e-33
-9.99427e-07
1.56429e-35
-5.56492e-06
1.92981e-05
5.10933e-06
6.24422e-05
4.89307e-05
4.18676e-05
4.56636e-05
6.31456e-05
6.3154e-05
-4.82996e-05
-3.35388e-05
1.83736e-21
1.26887e-21
1.81717e-06
7.14365e-06
2.40757e-05
9.39746e-06
1.60026e-05
-1.15665e-05
-3.17827e-05
-1.00564e-32
-3.51681e-06
-2.06208e-18
1.33339e-13
-6.50301e-05
-1.1248e-05
-7.01166e-35
2.16189e-05
6.31638e-06
7.95001e-05
6.81981e-05
5.08227e-05
6.738e-05
1.65428e-33
8.39881e-22
-3.41132e-20
-4.99171e-05
-3.43431e-05
-2.04593e-21
1.08744e-05
8.30385e-05
8.27879e-05
5.8314e-06
4.5007e-05
-3.13257e-05
-9.86355e-06
7.13046e-23
-7.14943e-06
-0.000165738
6.79918e-13
-6.97121e-05
-2.05362e-05
-0.000141219
-8.90738e-35
-4.02805e-05
3.30126e-05
1.11873e-05
6.29881e-05
6.5207e-05
3.49922e-05
5.3841e-05
1.68455e-19
7.90446e-20
-3.83063e-05
-3.82895e-05
2.59856e-35
3.93603e-05
3.88815e-34
4.10347e-05
2.10162e-34
-2.20579e-05
-6.06531e-06
2.91825e-23
-2.4721e-06
-2.04348e-05
-0.000202387
-0.000140533
-1.66871e-14
-0.000167345
-5.94853e-35
-2.66871e-05
-9.95273e-05
4.63082e-05
8.7066e-08
3.42811e-05
1.78957e-05
4.34363e-05
3.81686e-22
1.57623e-05
-1.83292e-21
4.3343e-05
-2.84013e-05
-2.05118e-05
1.43488e-20
2.20793e-35
-1.02742e-05
-2.42659e-06
-2.12414e-23
4.5348e-06
-1.2552e-05
-0.000184657
-0.000223036
1.70223e-13
-0.000200301
-0.000114312
-7.84822e-35
-7.39587e-05
-2.02611e-05
-0.00013124
-1.40221e-08
-5.84545e-38
-4.75672e-08
-1.83466e-37
-1.03934e-34
-0.000173272
2.9417e-05
1.65534e-05
1.88316e-05
2.97864e-05
4.97454e-06
6.41196e-22
-1.49486e-05
-1.15623e-05
-7.89109e-06
-3.70822e-06
-7.2071e-07
-6.22464e-24
-3.62302e-07
-0.000219737
-0.00022126
-0.00024627
3.7843e-14
-0.000139988
-6.17283e-05
-0.000121295
-2.15064e-05
3.75809e-07
8.03783e-24
-1.13308e-07
6.03897e-34
-0.000103673
-2.26738e-17
-0.000184899
1.75332e-05
2.08301e-05
7.14878e-06
1.45925e-05
5.15668e-06
1.135e-22
-3.43289e-06
-4.20221e-06
-2.94509e-06
-2.13293e-06
-6.87943e-07
1.52837e-24
2.8746e-08
-0.000235674
-0.000191526
-0.000243801
-0.000260746
-2.68488e-15
-7.51289e-05
-0.000142271
-1.88651e-05
-1.0699e-06
-1.49061e-06
-3.28373e-06
-1.65723e-33
1.35967e-10
-0.000134042
4.48422e-17
-0.000200155
1.29805e-05
1.21768e-05
6.38333e-06
1.50243e-06
5.48604e-06
1.19789e-06
-1.18294e-22
1.13145e-07
2.19941e-07
4.34635e-07
-8.76322e-33
7.56045e-07
-0.000248683
-0.000218809
-0.000266147
-0.000273636
1.82181e-13
-4.59568e-05
-0.000120493
-1.3428e-05
3.25743e-33
-8.34605e-06
-2.74074e-33
-0.000119131
-5.09346e-18
-0.000183837
8.66301e-06
6.16208e-06
-2.13911e-18
-2.51877e-18
-1.27013e-21
-1.92641e-18
7.89262e-19
-5.03018e-35
-1.29113e-34
-3.29574e-21
-4.64232e-19
5.05415e-06
-2.09772e-05
2.79863e-06
2.15059e-06
7.74058e-07
9.19109e-23
2.26354e-06
3.15696e-06
2.90296e-06
1.20913e-06
-8.46877e-33
4.01137e-06
-0.000230905
-0.000267306
-0.000159118
-0.000256165
-0.000285399
-3.02447e-05
6.29171e-14
-9.95498e-05
-1.94882e-05
3.91026e-33
-4.2992e-33
-0.000169868
4.23626e-06
1.70359e-06
-4.84628e-05
-1.85772e-20
-2.86086e-05
-4.73127e-35
-1.93415e-05
-3.05716e-05
-4.01855e-05
-3.19404e-05
-1.07212e-17
-0.000110287
-1.71466e-05
2.80544e-06
-4.67374e-05
-8.17134e-35
-2.01256e-21
-7.52864e-18
-6.43486e-21
-3.42873e-35
2.821e-20
-1.8225e-20
3.71465e-21
2.99677e-19
-4.03373e-35
3.66192e-19
2.23555e-06
-9.83341e-06
2.95241e-06
-2.24247e-07
-1.93976e-06
-2.87062e-07
7.96095e-33
5.29745e-06
8.50415e-06
7.41734e-06
7.30854e-23
-0.000211111
-0.000277073
-0.000185253
-0.000282353
-0.000297037
-0.000101299
-2.99955e-05
4.38588e-13
-3.8184e-05
1.13279e-22
-4.39604e-07
5.03988e-07
-2.1751e-06
-8.89068e-05
-6.53428e-05
2.04775e-21
-1.53791e-05
-3.83756e-05
-4.9816e-05
-4.3295e-05
-5.30231e-05
-6.82133e-05
-6.81621e-05
-6.26293e-05
-1.40275e-34
-4.45099e-05
8.93743e-07
-7.13618e-05
-2.72637e-05
-1.04929e-05
-2.42881e-06
-8.29122e-06
-9.46693e-06
-1.80468e-05
-1.52177e-05
-3.38069e-05
-8.59954e-06
-6.69112e-22
1.04004e-05
-1.41284e-05
-8.52197e-23
1.87835e-19
-3.25902e-35
-6.51912e-33
4.07394e-35
5.50158e-22
-1.0665e-18
-6.80322e-19
2.08464e-19
-1.0914e-18
-1.38496e-18
-8.98542e-35
-0.000100374
-1.90303e-05
4.22604e-06
-2.84451e-06
-8.52374e-06
-7.26605e-06
-1.5022e-06
7.71486e-33
1.04207e-05
1.76403e-05
1.76279e-05
5.46441e-06
-7.85981e-33
-0.000219627
-0.000114184
-0.000285475
-0.000245816
-0.000302092
-2.85182e-05
6.23691e-13
-6.49869e-05
-5.29113e-05
1.15906e-33
-4.77568e-06
-0.000126432
-0.000125349
-0.000135639
-9.21368e-05
-8.23358e-05
-2.7343e-05
-6.18418e-05
-7.5346e-05
-7.36933e-05
-9.53638e-05
-9.25851e-05
-0.0001795
-8.45974e-05
-9.59821e-07
-1.50712e-05
-2.35589e-05
-2.28319e-05
-3.00605e-05
-5.11954e-05
-2.28557e-06
-4.45757e-06
3.37118e-05
2.40879e-05
-2.16523e-05
-1.94641e-35
-4.64585e-35
-6.96143e-07
-8.12758e-06
-2.15323e-35
-9.84867e-23
7.4058e-07
-1.72049e-06
-2.22535e-06
-4.48623e-06
-2.38936e-35
-2.9705e-06
-1.19153e-05
-0.00019934
-0.000159354
-2.80596e-05
-2.49799e-05
1.45863e-36
-6.25136e-22
1.51284e-23
-8.47438e-05
-0.000247079
5.11714e-06
-7.82631e-06
-1.58534e-05
-1.96396e-05
7.46608e-33
-3.21731e-06
2.07088e-05
3.50193e-05
1.84734e-05
-0.000113913
-0.000217935
-0.000303407
-0.000296194
-2.89715e-05
6.75923e-13
-9.67057e-05
-8.32252e-06
-5.41494e-07
-8.72762e-06
-0.00017931
-0.000212642
-0.000132671
-0.000193205
-4.70096e-05
-7.44183e-05
-0.000101007
-0.000108184
-0.000134484
-2.4079e-05
-1.52083e-05
-4.27991e-05
-4.51722e-05
-5.05372e-05
-1.80156e-05
6.51931e-05
5.88037e-05
-3.36034e-05
5.6095e-19
-4.39339e-06
-9.72797e-06
-2.85705e-06
-7.67902e-06
-9.25452e-06
-1.20027e-05
-2.52825e-06
-7.35302e-06
-5.96895e-06
-1.5621e-05
-3.2028e-05
-3.80116e-05
-2.18799e-19
-8.78446e-36
1.30988e-07
2.02305e-05
-0.000113061
-0.000280607
-0.000312045
-1.35454e-37
6.37141e-19
2.14247e-19
-6.61088e-19
-1.16273e-20
-6.21374e-37
3.46279e-19
1.51373e-22
5.79602e-36
-2.53233e-05
2.24028e-36
3.2823e-22
-2.16685e-36
-0.000238493
-9.11698e-20
-1.45071e-35
-7.29072e-23
-4.10872e-19
2.53435e-36
-9.32011e-22
1.41791e-05
-4.60528e-05
-2.56411e-06
-6.03838e-06
-1.35908e-05
-3.55009e-05
-2.46927e-05
-3.50355e-05
7.21591e-33
4.36014e-05
7.39178e-05
-9.22004e-05
-0.000250836
-0.000329011
2.46831e-12
4.70093e-06
6.32825e-05
1.44183e-35
-0.000295727
-0.00020564
-0.000295202
-7.8521e-05
-0.000105156
-0.000138531
-0.000146433
-0.000160003
-0.000182486
-2.95496e-05
-2.55197e-05
-4.86896e-05
-6.34588e-05
0.00011319
9.17676e-05
-3.46573e-06
-7.06321e-06
-6.23885e-06
-1.48443e-05
-7.53844e-06
-1.54405e-05
-1.00767e-05
-2.19422e-05
-5.2579e-05
-9.37938e-08
-4.04942e-06
-6.83819e-07
-1.32978e-06
-0.000351971
-1.03635e-06
2.94918e-06
1.76755e-35
9.72355e-07
7.22669e-07
-4.55427e-06
2.0963e-06
-1.05357e-07
-3.97326e-06
2.19447e-06
3.39164e-07
-6.11999e-06
-6.22622e-07
1.18093e-06
1.08166e-05
6.12558e-05
-3.82072e-06
8.98066e-20
2.88028e-35
8.24015e-36
8.67913e-22
3.37121e-36
-2.0942e-18
1.10758e-35
8.11671e-22
-1.80991e-18
-5.06962e-36
3.17688e-22
1.48446e-35
-5.40501e-20
1.76388e-35
2.14351e-18
3.49603e-22
7.13984e-20
7.75892e-06
-4.04454e-05
-6.628e-05
-1.31931e-06
-2.57285e-05
-1.77419e-05
-5.47371e-05
-6.81543e-05
-5.59133e-05
-1.07528e-22
4.56924e-05
0.000158691
-7.45583e-05
-0.00034475
-0.000226034
-1.00259e-33
0.000123333
0.000107463
-1.14415e-33
-0.000372722
-0.000270138
-0.000354522
-0.000106664
-0.000149274
-0.000215521
-0.000221765
-3.41506e-05
-6.52256e-05
-9.20031e-05
0.000163243
9.65591e-05
-6.7487e-06
-9.5418e-06
-1.18697e-05
-2.18519e-05
-1.9562e-05
-9.90419e-06
5.06464e-07
-4.96523e-06
-1.93134e-06
-2.94928e-06
5.8329e-06
3.41991e-06
1.47335e-06
8.00563e-07
2.05774e-06
1.61138e-06
-5.61195e-06
-4.77071e-06
3.31629e-06
-9.18188e-06
0.000158063
4.58657e-06
1.12472e-05
6.31855e-06
5.46516e-06
3.47849e-36
2.81289e-06
-1.30543e-35
7.66406e-06
4.40448e-06
5.65768e-06
5.95126e-06
2.35124e-19
2.1792e-06
7.99066e-06
6.11793e-06
1.41051e-35
6.90966e-06
-4.07582e-19
7.46737e-06
1.33884e-05
-5.48832e-05
-9.50923e-05
2.66218e-06
2.57719e-18
3.61242e-18
1.5525e-19
2.17979e-19
-7.84291e-19
-2.54637e-19
1.06645e-05
-6.23403e-05
-6.10478e-05
-1.62735e-05
-0.000107425
-0.000112468
1.92346e-21
-9.37178e-06
0.000220929
0.000227076
-7.80018e-05
-0.000235106
-0.000350647
-1.83689e-33
0.000194041
0.000118673
4.57909e-07
-0.000385746
-0.000310921
-0.000382868
-0.000174124
-0.000279099
-3.27561e-05
-8.81352e-05
-0.000137569
0.000152542
5.33297e-05
-1.10083e-05
-1.62254e-05
-2.00877e-05
-1.12311e-06
1.38576e-07
-6.51451e-06
-4.96128e-06
4.71447e-06
8.35055e-06
4.86578e-06
2.57373e-06
2.67171e-06
-3.639e-06
8.34753e-06
1.10652e-05
1.23967e-05
2.00997e-05
1.39356e-05
1.52326e-05
1.45265e-05
1.5901e-07
1.27667e-05
1.08564e-05
1.20029e-05
1.65774e-05
1.12328e-05
6.95813e-06
9.50004e-06
2.01173e-05
1.66851e-05
-5.04488e-05
6.67803e-06
6.72413e-06
1.59657e-05
4.05223e-35
9.87925e-06
1.27721e-06
1.18949e-05
2.65915e-35
5.10918e-22
4.22426e-05
-0.000115706
-2.51631e-05
-0.00012674
-0.000181166
2.47462e-22
-6.02339e-05
0.00020435
0.000171575
-0.000111787
-0.000280088
-3.27273e-33
0.000105516
-4.83868e-33
-0.00037674
-0.000359367
-0.000229265
-3.70997e-05
-0.000132786
-7.51593e-05
6.26204e-05
-2.21752e-05
-8.90823e-06
-6.61294e-06
-3.7469e-06
8.26542e-06
1.0199e-05
3.89756e-06
1.50891e-05
2.08342e-05
2.80203e-05
1.28929e-05
1.93951e-05
2.31298e-05
1.67486e-05
1.64397e-05
2.00858e-05
1.19626e-05
2.79443e-05
2.07652e-05
1.81026e-05
1.69783e-05
2.26873e-05
1.30041e-05
1.48774e-05
9.27607e-06
-4.40148e-21
-6.45702e-05
-1.42348e-18
-1.18927e-17
-3.82075e-19
-1.03663e-09
2.41997e-19
5.3925e-35
-4.33707e-18
-4.30018e-19
-1.64924e-05
3.96998e-37
-5.06938e-33
-0.000166774
7.9042e-06
-7.17795e-05
3.33144e-05
-0.000152129
-0.00020432
-0.000234002
6.48843e-21
0.000122773
4.84682e-05
-0.000161843
-0.00030466
3.2807e-05
4.70002e-05
-0.000374008
-0.000308008
-0.000206033
-2.95562e-05
-5.09011e-05
-0.000110624
-7.52706e-05
-1.05492e-05
-5.53497e-06
1.91017e-05
1.49938e-05
4.5574e-06
2.34709e-05
3.22129e-05
3.54542e-05
3.13655e-05
3.08342e-05
3.98722e-05
2.49443e-05
2.90824e-05
3.15722e-05
3.10955e-05
2.16784e-05
3.26679e-05
1.05744e-05
2.25182e-05
1.78183e-05
2.48931e-05
2.94296e-18
-8.44254e-07
-5.98066e-05
7.09468e-06
1.84306e-05
3.90559e-05
1.88495e-05
3.21242e-05
-0.000180024
-5.66668e-05
1.1422e-05
7.83348e-05
7.5253e-05
-0.000226315
-0.000177011
-9.55262e-05
-0.000193902
3.24222e-05
5.47545e-33
2.55142e-05
-3.64344e-05
-0.000192851
-0.000310402
-5.44141e-05
-1.51584e-05
-0.000295605
-0.000172009
-1.0988e-05
-5.14701e-05
-0.000111081
3.74164e-05
1.9088e-05
4.34401e-05
5.83028e-05
4.78123e-05
4.78481e-05
5.22244e-05
4.61486e-05
3.68343e-05
5.48727e-05
2.092e-05
6.27653e-06
3.2682e-05
2.12719e-05
4.4065e-05
1.27387e-05
3.91071e-35
3.38449e-05
2.98599e-05
4.6101e-05
4.16306e-05
2.7757e-05
-0.000111847
6.59723e-05
1.94112e-35
8.44235e-05
5.67428e-05
-0.000143718
-9.11591e-05
-9.60384e-05
3.10898e-05
1.34609e-05
4.32551e-33
-7.38713e-06
-4.91484e-05
-0.000186838
-6.76332e-05
3.02263e-05
-0.000136325
-2.91587e-05
2.1507e-05
2.64196e-05
5.49849e-05
7.14532e-05
8.68831e-05
7.10421e-05
7.48355e-05
7.04028e-05
6.34664e-05
8.46831e-05
3.65367e-05
3.25244e-05
5.2872e-05
4.49985e-05
2.08538e-05
2.71822e-05
6.97191e-35
5.70157e-05
5.88855e-05
4.81223e-33
-3.22296e-05
7.15605e-07
-7.89221e-07
-1.10409e-33
4.4087e-07
1.07145e-33
-5.53163e-07
1.87957e-05
-3.93161e-33
7.02303e-06
2.76375e-33
5.32682e-05
8.85056e-06
0.000114936
7.25182e-05
0.000105693
8.96604e-05
0.000125065
0.000115019
0.000140861
0.000110092
9.42115e-05
9.58451e-05
0.000131667
5.98416e-05
7.28123e-05
7.00266e-05
4.77212e-05
4.21705e-05
3.16121e-05
9.70393e-35
8.09994e-05
7.85366e-21
5.09492e-33
6.62667e-05
-3.30538e-33
1.10856e-05
4.2169e-06
1.65084e-06
1.65852e-33
0.000203827
0.000217263
0.000231154
0.000185168
0.000212674
0.000175422
0.000145545
0.000111197
0.000160707
0.00010781
0.000106406
6.87493e-05
5.65885e-05
2.76562e-05
1.36743e-18
5.55132e-05
0.000107409
-6.42931e-10
0.000100619
0.000245931
-5.79707e-12
-6.29383e-07
-2.56816e-07
8.28437e-34
0.000329827
0.000317195
0.000266638
0.00021044
0.000157414
0.000231468
9.19319e-05
3.79185e-05
-4.30571e-18
7.70013e-05
0.000145513
0.000102633
3.19719e-33
0.000283066
0.000108506
0.00037363
-5.81039e-34
3.26723e-08
6.13935e-08
1.68702e-38
0.000369751
0.000308043
0.000214305
0.000292809
0.000151048
7.34642e-05
5.43973e-18
0.000139768
0.000183781
4.20054e-18
1.76715e-33
0.000378508
0.000272054
9.50433e-05
2.32515e-37
3.29755e-08
0.000369581
0.000250661
0.000325374
0.000120199
6.70695e-05
0.000214649
2.35324e-18
9.30097e-34
0.000367308
0.000343207
0.000234918
8.30904e-05
0.000322016
0.000164658
8.69331e-05
0.000276443
-6.13739e-19
-4.74841e-12
4.7061e-05
0.000342441
0.000306797
0.000177998
0.000180461
0.00010821
0.000258132
0.000323515
7.08147e-05
1.33571e-18
6.47425e-05
-1.01511e-13
0.000318158
0.000279722
0.000197485
0.00023449
0.000134582
0.000298357
-4.31338e-18
1.24873e-34
0.000239851
0.000171478
7.20466e-05
2.31026e-05
6.85745e-13
0.000276443
0.000306185
0.000298575
0.000155461
-8.96926e-18
0.000272625
0.000148441
0.000201779
0.000102711
2.51069e-05
-3.32412e-13
0.000280764
0.000298412
0.000244833
8.7915e-18
0.000284213
0.000196854
5.86823e-35
0.000213483
0.000113944
4.41445e-05
-1.88679e-13
0.000285417
0.000271521
0.000269292
0.000167088
0.000106236
0.00023998
2.85621e-18
0.000182275
0.000244269
0.000110947
1.33825e-05
5.28878e-05
-1.23551e-13
0.000265114
0.000263613
0.000211552
0.000132135
-1.86822e-19
0.000123881
0.000170932
0.000224729
0.000111528
1.59294e-05
5.74905e-05
-7.71141e-14
0.000247452
0.000247512
0.000227677
0.000216236
5.23391e-35
0.000145147
0.000169895
0.000104828
1.40702e-05
5.05584e-05
-6.00844e-14
0.000212827
0.000232312
0.000211772
6.16191e-35
0.000129555
0.000153595
8.34769e-05
1.90003e-05
-7.23274e-14
0.000198598
0.000212475
0.000150621
-9.63667e-19
0.000124662
3.45055e-05
-7.56216e-15
0.000169165
0.000176801
7.10513e-35
5.87055e-05
-1.19573e-13
0.000128345
0.000142772
8.15347e-19
3.5987e-13
4.2468e-05
4.58377e-35
-7.43345e-36
