8.8458e-51
1.76957e-50
6.29741e-36
-6.29893e-36
1.08909e-35
-1.72713e-20
-1.08938e-35
1.59413e-35
1.85356e-19
-1.59455e-35
2.09917e-35
-1.95339e-18
-2.09973e-35
2.60421e-35
1.92728e-17
-2.6049e-35
3.10925e-35
-3.11008e-35
3.61429e-35
6.34624e-17
-3.61526e-35
4.11933e-35
-1.40494e-15
4.62437e-35
-4.12043e-35
5.12941e-35
4.28307e-15
-4.62561e-35
5.63445e-35
-1.797e-14
-5.13078e-35
6.13949e-35
3.55456e-14
-5.63596e-35
-2.20746e-35
1.6183e-35
6.64453e-35
6.13951e-14
-6.14113e-35
5.21342e-36
-9.81751e-35
1.51279e-05
1.00913e-35
2.16144e-05
6.04308e-36
7.14957e-35
-6.7169e-13
-6.64631e-35
1.82553e-05
-3.03123e-35
2.27927e-05
1.99826e-36
1.60648e-05
2.34626e-05
8.26721e-06
7.65461e-35
3.51963e-12
-7.15148e-35
-3.83538e-35
1.76371e-05
1.06423e-05
-2.07421e-36
1.59072e-06
2.20746e-35
-6.01571e-36
-1.01727e-35
-1.42503e-35
-1.02469e-35
1.71214e-05
2.00383e-05
1.00843e-05
-2.9543e-35
8.15965e-35
-7.65668e-35
-2.31739e-12
1.57192e-05
7.1489e-06
-7.92227e-06
7.9783e-08
9.71065e-35
-1.37779e-05
-2.08961e-05
-1.89863e-05
1.46578e-05
1.4244e-05
7.02839e-06
1.40532e-06
-2.42196e-35
8.66471e-35
-8.16176e-35
-1.58256e-10
1.00318e-05
4.01485e-06
-4.21285e-06
-1.84887e-05
-1.29161e-05
3.40588e-35
-1.87565e-05
-2.37739e-05
-2.31076e-05
9.82133e-06
8.92157e-06
3.18137e-06
-1.90375e-35
7.35925e-07
3.05053e-06
-8.66722e-35
9.1699e-35
-4.84022e-10
5.90664e-06
3.66249e-35
-7.17188e-06
-1.34833e-05
-1.99653e-05
-1.04134e-05
-1.5948e-05
-2.08886e-06
5.54568e-06
5.09768e-06
-3.86752e-06
4.91573e-07
-1.37562e-35
7.25261e-07
2.17908e-06
-8.49085e-36
-9.1593e-35
9.71647e-35
9.23089e-09
3.09232e-06
2.97042e-35
-7.56097e-06
-1.05926e-05
-1.17684e-05
-6.75368e-06
-1.30355e-06
3.34836e-06
2.68911e-06
-3.44798e-06
-7.9174e-07
1.55364e-06
3.13751e-07
1.47015e-07
1.05091e-06
5.53094e-08
-3.1403e-36
-9.51416e-35
1.02655e-34
5.78218e-08
1.38007e-06
2.41664e-35
-5.19269e-06
-5.80582e-06
-4.02766e-06
-1.00153e-06
1.0279e-06
-2.76143e-06
-1.11737e-06
7.34176e-07
4.77211e-07
6.62074e-07
2.02511e-07
2.24064e-36
2.15413e-08
-9.69157e-35
1.07585e-34
1.5077e-07
5.25917e-07
1.90502e-35
-3.14534e-06
-2.20803e-06
-7.33505e-07
-5.92135e-07
-1.59838e-06
-1.62462e-06
1.75408e-07
3.20043e-07
2.9565e-07
7.64539e-36
7.69891e-08
5.58508e-09
-1.01096e-34
1.1208e-34
2.53377e-07
-2.99566e-07
1.37681e-35
-1.07081e-06
-3.44893e-07
-9.40583e-07
-9.19212e-07
8.95872e-08
-1.0033e-07
1.30605e-35
1.28867e-07
1.20613e-07
2.0529e-09
2.70245e-08
4.6863e-08
-1.13747e-34
1.15415e-34
3.8833e-07
1.22432e-34
2.18866e-35
8.49506e-36
-4.35932e-07
-1.60986e-07
-5.72653e-07
-5.14828e-07
-2.41197e-07
4.33481e-08
-1.0781e-07
1.84773e-35
1.3827e-08
1.40412e-09
4.41509e-08
9.46425e-09
1.3713e-08
1.10332e-34
1.40053e-34
-1.19475e-34
1.27099e-06
3.26642e-06
2.82924e-06
-2.15083e-36
3.13528e-36
-5.55099e-08
-2.71916e-07
-2.50006e-07
-1.4287e-07
-8.07782e-08
-2.86018e-08
-2.82815e-09
2.38868e-35
3.7201e-09
5.5574e-10
1.26658e-08
-6.00803e-09
-2.63807e-08
-3.75118e-07
-1.05498e-34
5.42674e-07
5.92672e-36
-2.16858e-08
-2.24731e-36
-8.39325e-08
-7.22171e-08
-3.1208e-08
-3.38298e-08
-1.17637e-08
-2.03353e-08
2.92856e-35
-2.5369e-09
-4.38209e-08
-8.28056e-09
-1.41827e-07
-7.94204e-08
-1.99314e-06
-9.37262e-06
-2.08055e-35
6.24804e-35
-6.73963e-36
-7.28518e-09
-7.64714e-36
-3.1437e-08
-1.17531e-08
-1.20989e-08
-1.40228e-08
-7.68041e-10
3.99534e-35
-6.14039e-08
3.46237e-35
4.50261e-35
-2.20455e-08
-7.03267e-08
-1.63565e-07
-2.93419e-07
-2.39529e-07
7.23029e-35
4.91681e-35
5.25427e-35
6.71009e-35
5.70903e-35
-2.02492e-05
-3.19843e-05
-3.69357e-05
-2.38298e-05
-1.08112e-35
-1.30634e-35
-3.00728e-09
-1.42977e-09
7.59224e-09
1.21905e-09
1.51814e-08
-5.48426e-07
-2.14743e-07
-1.35628e-06
-6.03407e-08
-3.4582e-07
-6.22656e-07
-5.84771e-07
-1.23703e-05
-3.00003e-06
-5.57378e-06
-6.32828e-06
-2.84364e-05
-4.22232e-05
-4.12548e-05
-2.62899e-05
-1.68287e-35
-1.84792e-35
-2.31307e-09
1.34215e-08
4.0561e-08
3.88789e-08
1.31457e-07
7.9777e-08
-1.45203e-06
-3.12773e-06
-5.59776e-06
-2.05352e-07
-7.73088e-07
-1.10068e-06
-1.59439e-05
-9.62749e-06
-1.2562e-05
-2.79178e-05
-3.08959e-05
-3.84398e-05
-3.68109e-05
-3.64469e-05
-1.83018e-35
-2.38909e-35
1.85953e-09
6.40017e-08
1.35501e-07
3.69106e-07
3.34769e-07
2.03242e-07
-1.90325e-06
-4.31717e-06
-6.62754e-06
-1.08129e-05
-4.27665e-07
-1.58044e-06
-2.11481e-05
-1.63288e-05
-3.03472e-05
-2.92792e-05
-3.09965e-05
-5.0401e-37
-2.92872e-35
1.93525e-08
6.89961e-08
2.36516e-07
7.00184e-07
7.55381e-07
4.30426e-07
-4.04553e-06
-9.14544e-06
-6.26406e-06
-2.34343e-06
-8.69311e-07
-2.28976e-05
-1.58847e-05
-9.8693e-06
-2.05637e-05
-1.0825e-05
-2.13444e-05
-1.94365e-05
-6.27733e-36
-3.4642e-35
1.87538e-07
6.08221e-07
1.29681e-06
1.5494e-06
7.84667e-07
-3.3288e-06
-5.1608e-06
-5.98062e-09
1.72091e-06
-1.33894e-05
-6.45035e-06
-1.40944e-05
-8.37379e-06
-9.41438e-06
-1.32063e-36
-3.99486e-35
2.27886e-06
4.97757e-07
1.44022e-06
2.91644e-06
3.6926e-06
-1.22212e-07
-1.70084e-06
3.2752e-06
-6.76039e-06
-5.91473e-07
3.34572e-06
-2.88839e-06
1.19616e-06
2.19616e-36
-1.06843e-06
-4.49901e-35
3.10615e-06
1.46064e-06
6.58009e-06
6.67049e-06
5.09298e-06
5.371e-06
8.47241e-06
1.27628e-05
1.02177e-05
1.03991e-05
5.99448e-36
8.47099e-06
-4.91776e-35
2.80364e-06
5.57458e-06
1.07534e-05
1.13313e-05
9.58256e-06
1.74244e-05
1.71323e-05
2.09427e-05
-8.20967e-37
2.09679e-05
9.01816e-06
-5.2567e-35
5.55061e-06
1.28656e-05
1.70683e-05
2.49117e-05
2.51638e-05
3.27662e-05
1.73269e-35
2.88637e-05
-5.7106e-35
6.33127e-06
1.67682e-05
2.87696e-05
1.64113e-35
3.31384e-05
3.908e-05
3.02571e-05
-6.70873e-35
1.04281e-05
2.8231e-05
-2.18866e-35
1.33027e-35
2.78354e-05
8.28755e-36
-7.44015e-36
1.76484e-36
3.95842e-05
4.16905e-05
-7.23948e-35
2.37809e-05
4.07724e-05
-1.41012e-34
1.27163e-06
1.74729e-05
3.89745e-07
3.72173e-05
-6.18737e-35
2.67792e-05
-1.13065e-34
2.97318e-06
-3.2025e-06
2.3528e-35
-1.24941e-34
1.02177e-34
-2.0657e-06
-2.85525e-06
-1.16848e-34
1.21981e-34
-8.56805e-07
-1.13626e-34
1.15021e-34
-3.31852e-07
1.02329e-34
-1.08842e-34
9.81218e-35
-2.15628e-07
-1.03934e-34
9.6301e-35
-9.89304e-08
-9.83402e-35
9.27033e-35
-2.66531e-08
-9.28112e-35
8.7722e-35
7.94362e-10
-8.7698e-35
8.26075e-35
3.73734e-11
-8.25855e-35
7.74948e-35
8.33924e-12
-7.7474e-35
7.23818e-35
-2.04825e-12
-7.23624e-35
6.72688e-35
1.69483e-13
-6.72508e-35
6.21558e-35
-2.49438e-14
-6.21392e-35
5.70428e-35
4.83166e-15
-5.70276e-35
5.19298e-35
-3.5025e-16
-5.19159e-35
4.68168e-35
-4.68043e-35
-7.48634e-16
4.17038e-35
-4.16927e-35
1.40791e-15
3.65908e-35
-3.65811e-35
-1.22686e-16
3.14778e-35
-3.14694e-35
3.26833e-17
2.63648e-35
-2.63578e-35
-7.09796e-18
2.12518e-35
-2.12462e-35
1.10258e-35
5.54634e-19
1.61388e-35
-1.61346e-35
6.37529e-36
-3.83343e-20
-1.1023e-35
-6.92065e-50
-5.28505e-21
-6.37375e-36
2.79846e-50
