0 0.00140839
0 0.00151278
4.03697e-06 0.00140534
0 0.0012982
0 0.000831841
0 0.00109405
0 0.000276832
0 0.000921548
0 0.00119115
0 0.000425464
0 0.000503354
0 0.000369165
0 0.00032396
0 0.00100546
0 0.000226084
0 0.000604278
0 0.000128831
0 0.000172118
0 0.000721095
4.96855e-06 0.000347231
0 0.00162025
4.70173e-06 0.00153876
4.51627e-06 0.00123834
8.76706e-06 0.00146274
7.67934e-06 0.00131585
6.03091e-06 0.000839502
4.56633e-06 0.0010939
5.79116e-06 0.000296881
6.21188e-06 0.000244704
7.47587e-06 0.000986686
5.27976e-06 0.000465144
5.21062e-06 0.000400699
5.94378e-06 0.000550134
7.20919e-06 0.000188484
5.82425e-06 0.000682395
8.61992e-06 0.000109117
1.05019e-05 0.000145115
0 9.26969e-05
8.8699e-06 0.000377916
9.90353e-06 0.000324232
0 2.84628e-05
0 5.87495e-05
1.43894e-05 0.000191069
4.58279e-06 0.00168251
0 0.00174355
9.20333e-06 0.00158592
9.86692e-06 0.00115731
1.28612e-05 0.00134317
1.47265e-05 0.00151815
1.1439e-05 0.000754815
1.39452e-05 0.000899853
1.23919e-05 0.000255471
1.4229e-05 0.00104549
1.10171e-05 0.000450618
1.09591e-05 0.00058106
1.31742e-05 7.63164e-05
1.73755e-05 0.000117481
2.0532e-05 0.000163176
1.32748e-05 0.000369335
1.55127e-05 0.000306518
1.41198e-05 3.65555e-05
0 0
1.96437e-05 0.000219639
5.27509e-06 0.00187966
8.73136e-06 0.00174092
0 0.00187172
1.34423e-05 0.00171783
1.87062e-05 0.00117579
2.06821e-05 0.00135917
1.8267e-05 0.00168763
2.3664e-05 0.00154521
2.12415e-05 0.000779476
1.60938e-05 0.000636743
2.27552e-05 0.00097595
2.37479e-05 0.000261786
1.92808e-05 0.000401515
1.83422e-05 0.00050021
2.75797e-05 9.61449e-05
2.51629e-05 5.94851e-05
2.90613e-05 0.000139473
3.00563e-05 0.000193688
2.04838e-05 0.000333736
3.03158e-05 3.43494e-05
1.71998e-05 0
1.16939e-05 0.00193149
0 0.00199598
6.56628e-06 0.00206499
2.05592e-05 0.00193971
3.3758e-05 0.00113089
3.02957e-05 0.00137718
2.58347e-05 0.00174519
3.87654e-05 0.00158877
2.64076e-05 0.000623087
3.23638e-05 0.000873474
4.17085e-05 0.000238306
3.1727e-05 0.000328276
3.02983e-05 0.000438916
4.16869e-05 7.59415e-05
4.53823e-05 0.000139347
4.91877e-05 3.66469e-05
3.76851e-05 0
6.72589e-05 0.000191664
1.34924e-05 0.0021054
0 0.00211176
7.51765e-06 0.00219485
3.55285e-05 0.0018831
3.22515e-05 0.00210005
2.11634e-05 0.00213839
4.83038e-05 0.000928838
6.3339e-05 0.00109618
4.80428e-05 0.00132511
5.74169e-05 0.00179793
6.55025e-05 0.00154963
4.44546e-05 0.00071675
4.16781e-05 0.000529231
5.49464e-05 0.000357478
6.82845e-05 8.04692e-05
6.88261e-05 0
0.000102116 0.000132722
0.000105322 0.000272852
8.12594e-05 0.000408001
1.62435e-05 0.00222964
0 0.0022082
7.59017e-06 0.00227403
5.35655e-05 0.00204516
2.97526e-05 0.00224359
4.69171e-05 0.00220655
7.77004e-05 0.000837571
0.000110481 0.00105102
8.08202e-05 0.00131315
9.96202e-05 0.00173212
9.07957e-05 0.00198882
0.000118424 0.00150911
7.17199e-05 0.000599791
0.00011759 5.81783e-05
0.000121217 0
0.000160629 0.000156932
0.000123366 0.000510241
0.000183339 0.000345384
2.09316e-05 0.00229219
1.41127e-05 0.00229209
0 0.00227543
8.21412e-06 0.00232453
0 0.00231914
7.88073e-05 0.00219519
3.0713e-05 0.00232215
5.23792e-05 0.00229986
0.000133578 0.000747837
0.000132632 0.00128541
0.00020739 0.00117736
0.000169655 0.000951392
0.000154994 0.00188847
0.00018364 0.00163255
0.000144118 0.00216102
0.000219127 0.00140664
0.000213709 0
0.000261529 0.000164215
0.000217036 0.0005773
0.000321571 0.000392336
1.54121e-05 0.00233906
0 0.00235093
9.90375e-05 0.00231692
2.49623e-05 0.00236006
4.14586e-05 0.00236591
6.78565e-05 0.00236681
0.000258257 0.000801051
0.000291771 0.00102988
0.000392697 0.00125263
0.000245983 0.00203569
0.000267577 0.00177299
0.000339293 0.00150834
0.000239433 0.00228532
0.000148382 0.00238064
0.000369913 0
0.000447558 0.000196363
0.000394574 0.000655004
0.000540738 0.000444181
1.08804e-05 0.00237612
0 0.00237594
8.93707e-05 0.00241915
2.37276e-05 0.00238674
3.39149e-05 0.00240328
5.55972e-05 0.00240906
0.000470674 0.000941146
0.000628673 0.00118544
0.000589764 0.00148066
0.000388039 0.0022045
0.000411472 0.0019332
0.000448514 0.00168192
0.000352381 0.00248852
0.000222519 0.00246311
0.000102527 0.00247341
0.000144396 0.00252026
0.000621818 0
0.000698877 0.000231636
0.000634513 0.000709185
0.000804409 0.000496894
0 0.00239759
1.08983e-05 0.00240173
6.31492e-05 0.00246083
2.04282e-05 0.0024095
4.23954e-05 0.0024334
2.33904e-05 0.00242644
0.000757973 0.000947085
0.000804665 0.00138507
0.000912794 0.00114027
0.000628142 0.00179761
0.000808939 0.00166556
0.000569245 0.00234729
0.0005967 0.00207564
0.000542633 0.00256911
0.000213482 0.00262407
0.000380147 0.00276
6.61839e-05 0.00250254
8.80898e-05 0.0025584
0.000121679 0.00263436
0.000895719 0
0.000932001 0.000292182
0.000900976 0.000738025
0.0010868 0.00056364
0 0.00241699
1.12358e-05 0.00242253
4.20936e-05 0.00246465
2.65165e-05 0.00244457
1.22016e-05 0.00244002
0.00106917 0.000918866
0.00103557 0.0013643
0.00101899 0.00158362
0.00118287 0.00119009
0.000817591 0.0019608
0.00102268 0.00185122
0.000786562 0.00223595
0.000802916 0.00252147
0.000636272 0.00276
0.000212603 0.00276
0.000117988 0.00276
5.06943e-05 0.00254588
3.99374e-05 0.002498
6.82668e-05 0.00265307
5.68596e-05 0.00260553
8.2682e-05 0.00270291
0.00116962 0
0.00113235 0.00023945
0.001375 0.000603904
0.00125711 0.000786389
0.0012965 0.00040765
0 0.00243525
2.56742e-05 0.0024745
2.80555e-05 0.00245754
1.30297e-05 0.00245928
0 0.00245307
0.00136177 0.00101317
0.00127839 0.00147885
0.00122829 0.00174529
0.00143156 0.00125309
0.00101521 0.00212382
0.00122285 0.0020413
0.000987134 0.0023621
0.0011082 0.00255333
0.000909013 0.00276
6.0328e-05 0.00276
3.52692e-05 0.00260977
3.00789e-05 0.00254945
2.34197e-05 0.00251474
2.23807e-05 0.00249082
3.75448e-05 0.00266867
4.50759e-05 0.00271238
0.00144352 0
0.00139479 0.000199142
0.00160754 0.000627309
0.00152588 0.000832857
0.00156515 0.000406495
1.17829e-05 0.00248054
0 0.00247146
0.0016607 0.00104483
0.00147158 0.00170818
0.00156854 0.00149471
0.00140449 0.00194127
0.00165872 0.00128385
0.00123092 0.00231189
0.00146948 0.0022156
0.00140128 0.0025222
0.00118304 0.00276
2.53421e-05 0.00276
1.71146e-05 0.00260224
1.85402e-05 0.002662
1.31644e-05 0.00254677
1.18183e-05 0.0025057
1.94466e-05 0.00271409
0.00167001 0.000189681
0.00171743 0
0.00180864 0.000584109
0.00179106 0.000832991
0.00182191 0.000350983
0.00199133 0
0 0.00249167
0.00200174 0.00097583
0.00187231 0.00117516
0.00162662 0.00196163
0.00174438 0.00171301
0.00186097 0.00142456
0.00174471 0.00220612
0.00164389 0.00246182
0.00145706 0.00276
0 0.00276
0 0.00259629
0 0.0026463
0 0.00269141
0 0.00251719
0 0.00255062
0 0.00272718
0.00200997 0.000191676
0.00202928 0.000719174
0.00202687 0.000472251
0.00226523 0
0.00221213 0.000350886
0.00227642 0.0010581
0.00226119 0.000817336
0.0021085 0.00123515
0.00188361 0.00197407
0.00196672 0.00160837
0.00201299 0.00182701
0.00216639 0.00146164
0.00198528 0.00218992
0.00192514 0.00247484
0.00173109 0.00276
0.00235858 0.000182731
0.00226964 0.000583745
0.00253913 0
0.00245796 0.000391327
0.0025049 0.000886034
0.00251379 0.0011161
0.00240377 0.00132406
0.00252774 0.000649406
0.0022143 0.00202687
0.00220668 0.00171788
0.00242257 0.00158613
0.00216518 0.00230183
0.00200512 0.00276
0.00223001 0.00253128
0.00267752 0.000208044
0.00281303 0
0.00266622 0.000447815
0.00275658 0.000792878
0.00273912 0.00103431
0.0027044 0.00127849
0.00266033 0.00150775
0.00284975 0.000600624
0.00253836 0.00205253
0.00240376 0.00184871
0.00240735 0.00228967
0.0026431 0.00178127
0.00227914 0.00276
0.00255261 0.0025507
0.00288989 0.000376489
0.00300617 0.000214568
0.00308693 0
0.00306457 0.000744143
0.00295375 0.000947116
0.00297134 0.00118825
0.00293858 0.00142428
0.00288443 0.00166698
0.00313264 0.000494427
0.00274293 0.00212617
0.00267993 0.00233301
0.00286331 0.00195001
0.00255317 0.00276
0.00290261 0.00250613
0.00282719 0.00276
0.00327872 0.000238002
0.00336084 0
0.00318035 0.00100207
0.00334897 0.000754635
0.00321742 0.00130815
0.00316493 0.00156029
0.0030757 0.00181127
0.00338591 0.000474786
0.00295333 0.00222831
0.00316771 0.00204809
0.00318437 0.00255824
0.00318044 0.00232747
0.00310122 0.00276
0.00357643 0.000266843
0.00363474 0
0.00386224 0.000191392
0.003381 0.00108037
0.00360816 0.000568617
0.00364629 0.000776145
0.0035456 0.000954198
0.0034622 0.00154378
0.00346632 0.00131583
0.00330863 0.00176814
0.00344047 0.00220575
0.00341728 0.00197513
0.00343388 0.00246847
0.00337525 0.00276
0.00382797 0.000459629
0.00390864 0
0.00405865 0.000310759
0.00365482 0.00118038
0.00390063 0.000741212
0.0038123 0.000986243
0.00378011 0.00169056
0.00356448 0.00176922
0.003717 0.00143224
0.00367305 0.00200499
0.00370847 0.00232555
0.0036653 0.00257322
0.00364927 0.00276
0.00409743 0.000569325
0.00418254 0
0.00428606 0.000337746
0.00445644 0
0.0039101 0.00123263
0.00406351 0.00100421
0.00420511 0.000806753
0.00393442 0.00191483
0.00398047 0.00147934
0.00407913 0.00171262
0.00386075 0.00215563
0.00394238 0.00254445
0.00403213 0.0023462
0.0039233 0.00276
0.00437493 0.00060465
0.00448769 0.00018098
0.00456223 0.000400716
0.00473035 0
0.00416713 0.00125308
0.00434786 0.00104324
0.00449152 0.000848644
0.00421656 0.00195454
0.00409754 0.0021304
0.00424524 0.00149182
0.00434487 0.00173717
0.00424353 0.00252408
0.00419732 0.00276
0.00432147 0.00225328
0.00464166 0.00064603
0.00481308 0.000228517
0.00480301 0.000464303
0.00500425 0
0.01104 0.000141118
0.00442994 0.0012692
0.00466026 0.00107125
0.00476499 0.000867757
0.00446006 0.00199365
0.00449255 0.00152079
0.0045998 0.00175341
0.00450867 0.00250521
0.00447135 0.00276
0.00458698 0.00223307
0.00492071 0.000690823
0.0050377 0.000444807
0.00512561 0.000222326
0.00527815 0
0.0108846 7.63627e-05
0.010928 0.000201445
0.01104 0.000276
0.01104 0
0.00465239 0.00132164
0.0050111 0.000969289
0.00486269 0.00123637
0.00471696 0.00198362
0.00474986 0.00152375
0.00485663 0.00175076
0.00474538 0.00276
0.00473931 0.00246541
0.00484679 0.00221691
0.00516406 0.000696154
0.00530509 0.000451717
0.00541444 0.000235425
0.00555205 0
0.0107196 0.000158002
0.010764 0
0.0108466 0.000276
0.00582595 0
0.00534088 0.000874177
0.00527392 0.00108242
0.00507487 0.0012508
0.0049746 0.00149785
0.00497497 0.00198078
0.00510118 0.00174638
0.0050194 0.00276
0.00496598 0.00249373
0.00509334 0.00222257
0.00543814 0.000660365
0.00560735 0.000475806
0.00567442 0.000233656
0.0105037 0.000136869
0.0105651 0.000276
0.010488 0
0.00591593 0.000184395
0.00609986 0
0.0102898 0.000123599
0.00556311 0.00101296
0.00566185 0.000785504
0.00548809 0.0012455
0.00528292 0.00132439
0.00519816 0.00152533
0.00522379 0.00197737
0.00535088 0.00174914
0.00522219 0.0024705
0.00529343 0.00276
0.00534417 0.00220128
0.0059158 0.000394554
0.00582218 0.000610309
0.0102633 0.000276005
0.010212 0
0.00616612 0.000212244
0.00637376 0
0.0100581 0.000140287
0.01104 0.000552
0.0110372 0.000552
0.00574036 0.00119632
0.00585668 0.000994285
0.00597959 0.000794814
0.00543915 0.0015231
0.00563452 0.00143332
0.00548011 0.00195961
0.00561091 0.00172289
0.0054342 0.00257771
0.00551798 0.00237804
0.00556745 0.00276
0.0056134 0.0021665
0.00621686 0.000425621
0.00607917 0.000590887
0.0099615 0.00027597
0.009936 0
0.00644443 0.000234608
0.00664766 0
0.00979061 0.000138928
0.0110377 0.00055441
0.01104 0.000554772
0.0110344 0.000552
0.0110351 0.000553995
0.00587745 0.00136607
0.00603272 0.0012207
0.00614728 0.000966397
0.00628201 0.000735263
0.00579312 0.00157849
0.00573726 0.00194429
0.00589483 0.00176407
0.00570428 0.00255554
0.00581079 0.0023458
0.00584148 0.00276
0.0058707 0.00214294
0.00641934 0.000513407
0.00966 0.000276
0.00966 0
0.00661881 0.000425531
0.00672907 0.000201143
0.00692156 0
0.00951844 0.000161637
0.0110377 0.000557053
0.011035 0.000556234
0.01104 0.000557544
0.0110316 0.000552
0.0110325 0.000554956
0.01104 0.000560316
0.0110303 0.000554191
0.0060337 0.00152057
0.00625127 0.00118097
0.00624921 0.00145167
0.00642912 0.000991961
0.00655656 0.000728748
0.00601866 0.00197598
0.00614315 0.00173008
0.00597792 0.00252249
0.00610446 0.00224898
0.00611551 0.00276
0.00933141 0.000300084
0.00938616 0
0.0068805 0.000398613
0.00677033 0.000599177
0.00700785 0.000199687
0.00719546 0
0.00928437 0.000142483
0.0110377 0.000560212
0.0110356 0.000558551
0.0110329 0.00055799
0.0110288 0.000552
0.0110303 0.000557224
0.01104 0.000563088
0.0110284 0.000555105
0.011026 0.000552
0.01104 0.000568633
0.01104 0.00056586
0.00665251 0.000977558
0.00644305 0.00126709
0.00637835 0.0017082
0.00652491 0.00149242
0.00666683 0.00123474
0.00682887 0.000812333
0.00624922 0.00195791
0.00621981 0.00252182
0.00637023 0.00234192
0.00634973 0.00213669
0.00638953 0.00276
0.00909661 0.000212381
0.0091063 0.000332324
0.00911236 0
0.00713409 0.000427445
0.0070205 0.000629165
0.00726211 0.000213993
0.00746936 0
0.0110345 0.000560696
0.0110364 0.000562929
0.0110314 0.000560307
0.0110259 0.000554398
0.0110286 0.000559454
0.0110271 0.000557294
0.0110373 0.000565535
0.0110231 0.000552
0.0110377 0.000568477
0.01104 0.000571519
0.00688743 0.00105191
0.0110345 0.000565037
0.0110288 0.000561984
0.00651768 0.00193923
0.00663343 0.00173703
0.00678541 0.00151381
0.00692907 0.00128281
0.00708477 0.000864484
0.00648619 0.00257
0.00659284 0.00216959
0.00661467 0.00240469
0.00666356 0.00276
0.00889528 0.000169853
0.0089542 0.000286725
0.0089765 0.000359235
0.00883857 0
0.00728529 0.000671177
0.00738333 0.000451094
0.00750807 0.000206809
0.00774327 0
0.0110325 0.000563372
0.0110227 0.000554747
0.0110242 0.000557641
0.0110255 0.0005601
0.011035 0.000567682
0.0110195 0.000552
0.0110372 0.000571334
0.01104 0.000574794
0.00713916 0.00111737
0.0110323 0.000567371
0.0110288 0.000564342
0.0110253 0.00056317
0.00801717 0
0.00890024 0.000384597
0.00881655 0.000399151
0.00679122 0.00200423
0.00685214 0.00177264
0.00702471 0.00148742
0.00705317 0.00169561
0.00721767 0.00134579
0.00732534 0.000951238
0.00680246 0.00255329
0.00681262 0.00227371
0.00693758 0.00276
0.00865013 0.000197473
0.00880026 0.00028722
0.0088663 0.000344319
0.0085648 0
0.00761093 0.000661333
0.00747736 0.000808347
0.00761708 0.000429441
0.00775548 0.000242051
0.00800872 0.000207596
0.0110291 0.000567102
0.011021 0.000558018
0.0110186 0.000555252
0.0110219 0.000561433
0.0110338 0.000570842
0.0110149 0.000552
0.0110371 0.000574898
0.01104 0.000578359
0.00742029 0.00118234
0.0110296 0.000570583
0.0110256 0.000566695
0.0110219 0.00056613
0.00829103 0
0.00883624 0.000379615
0.0088573 0.000402257
0.00882616 0.00040572
0.00877619 0.000405066
0.00879257 0.000386231
0.00880665 0.000416927
0.0110342 0.000574821
0.0110184 0.000563789
0.00703743 0.00216501
0.00705876 0.00194095
0.00727711 0.00159172
0.00729191 0.00184266
0.0074801 0.00144321
0.00762874 0.000988122
0.00711869 0.00256721
0.00700177 0.00239932
0.00721161 0.00276
0.00868486 0.000325047
0.00853773 0.000318586
0.00834792 0.000223222
0.00875887 0.000365426
0.00784919 0.000822119
0.00786665 0.000503309
0.0081341 0.000396235
0.0110244 0.000571177
0.0110164 0.000559595
0.0110131 0.000556157
0.0110308 0.00057413
0.011009 0.000552
0.0110368 0.000579037
0.01104 0.000582569
0.00767692 0.00126871
0.011026 0.000575157
0.0110189 0.00056986
0.008832 0.000414
0.00878666 0.0004405
0.00873087 0.000413997
0.00882408 0.000436856
0.0110328 0.00057904
0.0110135 0.00056551
0.01104 0.000702278
0.01104 0.000731576
0.01104 0.000716274
0.01104 0.000770075
0.01104 0.000764892
0.01104 0.000758489
0.01104 0.000687993
0.01104 0.000747917
0.0110142 0.000572254
0.0072956 0.00209945
0.007256 0.00233814
0.00751992 0.0017089
0.0075232 0.00197738
0.00773721 0.00154629
0.00789682 0.00112001
0.00740034 0.00253199
0.00748564 0.00276
0.00863881 0.000404514
0.00842578 0.000425068
0.00809961 0.00099058
0.00807278 0.000698098
0.00826702 0.000579382
0.0110188 0.000577399
0.0110083 0.000560229
0.0110277 0.000579121
0.0110011 0.000552
0.0110357 0.000584108
0.01104 0.000587791
0.00792697 0.00137627
0.0110231 0.000580521
0.00885753 0.000425849
0.00881431 0.000483787
0.00872449 0.000467229
0.00885541 0.000457905
0.0110303 0.000583998
0.0110066 0.000569526
0.0110367 0.000701546
0.0110368 0.000739845
0.0110371 0.000720455
0.0110373 0.000771291
0.01104 0.000775995
0.0110374 0.000766826
0.0110374 0.000761349
0.0110373 0.000753222
0.0110356 0.00068546
0.01104 0.000671925
0.0110106 0.000578004
0.01104 0.000797277
0.01104 0.000785141
0.01104 0.000595211
0.01104 0.000829255
0.01104 0.000811958
0.0110349 0.000758606
0.0110345 0.00070952
0.00753061 0.0022714
0.00776438 0.00180736
0.0077412 0.00207797
0.00802133 0.00161764
0.00817143 0.00130983
0.00766443 0.00253028
0.00775966 0.00276
0.00860252 0.000511828
0.00847184 0.000640029
0.00832634 0.000847607
0.00831711 0.00112802
0.011019 0.000584687
0.0109994 0.000563011
0.0110247 0.000587547
0.0109908 0.000552
0.0110319 0.000591397
0.0089024 0.00044429
0.008865 0.000546665
0.00874625 0.0005484
0.00890863 0.000496387
0.0109996 0.000577347
0.0110321 0.000694277
0.0110343 0.000728137
0.0110331 0.000742853
0.0110342 0.00075193
0.011037 0.000776528
0.0110343 0.000768957
0.0110346 0.000774038
0.0110373 0.000784558
0.0110348 0.000763976
0.0110335 0.000669814
0.01104 0.000652637
0.0110112 0.000585768
0.0110378 0.000798457
0.0110304 0.000601528
0.01104 0.000607677
0.011038 0.000838772
0.0110378 0.000818659
0.01104 0.000849287
0.0110322 0.000758909
0.011032 0.000716598
0.01104 0.000989488
0.01104 0.000893534
0.01104 0.00103976
0.01104 0.0008707
0.01104 0.000628972
0.01104 0.00101317
0.01104 0.000962586
0.01104 0.000925698
0.00781518 0.00232957
0.00799482 0.0018986
0.00797377 0.00214243
0.0082922 0.00152613
0.00825857 0.00178544
0.00852943 0.00132479
0.00794817 0.00253558
0.00803369 0.00276
0.00868542 0.00066506
0.00859261 0.000853738
0.00852245 0.00106782
0.0110166 0.000593379
0.0109882 0.000565419
0.0110212 0.000601171
0.010976 0.000552
0.0089765 0.000468765
0.00885207 0.00064669
0.00897795 0.000575831
0.0109857 0.000580342
0.0109989 0.00059159
0.011028 0.000676454
0.011028 0.00070819
0.0110293 0.000734149
0.0110296 0.00075125
0.0110341 0.000781799
0.0110314 0.000765353
0.0110311 0.000773824
0.011035 0.000793186
0.0110317 0.000645223
0.0110075 0.000597621
0.0110355 0.000810407
0.0110273 0.000619066
0.0110355 0.000832241
0.0110367 0.000858709
0.0110288 0.00075966
0.0110377 0.000989716
0.0110372 0.000908342
0.0110375 0.000881294
0.0110375 0.00106233
0.01104 0.00107774
0.0110374 0.00102037
0.0110371 0.000949478
0.01104 0.00130126
0.01104 0.00133757
0.01104 0.00132005
0.01104 0.00135295
0.01104 0.00112165
0.0081303 0.00231184
0.00821986 0.0020441
0.00851532 0.00163697
0.00850435 0.00192057
0.00888966 0.0012846
0.00875441 0.00109134
0.00871994 0.00148768
0.0082137 0.00254555
0.00830771 0.00276
0.00882439 0.000846407
0.0110088 0.000610562
0.0109707 0.000567943
0.0110141 0.000625215
0.0109512 0.000552
0.00910736 0.000496162
0.00898501 0.000745968
0.00912125 0.000614476
0.0109846 0.000598002
0.0109657 0.000588066
0.0109941 0.000612956
0.0110206 0.000687471
0.0110226 0.000647912
0.0110206 0.000722443
0.0110243 0.000744015
0.0110234 0.000756351
0.0110304 0.00078919
0.0110258 0.000766801
0.0110267 0.000777289
0.0110325 0.000804267
0.0110321 0.000825873
0.0110331 0.000855417
0.0110348 0.000889013
0.0110349 0.000990216
0.0110343 0.00093795
0.011035 0.00109006
0.0110375 0.0011084
0.0110353 0.00103862
0.011038 0.00130498
0.01104 0.00128032
0.011038 0.00134917
0.0110379 0.00132979
0.011038 0.00136266
0.01104 0.00136637
0.0110378 0.00115375
0.01104 0.00117026
0.01104 0.00121742
0.01104 0.00147627
0.01104 0.0013782
0.01104 0.00140177
0.01104 0.00138973
0.01104 0.00125348
0.011036 0.00133947
0.00839105 0.00236753
0.00840383 0.00216842
0.00877666 0.00176648
0.00874769 0.00199385
0.00861804 0.00213232
0.0091075 0.00143609
0.00892262 0.00156463
0.00902918 0.00100092
0.00917118 0.00120862
0.00846794 0.00256018
0.00858172 0.00276
0.0109958 0.000639423
0.0109384 0.000575902
0.0110084 0.000659611
0.0109096 0.000552
0.00933141 0.000527916
0.00919558 0.000782413
0.0109707 0.00061389
0.010942 0.000607152
0.0109781 0.000634024
0.011007 0.000698854
0.0110073 0.000731274
0.0110146 0.000745804
0.0110166 0.000762465
0.0110275 0.000813188
0.0110231 0.0007927
0.0110182 0.00077647
0.0110281 0.000858383
0.0110316 0.000906279
0.0110326 0.00104433
0.0110314 0.000979742
0.0110354 0.00115077
0.0110322 0.00112322
0.0110374 0.00127359
0.0110357 0.00131282
0.0110356 0.00135344
0.0110377 0.00137276
0.0110356 0.00136551
0.0110373 0.00121342
0.01104 0.00148934
0.01104 0.00146314
0.011038 0.0014786
0.0110378 0.00138185
0.01104 0.00141663
0.0110375 0.00139103
0.0110375 0.0014067
0.0110338 0.00133449
0.01104 0.00143283
0.01104 0.00150258
0.01104 0.00144877
0.01104 0.00151674
0.0094446 0.000707522
0.00860004 0.00240264
0.00857977 0.00227774
0.00900724 0.0019388
0.00909856 0.0017066
0.00876585 0.0021689
0.00887969 0.00210177
0.00871055 0.0022486
0.0093211 0.00149493
0.00934696 0.00096646
0.00939844 0.00122388
0.00864609 0.00252685
0.00875556 0.00261241
0.00885038 0.00276
0.0109853 0.000682807
0.0109662 0.000666523
0.0108952 0.000605811
0.0108408 0.000552
0.00966 0.000552
0.010943 0.00064233
0.0109876 0.000724433
0.0110026 0.000763556
0.0110189 0.000825295
0.0110099 0.000794926
0.0110272 0.000949518
0.0110227 0.000882581
0.0110277 0.00104414
0.0110338 0.00120217
0.0110302 0.00119516
0.0110276 0.00112618
0.0110346 0.00126248
0.0110326 0.00130395
0.0110328 0.00135233
0.0110354 0.001379
0.0110329 0.00136713
0.0110378 0.00150128
0.0110374 0.00145534
0.0110359 0.00148985
0.0110357 0.00146758
0.0110375 0.00143172
0.011035 0.00139474
0.0110352 0.00141638
0.011031 0.00133326
0.0110378 0.0015201
0.01104 0.00153449
0.00963766 0.000834817
0.00994016 0.000552005
0.01104 0.00163688
0.01104 0.00160766
0.01104 0.0015843
0.01104 0.00156
0.0108962 0.00066489
0.0109783 0.000759141
0.00869796 0.00232878
0.00871635 0.00241256
0.00918878 0.00206452
0.00899301 0.00216805
0.00931782 0.00181332
0.00879494 0.00226492
0.00885651 0.00222002
0.00876044 0.00231029
0.00958128 0.00137552
0.0095292 0.00163171
0.00960361 0.00108717
0.00876947 0.00248327
0.00888187 0.00255102
0.00911256 0.00276
0.00902112 0.0025882
0.0109515 0.000727133
0.0109222 0.000702469
0.0108121 0.000649153
0.0107166 0.000552
0.00992334 0.000740564
0.0109891 0.00080418
0.0110028 0.000838595
0.0110133 0.000898797
0.0110193 0.000980093
0.0110194 0.00108788
0.01103 0.00125765
0.0110235 0.00119814
0.0110279 0.00131199
0.0110292 0.00135553
0.0110319 0.00138135
0.011035 0.00150884
0.011034 0.0014425
0.0110334 0.00147538
0.0110319 0.0014088
0.0110359 0.00153109
0.0110379 0.00154285
0.00985983 0.000976831
0.0102203 0.000551997
0.0110374 0.00162403
0.01104 0.00167271
0.0110375 0.00165999
0.0110377 0.00159668
0.0110376 0.00157066
0.0108371 0.000732039
0.0109566 0.00079972
0.0105003 0.000552
0.01104 0.00171369
0.01104 0.00176514
0.0109979 0.000915404
0.0110377 0.00173638
0.00875587 0.00236266
0.0087886 0.00241122
0.00933141 0.00223208
0.00910562 0.00226414
0.00945873 0.00202896
0.00890569 0.00226223
0.0089765 0.00229123
0.00963881 0.00184849
0.00884389 0.00229633
0.00880364 0.00231403
0.00878816 0.00233931
0.00979321 0.00153965
0.00980772 0.00124975
0.00885139 0.00245641
0.00896508 0.00247606
0.00938607 0.00276
0.00922876 0.00259452
0.00910044 0.00242666
0.0109006 0.000785342
0.0106628 0.000754022
0.0101697 0.000874307
0.0109743 0.000882573
0.0110044 0.0010417
0.0110102 0.00119085
0.0110222 0.00127344
0.0110236 0.00134377
0.0110266 0.00139067
0.0110314 0.00149666
0.0110331 0.00153004
0.0110293 0.00144341
0.0110353 0.00155612
0.0100475 0.00110334
0.0104051 0.000750578
0.0110349 0.00163409
0.0110353 0.00159199
0.0110367 0.00169669
0.0110347 0.00166854
0.0108027 0.000827383
0.0109269 0.000871356
0.01104 0.00180451
0.0110372 0.00178342
0.0109811 0.00101633
0.011035 0.00174456
0.01104 0.00193236
0.01104 0.00189483
0.01104 0.00183586
0.01104 0.00187881
0.01104 0.00186072
0.00879272 0.0023671
0.0088544 0.00240403
0.00881664 0.00238878
0.00966 0.002208
0.00890035 0.00231646
0.00982103 0.00199556
0.00991977 0.0017524
0.00885563 0.00233501
0.0088231 0.00233097
0.00881157 0.00234863
0.0100452 0.00133931
0.0100823 0.00154122
0.0089094 0.00242252
0.0089765 0.00240077
0.00949388 0.00261159
0.00966 0.00276
0.00933141 0.00245992
0.0108573 0.00095068
0.0106992 0.000973196
0.0104687 0.000958019
0.0102832 0.00116117
0.0109443 0.00101631
0.0109834 0.00117447
0.011003 0.00127818
0.0110152 0.00131235
0.0110173 0.00138627
0.0110212 0.00144519
0.0110266 0.00149211
0.0110283 0.00153368
0.0110324 0.00156113
0.0110316 0.00166157
0.0110323 0.00160865
0.0110328 0.00170421
0.011037 0.00182339
0.0110343 0.00180494
0.0110319 0.00176907
0.01104 0.00191175
0.011038 0.00193419
0.01104 0.00196161
0.011038 0.00189472
0.011037 0.00185409
0.0110373 0.00187648
0.0108973 0.00112036
0.008821 0.00236703
0.00889717 0.00237421
0.00885376 0.0023757
0.0099396 0.002208
0.0100808 0.00196802
0.0102125 0.00172259
0.008832 0.002346
0.00883242 0.0023584
0.0103475 0.00143183
0.00966 0.002484
0.00975284 0.0026267
0.00993601 0.00276
0.0107841 0.00119114
0.0105539 0.00119117
0.0109514 0.00128311
0.0109848 0.00133812
0.0110033 0.00138285
0.0110074 0.00146789
0.0110186 0.00151478
0.0110219 0.00156097
0.0110284 0.00158222
0.0110276 0.00172762
0.0110277 0.00164766
0.0110338 0.00184955
0.0110306 0.00184564
0.011028 0.00180316
0.0110366 0.00191247
0.0110353 0.00193806
0.0110376 0.00196879
0.01104 0.00199627
0.0110354 0.00189502
0.0110343 0.00187851
0.010886 0.001341
0.0110349 0.00197589
0.00885415 0.00235634
0.0102192 0.002208
0.0103467 0.00196826
0.010466 0.00173191
0.0106591 0.00139458
0.0105323 0.00153198
0.00992068 0.00248403
0.00997668 0.00261738
0.010212 0.00276
0.0101678 0.00264545
0.0108215 0.00150564
0.0109808 0.00150698
0.0109297 0.00153579
0.0110069 0.00157785
0.0110207 0.00162829
0.0110216 0.00174231
0.0110302 0.00188655
0.0110244 0.00185868
0.0110327 0.00191366
0.0110314 0.00195371
0.0110374 0.00200306
0.01104 0.00202081
0.0110319 0.00199636
0.0110349 0.00200995
0.01104 0.00204268
0.0104988 0.002208
0.0105958 0.00200389
0.0106632 0.0018376
0.0107014 0.00165846
0.0101814 0.002484
0.0104881 0.00276
0.0103842 0.00262185
0.0108301 0.00173415
0.010905 0.00173348
0.0109936 0.00170815
0.010963 0.00173107
0.0110106 0.0017182
0.0110153 0.00183036
0.0110261 0.00193028
0.0110175 0.00191485
0.0110265 0.00198772
0.0110373 0.00203402
0.0110339 0.00203285
0.0110298 0.00202497
0.01104 0.00206777
0.010715 0.002208
0.0107661 0.00202032
0.0108021 0.00187962
0.0104421 0.002484
0.0106115 0.0026313
0.0107641 0.00276
0.0108877 0.00190317
0.0109423 0.00189633
0.0109831 0.00189385
0.0110036 0.00188727
0.0110164 0.00198023
0.011024 0.00203311
0.0110361 0.00206677
0.011031 0.00206176
0.01104 0.00209623
0.0109696 0.00198912
0.0108416 0.002208
0.0108364 0.00211159
0.0108699 0.00201342
0.0106953 0.002484
0.0108378 0.0026406
0.01104 0.00276
0.0109315 0.00200091
0.010998 0.00200622
0.0110126 0.00204711
0.0110237 0.00208308
0.0110349 0.00210251
0.01103 0.0021018
0.01104 0.00212335
0.0109764 0.00204893
0.0109256 0.00205869
0.0108957 0.00215621
0.0109137 0.002208
0.0109132 0.00210202
0.0108913 0.002484
0.01104 0.0026176
0.0109505 0.00256102
0.0109666 0.00207781
0.0109973 0.0020832
0.0110131 0.00209191
0.0110193 0.00211818
0.0110273 0.00212612
0.0110339 0.00213326
0.01104 0.0021472
0.0109614 0.00210703
0.0109384 0.00215529
0.0109533 0.002208
0.010952 0.00218439
0.0109627 0.00213651
0.01104 0.002484
0.0109937 0.0021245
0.0110083 0.00212384
0.0110208 0.00214123
0.0110311 0.00215155
0.01104 0.00216306
0.0109871 0.00214076
0.0109702 0.00216668
0.0109769 0.002208
0.0109753 0.00219145
0.0109888 0.00215987
0.0110035 0.0021551
0.0110113 0.00214905
0.0110219 0.0021576
0.0110337 0.00216638
0.0110274 0.00216463
0.01104 0.00217205
0.0110368 0.00217564
0.0109872 0.00217898
0.0109899 0.00219528
0.0109918 0.002208
0.0110047 0.00216727
0.0110012 0.00217542
0.0110136 0.00217075
0.0110158 0.00216461
0.0110221 0.00216995
0.0110333 0.00217339
0.0110279 0.00217271
0.01104 0.00217762
0.0110339 0.00217863
0.01104 0.00218183
0.0109992 0.00218769
0.0110006 0.00219915
0.0110023 0.002208
0.0110145 0.00217866
0.0110096 0.00218394
0.0110206 0.00217695
0.011025 0.00217866
0.0110291 0.00217856
0.0110348 0.00218245
0.0110307 0.00218265
0.0110368 0.00218438
0.01104 0.00218525
0.0110073 0.00219381
0.0110086 0.00220165
0.0110099 0.002208
0.0110184 0.00218648
0.0110234 0.00218442
0.0110134 0.00219037
0.0110277 0.00218485
0.0110338 0.00218694
0.011031 0.00218706
0.0110371 0.00218745
0.01104 0.00218818
0.0110348 0.0021898
0.0110132 0.00219676
0.0110139 0.00220267
0.0110156 0.002208
0.0110235 0.00219021
0.0110187 0.00219305
0.0110285 0.00219002
0.0110322 0.00219117
0.0110373 0.00219041
0.01104 0.00219117
0.0110346 0.00219306
0.0110231 0.00219479
0.0110174 0.00219842
0.0110174 0.00220325
0.0110194 0.00220565
0.0110199 0.002208
0.0110275 0.00219344
0.0110215 0.00219831
0.0110314 0.00219421
0.0110373 0.00219358
0.01104 0.00219414
0.0110345 0.00219554
0.0110259 0.00219603
0.0110209 0.00220223
0.0110228 0.00220514
0.0110231 0.002208
0.0110287 0.00219709
0.0110254 0.00219895
0.011024 0.00220192
0.0110318 0.0021968
0.0110373 0.00219624
0.01104 0.00219691
0.0110347 0.00219794
0.0110258 0.00220531
0.011026 0.002208
0.0110315 0.00219949
0.0110285 0.00220067
0.0110265 0.00220226
0.0110373 0.00219873
0.01104 0.00219968
0.0110346 0.00220049
0.0110288 0.00220423
0.0110288 0.002208
0.0110318 0.00220261
0.0110374 0.00220126
0.01104 0.00220246
0.0110348 0.00220279
0.0110315 0.00220573
0.0110316 0.002208
0.0110344 0.00220509
0.0110374 0.0022038
0.01104 0.00220523
0.0110344 0.002208
0.0110372 0.00220613
0.01104 0.002208
0.0110372 0.002208
