-1.07812e-34
-1.23019e-36
-2.2393e-34
-1.5204e-36
6.36476e-37
-8.14215e-07
-7.24713e-37
-3.86569e-38
2.09341e-37
1.07812e-34
6.3237e-08
-2.19934e-34
1.51289e-36
3.93167e-37
4.33669e-37
-2.53665e-37
-1.46892e-06
-1.1408e-06
-8.8125e-07
-8.18604e-07
-9.10183e-37
8.01705e-37
-8.88521e-08
-1.48078e-36
5.5584e-07
8.12807e-38
2.71163e-07
-1.54845e-38
-4.48278e-07
3.18054e-37
2.24092e-34
-2.19799e-34
-9.47861e-07
-2.57676e-07
1.11146e-06
-1.10693e-07
2.02449e-36
-5.83989e-37
7.91326e-07
1.50039e-06
4.60243e-08
-1.14989e-06
-1.17794e-06
-8.65809e-07
-9.81732e-07
-1.06296e-06
-4.33631e-07
-1.30734e-06
-9.4365e-07
1.10547e-06
8.0339e-07
1.46572e-07
3.86391e-07
2.60111e-08
-5.26114e-07
-2.06277e-07
2.19969e-34
-1.00323e-07
-2.18116e-34
-4.00974e-07
6.78951e-07
2.40321e-07
1.05558e-06
1.1569e-06
1.23496e-06
-1.37254e-06
-1.20094e-06
-8.33669e-07
-1.17444e-06
-1.17719e-06
-7.61406e-07
-8.37194e-07
1.42263e-06
1.16912e-06
8.24435e-07
-5.17402e-07
2.92212e-07
2.3146e-07
6.74629e-08
2.19795e-34
-8.88308e-08
-2.16665e-34
-4.51952e-07
5.1813e-07
1.57922e-07
8.436e-07
1.23914e-06
1.08097e-06
-1.27025e-06
-1.08447e-06
-6.39287e-07
1.39222e-06
-1.18128e-06
-1.02923e-06
-7.88088e-07
-9.4663e-07
1.06922e-06
1.19085e-06
7.15303e-07
-5.21145e-07
-2.09769e-07
2.68225e-07
2.1813e-34
-1.74903e-07
-2.15128e-34
-3.42234e-07
4.28323e-07
8.31297e-08
6.80646e-07
1.13064e-06
8.49689e-07
-1.10897e-06
-9.26924e-07
-6.71248e-07
-4.16268e-07
1.11525e-06
-1.01945e-06
-9.07536e-07
-7.04582e-07
9.10814e-07
9.93095e-07
5.53574e-07
-3.12999e-07
1.17848e-08
2.16664e-34
-3.98494e-08
-1.34426e-07
-2.13585e-34
-2.13243e-07
2.89027e-07
6.77259e-08
5.30191e-07
9.17846e-07
6.54675e-07
-9.10213e-07
-7.14961e-07
-5.58749e-07
-3.55626e-07
8.8142e-07
-7.83438e-07
-6.03369e-07
-7.45333e-07
-3.74554e-07
7.04627e-07
4.61461e-07
7.7495e-07
1.81095e-07
2.60435e-07
-1.03755e-07
2.15138e-34
3.7372e-08
-2.80908e-08
-8.1764e-08
-2.12031e-34
-1.9413e-07
-2.92814e-07
2.70954e-07
1.29502e-07
4.02586e-07
7.50564e-07
5.1128e-07
-7.11837e-07
-5.86873e-07
-4.53459e-07
-3.5771e-07
6.75392e-07
-6.11881e-07
-5.72754e-07
-4.84572e-07
-2.27532e-07
4.94883e-07
5.78116e-07
2.99432e-07
4.97889e-08
2.13589e-34
2.67786e-08
-1.6688e-08
-8.76826e-08
-2.10473e-34
-1.64847e-07
-8.78852e-08
-1.19904e-07
-2.32806e-07
7.73509e-08
2.04292e-07
2.98036e-07
5.09121e-07
3.90259e-07
-2.74566e-07
-5.36209e-07
-3.92462e-07
4.92651e-07
-4.54468e-07
-3.76935e-07
-2.567e-07
-1.18939e-07
4.12986e-07
3.20529e-07
1.58561e-07
2.12033e-34
1.54855e-08
8.2494e-08
-2.51075e-08
-2.08913e-34
-1.72061e-08
-6.17663e-08
-8.11302e-08
-2.12239e-07
-1.2e-07
-1.74796e-07
1.85096e-07
3.59118e-07
2.91988e-07
-2.8056e-07
-3.75079e-07
-2.11249e-07
3.46337e-07
2.44581e-07
-3.19512e-07
-1.74521e-07
-4.78423e-08
3.01898e-07
1.89204e-07
5.82781e-08
2.10474e-34
2.31228e-08
8.17421e-08
-2.07352e-34
-1.12694e-08
-4.1139e-08
-2.7117e-08
-5.41769e-08
-8.12843e-08
-1.47767e-07
-1.57305e-07
1.53606e-07
2.14127e-07
1.46344e-07
-2.49609e-07
-1.91659e-07
2.34283e-07
1.61957e-07
-2.11602e-07
-1.15779e-07
-7.01665e-09
1.83003e-07
9.80028e-08
-1.45805e-07
2.08913e-34
1.42003e-08
4.97936e-08
-3.81305e-08
-2.05792e-34
-7.1907e-09
-1.84035e-08
-3.79462e-08
-5.92071e-08
-1.01404e-07
-1.09491e-07
9.27725e-08
1.28291e-07
-1.56791e-07
-1.1475e-07
8.95549e-08
1.03716e-07
1.55475e-07
-8.96987e-08
-1.30463e-08
6.09268e-08
1.20239e-07
-1.03172e-07
2.07351e-34
8.91617e-09
3.25167e-08
-2.31886e-08
-1.12006e-08
-2.04232e-34
-4.5247e-09
-6.87626e-08
-3.58841e-08
-7.53289e-08
-7.227e-08
6.28032e-08
-6.90274e-08
-8.31632e-08
5.8539e-08
7.40429e-08
7.70351e-08
9.93751e-08
8.25122e-08
-1.62767e-08
3.94569e-08
-5.98475e-08
2.0579e-34
5.08258e-09
1.84425e-08
-2.5596e-08
-1.59544e-08
-2.9184e-09
-7.40848e-09
-2.02672e-34
-4.60682e-08
-3.05291e-08
-5.13047e-08
-5.0196e-08
3.52414e-08
-5.27947e-08
-4.02254e-08
5.5974e-08
4.95237e-08
5.1545e-08
5.45331e-08
2.60825e-08
-1.73676e-08
2.35276e-08
-4.28081e-08
2.0423e-34
2.92555e-09
1.11913e-08
-2.10108e-08
-1.51362e-08
-8.39421e-09
-2.01113e-34
-3.0896e-09
-1.8239e-09
-2.54899e-08
-1.78815e-08
-3.45945e-08
-3.70265e-08
-3.01691e-08
2.22925e-08
-1.69445e-08
-3.05065e-08
3.7609e-08
1.98476e-08
3.24335e-08
3.19764e-08
2.41857e-08
5.81239e-09
-2.97068e-08
5.57682e-09
2.0267e-34
1.44732e-09
-1.36763e-08
-9.52577e-09
-8.69818e-09
-1.99555e-34
-4.1229e-09
-1.0308e-09
-1.29656e-08
-2.03503e-08
-2.6409e-08
-2.06032e-08
1.10146e-08
-1.55724e-08
-1.96757e-08
2.06296e-08
1.56737e-08
1.85956e-08
1.12088e-08
-8.01249e-10
-2.01339e-08
-1.61397e-08
2.86402e-09
6.67177e-10
2.01111e-34
-9.33615e-09
-5.79968e-09
-6.56501e-09
-2.61658e-09
-1.97996e-34
-6.13324e-10
-1.1519e-08
-7.88373e-09
-1.8678e-08
-1.57641e-08
8.97141e-09
6.05971e-09
-4.31424e-09
-1.26267e-08
1.0122e-08
8.42914e-09
3.45367e-09
-1.50709e-08
-1.26319e-08
2.44303e-09
1.06035e-09
1.99069e-10
1.99552e-34
-5.93976e-09
-3.80249e-09
-3.80143e-09
-1.62046e-09
-1.96438e-34
-3.525e-10
-5.22043e-09
-9.22673e-09
-6.53668e-09
-1.24367e-08
1.20917e-09
3.91011e-09
3.67381e-09
-5.80611e-09
-1.0569e-08
2.48981e-09
-8.45873e-10
-1.10152e-08
-8.68633e-09
-9.71307e-09
-7.13246e-12
6.89762e-10
1.72764e-10
-2.94874e-11
1.97994e-34
-3.62167e-09
-2.06012e-09
-1.9488e-34
-8.52796e-10
-1.81519e-10
-3.2151e-09
-4.17101e-09
-7.32139e-09
-4.84238e-09
-9.2796e-09
-7.39065e-10
-9.54506e-11
1.17551e-09
-6.99295e-10
-6.06455e-09
-2.94072e-09
-8.4482e-09
-7.2914e-09
-5.63334e-09
-7.4568e-09
-9.7727e-10
1.96436e-34
-5.30868e-10
-3.64718e-10
-1.43419e-10
-2.14126e-09
-1.15969e-09
-1.93322e-34
-4.44126e-10
-8.04153e-11
-1.21092e-09
-1.92011e-09
-2.81004e-09
-3.29425e-09
-5.1303e-09
-3.65146e-09
-6.97474e-09
-1.42612e-09
-1.22804e-09
-2.19322e-09
-3.6986e-09
-6.03403e-09
-4.86315e-09
-5.02747e-09
-1.40993e-09
-9.53937e-10
1.94879e-34
-5.41965e-10
-1.79607e-10
-6.06312e-10
-7.32691e-10
-2.01846e-10
-1.91764e-34
-2.4101e-11
-1.27336e-09
-1.85053e-09
-2.36908e-09
-3.87826e-09
-2.74691e-09
-4.60493e-09
-2.67956e-09
-1.97333e-09
-3.68523e-09
-3.98113e-09
-3.28216e-09
-2.0067e-09
-1.4801e-09
-3.83498e-09
-9.97614e-10
-5.46697e-10
1.93321e-34
-1.71097e-10
-6.79633e-10
-1.90207e-34
-3.1489e-10
-3.05061e-10
-2.79091e-10
-7.40509e-11
3.38673e-12
-1.07448e-09
-1.46127e-09
-1.7825e-09
-2.94022e-09
-1.9973e-09
-3.5672e-09
-2.60936e-09
-3.14994e-09
-2.66038e-09
-1.88193e-09
-1.35706e-09
-2.9425e-09
1.91763e-34
-1.12776e-09
-9.06879e-10
-4.83001e-10
-1.43661e-10
-3.06901e-10
-5.68194e-10
-1.88649e-34
1.86162e-11
-7.83992e-11
-1.03085e-10
1.3949e-11
-8.47499e-10
-1.10348e-09
-1.30212e-09
-2.08735e-09
-1.42167e-09
-2.77984e-09
-2.13664e-09
-2.49605e-09
-1.49626e-09
-2.05487e-09
1.90206e-34
-1.13358e-09
-8.13807e-10
-7.48141e-10
-1.13841e-10
-3.90568e-10
-7.00415e-11
-2.35871e-10
-4.3859e-10
-1.87092e-34
2.58858e-11
5.04608e-11
3.51145e-11
1.75691e-11
5.45223e-11
-6.4732e-10
-8.32283e-10
-9.44085e-10
-1.02262e-09
-1.45303e-09
-1.91606e-09
-1.69257e-09
-1.06685e-09
-1.13425e-09
-1.39784e-09
1.88649e-34
-8.19979e-10
-5.48351e-10
-2.86439e-10
-8.30374e-11
-6.34385e-10
-3.46618e-11
-3.23446e-10
-1.67638e-10
-1.85534e-34
2.71885e-11
7.18244e-11
8.87906e-11
1.0852e-10
7.78038e-11
-4.7829e-10
-6.10378e-10
-7.03219e-10
-9.0795e-10
-8.65632e-10
-1.26469e-09
-6.35014e-10
-8.37411e-10
-1.076e-09
1.87091e-34
-4.15281e-10
-2.108e-10
-5.90068e-11
-4.24053e-10
-4.71251e-10
-2.16751e-10
4.61895e-12
-9.93484e-11
1.04881e-10
-1.83977e-34
2.59536e-11
7.72517e-11
1.1813e-10
1.29564e-10
1.5217e-10
-3.29364e-10
-4.21473e-10
-6.03971e-10
1.85534e-34
-4.51947e-10
-5.33449e-10
-6.20136e-10
-7.7139e-10
-3.56656e-10
-3.92636e-11
-3.00014e-10
-2.70797e-10
-1.47042e-10
-2.96192e-10
-1.16076e-10
2.12165e-11
-3.0317e-11
4.79036e-11
1.48604e-10
-1.82419e-34
2.4293e-11
1.69061e-10
1.45353e-10
7.54266e-11
1.24537e-10
-1.95838e-10
-2.57517e-10
-2.94021e-10
1.83976e-34
-2.266e-11
-3.00947e-10
-4.18226e-10
-2.72062e-10
-2.24738e-10
-1.60691e-10
-8.55348e-11
-1.74243e-10
-1.49831e-11
5.38251e-11
1.14752e-10
1.36448e-10
1.84285e-10
-1.80862e-34
2.16979e-11
1.63103e-10
1.22e-10
6.96543e-11
-8.04257e-11
-1.33299e-10
1.29466e-10
4.60759e-11
1.82419e-34
-1.08215e-11
-1.65838e-10
-1.74972e-10
-1.27617e-10
-1.60642e-10
-8.41531e-11
-4.15301e-11
1.29637e-10
1.82482e-10
1.63111e-10
1.83443e-10
1.89884e-10
1.60629e-10
1.51345e-10
-1.79304e-34
1.91732e-11
1.15436e-10
6.36073e-11
-1.03978e-12
-3.80438e-11
1.69457e-10
9.15486e-11
1.80862e-34
-3.44771e-12
-6.05525e-11
-7.87504e-11
-7.46789e-11
-3.76206e-11
-6.08671e-11
-1.66349e-11
2.06092e-10
2.09081e-10
1.86592e-10
1.99849e-10
2.03421e-10
1.63493e-10
1.2205e-10
1.05135e-10
-1.77747e-34
1.65953e-11
5.6333e-11
1.79304e-34
5.64747e-11
2.85724e-11
1.92666e-10
1.50796e-10
1.44401e-12
1.00907e-11
1.09327e-12
9.98774e-13
-8.14071e-13
2.38223e-12
2.1349e-10
2.09242e-10
1.7167e-10
2.13677e-10
2.05904e-10
1.23309e-10
1.35152e-10
9.18121e-11
4.8412e-11
-1.76189e-34
1.41176e-11
1.77747e-34
1.21584e-10
9.42579e-11
1.81024e-10
4.85028e-12
7.09208e-11
5.22334e-11
2.54016e-11
3.75774e-11
1.51492e-11
2.10859e-10
2.04716e-10
2.09724e-10
1.59939e-10
1.97435e-10
1.97886e-10
1.47147e-10
1.11233e-10
8.20138e-11
4.2339e-11
1.21073e-11
-1.74632e-34
1.76189e-34
1.91262e-10
1.57128e-10
1.31426e-10
1.71755e-10
6.32203e-12
2.08033e-11
5.97778e-11
8.20583e-11
1.06048e-10
3.92817e-11
1.95181e-10
1.95872e-10
2.02263e-10
2.0146e-10
1.76019e-10
1.50416e-10
1.19297e-10
8.40531e-11
7.25229e-11
9.3251e-11
3.66805e-11
1.02439e-11
-1.73075e-34
1.74632e-34
1.82092e-10
1.22647e-10
1.67708e-10
1.4826e-10
6.94119e-12
2.38077e-11
7.04561e-11
9.6463e-11
4.61856e-11
1.82642e-10
1.82135e-10
1.90776e-10
1.90924e-10
1.63647e-10
1.50806e-10
1.24495e-10
6.03676e-11
8.22017e-11
3.03942e-11
8.45861e-12
-1.71517e-34
1.73075e-34
1.66575e-10
1.26613e-10
1.00161e-10
1.67887e-10
1.51077e-10
6.89881e-12
2.40289e-11
7.31704e-11
4.70627e-11
1.75916e-10
1.71949e-10
1.77967e-10
1.49219e-10
1.31115e-10
1.07099e-10
5.2303e-11
6.03964e-11
6.67388e-11
2.5869e-11
-1.6996e-34
7.08296e-12
1.71517e-34
1.59741e-10
1.49241e-10
1.22279e-10
9.69479e-11
1.44795e-10
6.46277e-12
2.28234e-11
4.52355e-11
7.07108e-11
6.51888e-11
1.63655e-10
1.60221e-10
1.43436e-10
1.2872e-10
1.12144e-10
9.08279e-11
7.08416e-11
-1.68402e-34
4.88637e-11
4.24111e-11
2.09695e-11
5.73164e-12
1.6996e-34
1.40964e-10
1.32422e-10
1.33118e-10
8.95678e-11
1.14532e-10
1.18615e-10
5.81528e-12
2.07537e-11
7.24796e-11
4.97882e-11
4.14719e-11
1.39354e-10
1.28347e-10
1.27662e-10
1.09231e-10
9.45409e-11
7.23848e-11
5.32508e-11
-1.66845e-34
3.39013e-11
1.68132e-11
4.62244e-12
1.68402e-34
1.23262e-10
1.12973e-10
7.72407e-11
1.04689e-10
1.01095e-10
6.94876e-11
5.02601e-12
1.79795e-11
5.64247e-11
5.02962e-11
3.59514e-11
1.10861e-10
1.11805e-10
1.13972e-10
9.58008e-11
7.86095e-11
4.55502e-11
6.28196e-11
6.2677e-11
2.85549e-11
-1.65287e-34
1.39331e-11
3.77246e-12
1.66845e-34
9.48126e-11
1.04688e-10
7.12808e-11
9.32857e-11
8.75713e-11
5.64097e-11
5.44086e-11
4.30761e-12
3.71364e-11
1.56441e-11
3.16915e-11
8.98894e-11
6.99654e-11
9.45853e-11
8.10335e-11
-1.6373e-34
6.04788e-11
3.8681e-11
4.85647e-11
2.38591e-11
3.03782e-12
1.14453e-11
7.88455e-11
1.65287e-34
7.76571e-11
9.05849e-11
8.22565e-11
7.74055e-11
7.05547e-11
4.92553e-11
3.54361e-11
4.10594e-11
3.54527e-12
2.59794e-11
1.28585e-11
5.05621e-11
5.84973e-11
6.52778e-11
7.62592e-11
2.7239e-11
2.36223e-12
-1.62173e-34
4.14223e-11
2.97055e-11
1.84046e-11
8.86678e-12
6.34669e-11
6.39848e-11
1.6373e-34
7.28423e-11
6.8429e-11
6.49048e-11
4.92133e-11
3.76098e-11
2.54976e-11
2.21267e-11
2.92725e-12
1.07903e-11
3.30347e-11
4.19071e-11
4.93298e-11
5.98788e-11
-1.60615e-34
1.83304e-12
2.35766e-11
1.45286e-11
6.95867e-12
5.27777e-11
5.42647e-11
5.42403e-11
5.17825e-11
6.13676e-11
1.62173e-34
5.58654e-11
4.79144e-11
3.82233e-11
2.76919e-11
1.73918e-11
8.52445e-12
2.32283e-12
2.60241e-11
3.31514e-11
3.91516e-11
4.34595e-11
1.6445e-11
-1.59058e-34
1.39783e-12
1.75363e-11
1.08798e-11
5.24502e-12
4.56765e-11
4.56206e-11
4.33078e-11
3.89566e-11
4.68758e-11
1.60615e-34
3.99519e-11
3.2585e-11
2.32844e-11
6.93987e-12
1.44078e-11
1.85905e-12
2.02427e-11
2.58933e-11
3.41309e-11
3.06755e-11
1.47235e-11
-1.575e-34
1.07365e-12
8.72407e-12
1.43082e-11
4.13053e-12
3.59342e-11
3.59219e-11
3.41026e-11
3.06496e-11
3.29667e-11
1.46046e-12
1.59058e-34
2.58998e-11
1.84383e-11
1.13539e-11
2.78227e-12
5.58002e-12
1.4463e-11
1.96427e-11
2.40129e-11
2.94742e-11
2.73989e-11
1.03083e-11
8.22823e-12
-1.55943e-34
8.13352e-13
3.11235e-12
6.62137e-12
3.00513e-11
2.90894e-11
2.66921e-11
2.30981e-11
2.58902e-11
1.575e-34
1.08058e-12
2.02806e-11
1.43804e-11
8.80584e-12
4.07448e-12
2.14976e-11
1.17583e-11
1.83268e-11
2.46153e-11
2.36609e-11
1.94007e-11
1.99846e-11
5.4936e-12
8.36036e-12
4.95327e-12
-1.54385e-34
5.89e-13
2.30616e-12
2.4285e-11
2.27216e-11
2.00933e-11
1.66689e-11
1.56433e-11
1.94496e-11
8.27063e-13
1.55943e-34
1.10499e-11
6.7209e-12
3.17815e-12
1.54385e-34
1.68292e-11
8.08646e-12
1.11619e-11
1.99528e-11
1.51165e-11
1.31893e-11
1.71784e-11
1.60837e-11
3.46234e-12
5.70841e-12
1.62344e-12
-1.52828e-34
4.17859e-13
4.43301e-12
6.41288e-12
1.93312e-11
1.77022e-11
1.52635e-11
1.22684e-11
1.2792e-11
8.34896e-12
6.08719e-13
5.05136e-12
2.36629e-12
1.52828e-34
1.032e-11
1.6103e-11
1.19346e-11
1.1917e-11
1.0025e-11
1.126e-11
2.87222e-12
1.19849e-12
2.62753e-12
3.00168e-13
-1.51271e-34
4.43283e-12
5.97574e-12
1.52677e-11
1.36636e-11
1.14569e-11
4.4032e-13
8.87519e-12
6.20223e-12
1.73052e-12
3.72429e-12
1.51271e-34
7.47469e-12
1.13055e-11
9.18838e-12
9.5164e-12
9.31883e-12
8.61382e-12
2.93088e-12
1.74978e-12
8.67515e-13
2.10179e-13
-1.49713e-34
2.19292e-12
4.20192e-12
3.22233e-12
5.40851e-12
1.00979e-11
8.43981e-12
6.51017e-12
3.03795e-13
4.52123e-12
1.19417e-12
3.2228e-12
2.69099e-12
1.49713e-34
6.4106e-12
8.3739e-12
6.75109e-12
7.271e-12
7.39212e-12
7.09639e-12
1.27327e-12
5.64239e-13
1.35674e-13
-1.48156e-34
8.43513e-13
1.47263e-12
3.8617e-12
2.18388e-12
4.40589e-12
6.42229e-12
7.48042e-12
4.67487e-12
2.13685e-13
3.1782e-12
2.05343e-12
8.63358e-13
1.89955e-12
1.48156e-34
5.09669e-12
5.89575e-12
4.98714e-12
5.18013e-12
5.52337e-12
5.30188e-13
3.67671e-13
8.48028e-14
-1.46598e-34
2.25596e-13
9.40187e-13
2.89452e-12
1.40829e-12
3.51879e-12
4.80389e-12
2.95757e-12
1.38427e-13
2.05811e-12
1.22291e-12
5.57143e-13
1.46598e-34
3.98164e-12
4.51254e-12
3.74147e-12
3.12991e-12
3.40297e-12
4.22901e-12
1.45041e-34
6.20616e-13
3.34453e-13
-1.45041e-34
5.03928e-14
1.34119e-13
9.65554e-13
1.87966e-12
2.29282e-12
1.11126e-12
1.48806e-12
2.19955e-12
2.90704e-12
8.86302e-14
8.56326e-13
3.7553e-13
5.2457e-14
1.03248e-12
2.59819e-12
2.69627e-12
2.08908e-12
2.3334e-12
2.75838e-12
2.35829e-14
1.43483e-34
4.7991e-13
3.02811e-13
1.39885e-13
-1.43483e-34
2.80459e-14
4.33945e-14
6.28798e-13
1.35666e-12
1.53477e-12
7.84182e-13
2.82896e-13
1.58177e-12
1.8589e-12
2.37743e-13
5.69675e-13
1.09972e-13
9.31094e-13
5.62139e-13
1.62174e-12
1.29844e-12
1.49534e-12
1.60794e-12
3.02684e-14
3.54197e-15
1.41926e-34
-1.15491e-14
1.98331e-13
1.60542e-14
1.1379e-13
4.70605e-14
-1.41926e-34
9.29741e-15
3.49596e-13
9.46784e-13
8.95413e-13
3.84133e-13
2.2633e-14
1.04539e-12
7.67076e-13
2.72232e-13
4.98574e-13
7.21574e-14
9.32646e-13
6.46341e-13
7.88121e-13
8.75211e-13
1.40369e-34
-7.68408e-14
-6.3447e-14
-1.73083e-14
7.13064e-15
-1.49215e-13
3.58521e-17
-1.37143e-15
-1.40369e-34
-5.39064e-14
3.35127e-13
3.78732e-13
-1.0361e-13
-3.03679e-13
6.92697e-14
4.84778e-13
2.63896e-13
1.54427e-13
-8.59493e-14
-2.25857e-13
2.58496e-13
1.64552e-13
1.38811e-34
-2.8286e-13
-1.34934e-13
-3.55837e-14
-6.40541e-13
-8.70926e-14
-2.09858e-13
-4.04408e-13
-3.98286e-14
-1.00407e-14
-1.38811e-34
-4.7067e-13
-4.3504e-13
-4.55055e-13
-4.17683e-13
-5.72017e-13
-8.28888e-13
-4.25237e-13
-1.07537e-14
-6.50869e-14
-3.10482e-13
-4.53263e-13
-8.99442e-13
-4.60116e-13
-7.23058e-13
-5.74584e-14
1.37254e-34
-4.54744e-13
-2.18842e-13
-1.27092e-12
-9.20679e-13
-5.93825e-13
-2.16425e-13
-8.84067e-14
-1.93748e-14
-1.37254e-34
-1.29706e-12
-1.1723e-12
-1.05962e-12
-9.93483e-13
-1.60526e-12
-8.3029e-13
-3.57286e-13
-6.20013e-13
-9.78426e-13
-1.30948e-12
-1.3469e-12
-1.15506e-12
-7.7974e-13
1.35696e-34
-3.54748e-13
-9.02017e-14
-7.56759e-13
-9.77367e-13
-1.91905e-12
-1.44041e-12
-5.77544e-13
-3.23922e-13
-1.33712e-13
-2.93858e-14
-1.35696e-34
-2.0841e-12
-2.14026e-12
-2.07015e-12
-1.88327e-12
-2.35879e-12
-2.76119e-12
-1.18268e-12
-1.50178e-12
-1.90448e-12
-2.57187e-12
-1.73179e-12
-1.23929e-12
-1.88076e-12
1.34139e-34
-1.11177e-12
-1.30777e-13
-5.03796e-13
-1.52192e-12
-9.60547e-13
-2.14257e-12
-3.09575e-12
-5.12605e-13
-4.41063e-14
-2.06492e-13
-1.27314e-12
-1.34139e-34
-3.33381e-12
-3.28876e-12
-3.05369e-12
-3.3036e-12
-3.8639e-12
-2.16729e-12
-3.17224e-12
-2.49743e-12
-4.1191e-12
-1.95438e-12
-2.77048e-12
1.32581e-34
-1.94347e-13
-1.5884e-12
-7.55946e-13
-1.97591e-12
-4.40029e-12
-3.37141e-12
-2.00019e-12
-6.27087e-14
-6.93629e-13
-2.85782e-13
-1.18804e-12
-1.32581e-34
-5.9713e-12
-5.25941e-12
-4.49223e-12
-4.60249e-12
-4.44314e-12
-6.05977e-12
-5.33388e-12
-6.22094e-12
-3.52269e-12
-4.83551e-12
-3.56158e-12
-2.57025e-12
-3.33485e-12
1.31024e-34
-2.84475e-13
-1.02987e-12
-3.29579e-12
-2.10901e-12
-3.01307e-12
-4.76965e-12
-3.89013e-12
-6.55537e-12
-1.91782e-12
-9.11451e-14
-4.20297e-13
-1.03256e-12
-1.31024e-34
-7.65011e-12
-6.54893e-12
-6.48668e-12
-8.38403e-12
-7.79414e-12
-5.52436e-12
-4.5245e-12
-4.80691e-12
-4.85437e-12
1.29467e-34
-3.93214e-13
-1.47928e-12
-3.0463e-12
-4.67574e-12
-4.14619e-12
-5.76647e-12
-8.19721e-12
-5.66521e-12
-1.29865e-13
-3.65576e-12
-2.65586e-12
-5.89842e-13
-1.43959e-12
-1.29467e-34
-1.08956e-11
-9.8333e-12
-8.46914e-12
-8.66998e-12
-9.70061e-12
-1.10712e-11
-1.17639e-11
-6.86891e-12
-8.92055e-12
-6.14564e-12
-6.64816e-12
-1.12054e-11
1.27909e-34
-6.86248e-12
-8.45949e-12
-5.52141e-13
-2.0752e-12
-4.28774e-12
-7.82385e-12
-1.18852e-11
-8.16714e-12
-5.59205e-12
-8.3564e-12
-3.3351e-12
-1.83894e-13
-1.99341e-12
-8.23027e-13
-1.27909e-34
-1.46894e-11
-1.37063e-11
-1.48741e-11
-1.18211e-11
-1.4057e-11
-1.52675e-11
-9.46917e-12
-9.96315e-12
-1.28174e-11
-1.14631e-11
-1.60708e-11
-1.15928e-11
-8.00413e-12
1.26352e-34
-5.39872e-12
-7.31776e-13
-2.67732e-12
-1.15864e-11
-1.04763e-11
-5.35934e-12
-6.88633e-12
-2.90389e-12
-2.51544e-13
-1.18894e-12
-1.26352e-34
-1.58247e-11
-1.91642e-11
-1.73166e-11
-1.91795e-11
-2.00893e-11
-1.72625e-11
-1.40838e-11
-1.54328e-11
-1.49607e-11
-2.04368e-11
-1.13185e-11
-1.33782e-11
-7.20361e-12
1.24794e-34
-3.57272e-12
-9.79697e-13
-1.73591e-11
-1.31562e-11
-3.82479e-12
-8.87508e-12
-1.60423e-12
-3.59801e-13
-1.24794e-34
-2.09921e-11
-2.36665e-11
-2.51488e-11
-2.53615e-11
-2.43389e-11
-1.79838e-11
-1.91667e-11
-2.54166e-11
-2.05734e-11
-8.6747e-12
-1.54659e-11
-4.40289e-12
1.23237e-34
-1.24575e-12
-2.34831e-11
-1.86924e-11
-1.34472e-11
-5.05819e-12
-8.41738e-12
-2.17876e-12
-1.23237e-34
-5.01206e-13
-2.72618e-11
-2.96602e-11
-3.05253e-11
-2.8967e-11
-3.01351e-11
-3.08007e-11
-2.51125e-11
-3.07824e-11
-2.54287e-11
-1.98926e-11
-1.40902e-11
-1.01884e-11
-5.27938e-12
1.21679e-34
-1.52963e-12
-2.56787e-11
-1.95533e-11
-1.32172e-11
-3.23809e-12
-7.523e-12
-1.21679e-34
-7.44481e-13
-3.43516e-11
-3.60409e-11
-3.5862e-11
-3.40022e-11
-3.48069e-11
-4.08357e-11
-3.04971e-11
-3.60344e-11
-4.07223e-11
-2.44916e-11
-1.82521e-11
-1.20389e-11
-6.29693e-12
1.20122e-34
-1.83458e-12
-1.86083e-11
-2.70238e-11
-1.07639e-11
-4.698e-12
-1.20122e-34
-1.07147e-12
-4.44699e-11
-4.54746e-11
-4.4068e-11
-4.7552e-11
-5.43646e-11
-3.30972e-11
-4.03157e-11
-4.72732e-11
-5.31448e-11
-2.60697e-11
-1.93415e-11
-1.29035e-11
-6.89614e-12
1.18565e-34
-2.07614e-12
-3.2632e-11
-4.12973e-11
-2.45914e-11
-1.46953e-11
-6.63075e-12
-1.18565e-34
-1.58383e-12
-5.74935e-11
-5.68759e-11
-6.5546e-11
-7.28283e-11
-4.21578e-11
-5.26282e-11
-6.27134e-11
-7.05808e-11
-2.46639e-11
-1.79815e-11
-1.18753e-11
-6.68566e-12
-2.14973e-12
1.17007e-34
-2.79919e-11
-1.76884e-11
-3.69814e-11
-2.44464e-11
-5.33489e-11
-3.82796e-11
-2.29689e-11
-1.03659e-11
-1.17007e-34
-2.46557e-12
-7.44409e-11
-9.13489e-11
-1.21707e-10
-9.83911e-11
-4.7459e-11
-6.25331e-11
-8.65098e-11
-7.64826e-11
-1.21473e-11
-8.5557e-12
-5.23855e-12
-1.89071e-12
1.1545e-34
-3.34157e-11
-6.80244e-12
-1.70243e-11
-7.62636e-11
-1.10089e-10
-5.58899e-11
-1.63235e-10
-3.42541e-11
-1.57411e-11
-1.1545e-34
-3.84066e-12
-1.0793e-10
-1.63807e-10
-1.26548e-10
-5.44144e-11
-7.66255e-11
-9.58198e-11
-1.95096e-10
-2.32624e-12
1.21764e-11
8.65007e-12
-1.64693e-12
1.13892e-34
-1.80268e-12
-1.03437e-12
-2.07593e-11
2.7127e-12
-8.24409e-11
-1.45066e-10
-5.15246e-11
-2.0907e-10
-1.98823e-10
-2.41494e-11
-6.02218e-12
-1.13892e-34
-2.55141e-10
-1.47296e-10
-4.86787e-11
-8.30924e-11
-1.18294e-10
-2.18447e-10
4.2148e-11
2.74423e-11
4.25622e-11
1.72945e-11
1.12335e-34
1.1593e-12
7.03263e-12
3.55699e-11
1.10152e-11
1.05713e-10
-1.66393e-10
-1.12486e-10
-7.29678e-11
-2.60443e-10
-2.33809e-10
-3.55004e-11
-9.23507e-12
-1.12335e-34
-3.55506e-10
-3.73384e-10
-2.90701e-10
-1.43801e-10
-3.11957e-11
-8.58155e-11
-1.7426e-10
6.80051e-11
1.48533e-10
8.59995e-11
5.42595e-11
2.4212e-11
1.10777e-34
5.23388e-12
1.48646e-10
1.02068e-10
1.77245e-10
-1.81973e-10
-1.10553e-10
-2.49434e-10
-3.42153e-10
-5.46285e-11
-1.10777e-34
-1.44939e-11
-3.65606e-10
-4.67122e-10
-5.05749e-10
-4.99675e-10
-2.08578e-10
-8.13235e-11
3.98118e-12
-6.4043e-11
8.54635e-11
1.95287e-10
2.40449e-10
1.7852e-10
9.87445e-11
4.781e-11
1.16906e-11
1.0922e-34
2.64168e-10
3.70463e-10
3.54807e-10
-2.67689e-10
-1.66975e-10
-4.01894e-10
-8.38982e-11
-1.0922e-34
-2.26054e-11
-2.54363e-10
-4.61165e-10
-6.14128e-10
-6.58738e-10
-6.84077e-10
-3.17239e-11
7.89331e-11
2.35503e-10
1.0674e-11
-2.16342e-10
4.51463e-10
3.00365e-10
1.96882e-10
8.93253e-11
1.07663e-34
2.30048e-11
5.41144e-10
5.42085e-10
4.42039e-10
-2.67874e-10
-5.4617e-10
-1.3407e-10
-1.07663e-34
-3.5932e-11
-7.76066e-10
-4.38134e-10
-6.84976e-10
-8.36608e-10
-8.67271e-10
-3.34227e-10
5.14757e-10
2.49361e-10
7.27302e-11
6.75512e-10
5.07826e-10
3.06438e-10
1.54722e-10
4.13099e-11
1.06105e-34
7.50267e-10
6.98566e-10
8.63805e-10
9.727e-10
-3.75648e-10
-8.64757e-10
-5.89484e-10
-1.06105e-34
-1.94154e-10
-5.38825e-11
-1.04695e-09
-7.01453e-10
-9.67244e-10
-1.08738e-09
-6.33289e-10
-1.14659e-10
5.54331e-10
9.4702e-10
7.95552e-10
5.33508e-10
2.41461e-10
1.04548e-34
6.71249e-11
1.119e-09
1.00589e-09
1.28512e-09
1.33273e-09
-1.21024e-09
-9.14413e-10
-5.91184e-10
-8.39986e-11
-1.04548e-34
-3.03435e-10
-1.35661e-09
-1.05304e-09
-1.30613e-09
-1.06002e-09
-4.35104e-10
2.73974e-10
1.0299e-34
9.48664e-10
1.47901e-09
7.74114e-10
4.00691e-10
1.10717e-10
1.54356e-09
1.79404e-09
1.77556e-09
-1.63554e-09
-1.34568e-09
-9.16451e-10
-1.0299e-34
-4.6869e-10
-1.22909e-10
-1.70027e-09
-2.29218e-09
-1.50362e-09
-1.54425e-09
1.01433e-34
-9.32356e-10
-3.83525e-11
8.68653e-10
1.67748e-10
1.64226e-09
2.15898e-09
1.09768e-09
5.86231e-10
1.69565e-09
2.16474e-09
2.33861e-09
-1.91014e-09
-1.31831e-09
-6.82833e-10
-1.01433e-34
-1.90084e-10
-2.48785e-09
-2.35306e-09
-2.907e-09
-2.04548e-09
-2.71709e-09
-1.63757e-09
9.98756e-35
2.57785e-10
-5.58078e-10
6.05764e-10
1.67237e-09
9.11153e-10
2.47533e-09
2.89274e-09
1.71763e-09
2.43845e-09
2.87036e-09
-1.76651e-09
-9.44189e-10
-2.72699e-10
-9.98755e-35
-3.20049e-09
-3.64534e-09
-3.556e-09
-2.10453e-09
-2.94031e-09
9.83182e-35
3.83976e-10
1.31838e-09
-6.37918e-10
9.3255e-10
2.37188e-09
2.45559e-09
3.46341e-09
4.04252e-09
3.61941e-09
3.45128e-09
4.02824e-09
-2.33479e-09
-1.28539e-09
-3.82534e-10
-9.8318e-35
-3.38819e-09
-4.20209e-09
-4.42199e-09
-3.9848e-09
-2.62395e-09
-4.1514e-09
9.67607e-35
5.37125e-10
1.79473e-09
-6.96038e-10
1.35254e-09
3.23188e-09
-1.88203e-09
3.58508e-09
4.67198e-09
5.45989e-09
5.04218e-09
5.47525e-09
-3.33738e-09
-1.83896e-09
-5.4743e-10
-9.67604e-35
-4.57012e-09
-5.19185e-09
-5.63067e-09
-5.05713e-09
-3.96208e-09
-5.43434e-09
-3.29226e-09
9.52031e-35
7.54882e-10
2.54972e-09
5.12186e-10
2.90002e-09
4.95371e-09
-6.57101e-10
4.59897e-09
6.82078e-09
6.11499e-09
6.28403e-09
7.16821e-09
-4.23135e-09
-2.40317e-09
-7.38417e-10
-9.52027e-35
-5.82631e-09
-6.23519e-09
-6.97754e-09
-2.02155e-09
-6.71831e-09
-5.41971e-09
-4.15057e-09
1.03874e-09
9.36452e-35
5.96647e-09
3.37321e-09
4.7941e-09
2.1628e-09
6.92618e-09
1.06271e-09
-1.78558e-10
7.84402e-09
7.9988e-09
8.23719e-09
8.49769e-09
9.60866e-09
-2.70485e-50
4.15791e-36
1.66431e-50
-5.62157e-09
-3.23322e-09
-1.00484e-09
-9.36448e-35
-7.37271e-09
-8.0254e-09
-8.39653e-09
-3.297e-09
-7.63394e-09
-5.96633e-09
-6.05188e-09
9.20871e-35
9.05283e-35
7.37384e-09
1.35947e-09
4.29831e-09
1.04672e-08
4.24812e-10
5.56044e-09
2.99735e-09
7.27812e-09
9.34889e-09
1.05027e-08
9.56628e-09
1.10637e-08
1.08674e-08
7.19081e-36
1.69921e-20
-4.15891e-36
-6.6412e-09
-3.96458e-09
-1.28037e-09
-9.20866e-35
-8.84582e-09
-8.28995e-09
-9.26035e-09
-2.49492e-09
-8.10826e-09
-5.25997e-09
8.89689e-35
1.67589e-09
1.95802e-09
8.36984e-09
5.09133e-09
9.88607e-09
9.89952e-09
1.42717e-09
3.44302e-09
6.1047e-09
8.53261e-09
1.03442e-08
1.03081e-08
9.32733e-09
5.59798e-09
1.05254e-35
-2.07838e-20
-7.19268e-36
-7.64785e-09
-4.78405e-09
-9.05277e-35
-1.60034e-09
-8.88655e-09
-9.11143e-09
-8.28184e-09
-6.46694e-10
-2.92788e-09
-7.34068e-09
8.74079e-35
5.70596e-09
2.11312e-09
8.73008e-09
7.27009e-09
8.3253e-09
3.59591e-09
2.9654e-09
7.76938e-09
4.98771e-09
7.714e-09
4.94069e-09
2.27199e-09
1.38599e-35
-1.05281e-35
4.49371e-19
-1.38636e-35
-7.60478e-09
-5.14163e-09
-8.89681e-35
-1.83809e-09
-6.83769e-09
-5.39192e-09
-7.29141e-09
3.21966e-09
1.38433e-09
-1.62244e-09
8.58449e-35
5.24116e-09
1.86389e-09
6.25951e-09
8.495e-09
2.13764e-10
4.20854e-09
1.27433e-09
2.26095e-09
-3.63903e-09
-3.53751e-09
1.71945e-35
-4.04486e-20
-1.71991e-35
-5.08761e-09
-8.74068e-35
-4.55512e-09
-1.8968e-09
-2.82835e-09
1.21947e-09
5.50972e-09
1.03249e-08
9.21446e-09
8.42794e-35
6.89512e-10
3.21374e-09
-2.40362e-09
9.11828e-10
2.00843e-08
1.08284e-08
-2.97184e-09
-1.16289e-08
-4.85871e-09
-1.98587e-08
-5.33048e-09
-1.98414e-08
-1.41754e-08
2.05291e-35
-2.1037e-19
-2.05345e-35
1.52723e-09
-8.58442e-35
-2.07848e-09
-1.46098e-09
8.90914e-09
1.73511e-08
2.34933e-08
2.46711e-08
8.27095e-35
-1.89724e-09
-1.41377e-08
-1.23827e-08
-3.8353e-08
-2.69544e-08
4.24673e-08
1.9956e-08
-2.41075e-08
-4.07578e-08
-4.77485e-08
-4.94506e-08
-3.18487e-08
2.38636e-35
2.5652e-18
-2.387e-35
1.56845e-08
3.96829e-09
-8.42779e-35
-3.15141e-10
3.23884e-08
4.84271e-08
5.77189e-08
7.55531e-08
7.26305e-08
8.05791e-08
8.1134e-35
-7.382e-09
-3.61946e-08
-8.51738e-08
-6.84154e-08
-1.41632e-07
-1.6669e-07
-9.39305e-08
3.48043e-08
-1.70959e-08
-6.36405e-08
-1.04826e-07
-9.48272e-08
2.71982e-35
-1.63955e-17
-2.72054e-35
-8.27078e-35
4.27102e-08
1.62109e-08
2.53577e-09
1.0405e-07
1.0591e-07
1.315e-07
1.69207e-07
1.61605e-07
8.89178e-08
1.33565e-07
7.95504e-35
-1.80239e-08
-8.08078e-08
-1.82836e-07
-1.86157e-07
-2.42885e-07
-2.99126e-07
-2.02424e-07
-3.6446e-08
-1.2207e-07
-1.80921e-07
3.05327e-35
1.06367e-16
-3.05409e-35
-8.11308e-35
7.60153e-09
1.58985e-07
8.13926e-08
3.57917e-08
1.81234e-07
2.76589e-07
2.25977e-07
2.64707e-07
2.46159e-07
7.47652e-08
3.06449e-07
1.79992e-07
7.79563e-35
-3.45395e-08
-1.41235e-07
-2.99482e-07
-2.90255e-07
-3.9294e-07
-4.65615e-07
-2.89273e-07
-1.24898e-07
-2.31769e-07
-5.26169e-07
3.38673e-35
-8.00011e-16
-3.38764e-35
-7.95483e-35
1.83199e-08
7.86806e-08
1.73036e-07
3.15131e-07
3.83091e-07
4.47685e-07
3.5561e-07
4.78328e-07
1.23863e-07
-8.9132e-08
3.26106e-07
7.63503e-35
-6.2938e-08
-2.64061e-07
-5.58405e-07
-7.31713e-07
-4.30774e-07
-5.85891e-07
-3.92323e-07
-2.72112e-07
-4.61431e-07
-8.6996e-07
3.72019e-35
4.81146e-15
-3.72118e-35
-7.79549e-35
3.70249e-08
1.55211e-07
-1.57764e-07
3.37002e-07
5.36351e-07
8.02662e-07
6.44587e-07
6.92956e-07
9.98065e-07
7.92114e-07
6.87963e-07
1.91374e-07
4.90056e-07
-1.10956e-07
7.47235e-35
-4.20325e-07
-8.51958e-07
-1.1044e-06
-7.26105e-07
-7.44371e-07
-4.90124e-07
-1.27651e-06
-1.41227e-06
4.05364e-35
-1.96387e-14
-4.05473e-35
-7.63469e-35
6.49326e-08
2.55195e-07
-7.31159e-07
-2.51244e-07
5.26543e-07
8.92798e-07
1.22368e-06
1.0492e-06
1.40418e-06
8.31159e-07
1.23501e-06
3.04046e-07
7.30709e-35
-1.85471e-07
-7.24308e-07
-1.47164e-06
-1.56407e-06
-1.22352e-06
-1.18283e-06
-1.05757e-06
-1.90727e-06
-2.21957e-06
4.3871e-35
2.27943e-13
-4.38827e-35
-7.4726e-35
4.52736e-07
1.15262e-07
-1.22577e-06
-4.0575e-07
9.35062e-07
1.43225e-06
1.7967e-06
1.7093e-06
1.91084e-06
1.90012e-06
4.50609e-07
1.19742e-06
7.14217e-35
-3.00118e-07
-1.09757e-06
-2.14531e-06
-2.18352e-06
-1.86261e-06
-1.53279e-06
-2.54536e-06
-2.74657e-06
-3.12821e-06
-3.40998e-06
4.72055e-35
-4.72182e-35
-2.28506e-12
5.05401e-35
-5.05537e-35
-7.30793e-35
6.99533e-07
1.875e-07
-2.78041e-06
-1.74826e-06
-6.10599e-07
1.38842e-06
2.04926e-06
2.48832e-06
3.40195e-06
2.42578e-06
2.89259e-06
1.9274e-06
6.88229e-07
6.97697e-35
-4.85987e-07
-1.78949e-06
-3.51012e-06
-2.88288e-06
-3.59559e-06
-4.48972e-06
-3.75264e-06
-5.14414e-06
5.38748e-35
-6.86393e-12
-5.38889e-35
-7.14182e-35
2.95892e-07
2.0234e-06
1.058e-06
-4.21624e-06
-2.76965e-06
-9.34043e-07
2.89266e-06
4.22589e-06
4.39873e-06
3.87099e-06
2.67549e-06
9.87084e-07
6.80945e-35
-7.38914e-07
-2.60694e-06
-4.93578e-06
-5.02455e-06
-6.21756e-06
-6.10986e-06
-7.00189e-06
-8.21488e-06
3.22143e-06
5.72084e-35
1.37606e-10
-5.72252e-35
6.64694e-35
-6.9731e-35
4.78745e-07
1.7214e-06
3.31457e-06
-4.6477e-06
-2.48241e-06
-5.99815e-07
1.30112e-06
4.77078e-06
5.66698e-06
6.09239e-06
5.26933e-06
3.58623e-06
-1.09623e-06
-3.72908e-06
-6.83091e-06
-9.39868e-06
-6.98705e-06
-8.23068e-06
-1.07288e-05
6.05493e-35
-6.04734e-35
1.59326e-10
6.49994e-35
-1.26417e-06
6.38243e-35
-6.8085e-35
7.35937e-07
2.62496e-06
4.96945e-06
-4.65964e-06
-1.61115e-06
1.69137e-06
4.73828e-06
7.05287e-06
8.27868e-06
8.3044e-06
7.06511e-06
-4.27744e-06
-3.53001e-06
-1.05369e-05
-9.42051e-06
-1.44333e-05
-9.81958e-06
-1.16599e-05
-1.53824e-05
-1.56016e-05
6.41504e-35
-6.28249e-35
1.86271e-08
6.7791e-35
-1.30566e-06
6.33283e-35
-6.65092e-35
3.90519e-06
1.12499e-06
7.29446e-06
1.02072e-05
7.13398e-06
-6.51719e-06
-2.25539e-06
2.33571e-06
6.60082e-06
1.18323e-05
1.17437e-05
9.90371e-06
-7.26729e-06
-1.55158e-05
-1.28438e-05
-2.11722e-05
-8.78151e-06
-1.36511e-05
-1.72184e-05
-1.98407e-05
-6.39989e-35
7.1019e-35
6.56311e-08
-3.73947e-06
6.39258e-35
-2.33284e-06
1.25125e-06
-6.49797e-35
3.81563e-06
1.12501e-05
1.53804e-05
8.9731e-06
-3.52183e-06
2.49354e-06
7.06583e-06
1.30256e-05
1.65873e-05
1.5564e-05
-1.23819e-05
-2.08862e-05
-1.8435e-05
-2.50109e-05
-2.77769e-05
-1.15224e-05
-1.83281e-05
-2.59838e-05
-6.67127e-35
7.40088e-35
1.68321e-07
-7.87314e-06
6.65218e-35
-4.06001e-06
1.32785e-06
-6.38786e-35
6.06489e-06
2.00069e-05
1.50394e-05
1.58843e-05
-5.21549e-06
2.32827e-06
6.88495e-06
1.37242e-05
1.8283e-05
2.23978e-05
-2.20339e-05
-2.71836e-05
-3.23402e-05
-3.49885e-05
-1.459e-05
-2.35915e-05
-3.25919e-05
-7.51691e-35
7.66136e-35
2.60601e-07
-1.30043e-05
7.88879e-35
7.72429e-35
7.16378e-35
-5.47252e-06
2.32986e-06
-6.33032e-35
7.62078e-06
1.58546e-05
2.65976e-05
2.09922e-05
2.28856e-05
-4.80403e-06
3.72804e-06
1.6843e-05
1.09702e-05
2.1273e-05
2.35457e-05
2.89539e-05
-2.67516e-05
-3.11462e-05
-4.19082e-05
-4.00729e-05
-1.78667e-05
-2.88231e-05
-3.91624e-05
-7.8423e-35
1.23826e-06
-1.73812e-05
1.18543e-06
-9.31708e-08
2.53736e-06
-5.06914e-06
-6.40411e-35
3.94214e-06
1.51645e-05
3.38042e-05
2.94044e-05
2.92392e-05
-9.56877e-06
1.17503e-05
5.81533e-07
2.33581e-05
3.1002e-05
3.6172e-05
-3.17831e-05
-4.07848e-05
-4.66996e-05
-2.4986e-05
-3.38024e-05
-3.7561e-05
-4.43555e-05
-6.66435e-35
-7.00786e-35
-1.79743e-05
-2.98066e-06
-3.30623e-05
5.96214e-06
1.29822e-05
2.57168e-05
4.08473e-05
3.75101e-05
-1.35371e-05
2.41324e-05
1.17924e-05
-1.93057e-06
3.37351e-05
4.1239e-05
-4.67025e-05
-4.90797e-05
-2.72033e-05
-3.67299e-05
-4.63149e-05
2.01072e-06
-7.16661e-35
-3.19026e-35
-3.53026e-05
1.09251e-05
2.51439e-05
3.9073e-05
4.62062e-05
4.7797e-05
-1.72166e-05
2.31943e-05
1.05566e-05
-4.66047e-06
4.24986e-05
3.38396e-05
-4.32787e-05
-4.31301e-05
-2.86773e-05
-3.76391e-05
9.30647e-07
-7.7439e-35
2.97077e-35
-2.87401e-05
1.32216e-05
4.04693e-05
4.85045e-05
4.80216e-05
-1.96934e-05
-7.16547e-06
1.9227e-05
8.5407e-06
-2.0227e-05
4.12649e-05
2.72648e-05
-3.69196e-05
-3.58278e-05
-2.9629e-05
-2.27134e-05
2.32882e-07
-1.18405e-06
-7.88872e-35
3.42165e-35
-1.86927e-05
3.25452e-35
3.96057e-05
4.31696e-05
4.28347e-05
-8.97856e-06
6.08337e-06
1.80145e-05
-1.32964e-05
3.74896e-05
2.87886e-05
-2.54527e-05
-2.32579e-05
-1.57908e-05
-2.53647e-06
6.88997e-35
-1.20738e-06
-7.66671e-35
2.86229e-35
-1.11784e-05
-3.05833e-35
2.69222e-05
3.51276e-05
3.47284e-05
2.10568e-05
-6.7196e-08
1.09207e-05
-5.58738e-06
2.94022e-05
-3.99334e-06
-1.11123e-05
-1.6336e-05
-1.58138e-05
2.79213e-05
7.88719e-35
-5.17092e-07
-7.39619e-35
2.02381e-35
-1.01113e-05
-6.35031e-06
-3.43434e-35
1.74326e-05
2.3398e-05
1.56918e-05
5.4629e-06
2.11873e-05
3.8911e-06
-1.47789e-06
-6.41831e-06
-1.04879e-05
-1.08474e-05
7.50561e-35
-2.11702e-07
-7.09762e-35
-6.62587e-06
1.38467e-35
-3.69264e-06
-2.875e-35
1.11463e-05
1.62619e-05
1.10256e-05
1.57014e-05
-7.67548e-06
-3.8373e-06
6.06347e-08
4.19828e-06
-2.69099e-06
-6.6404e-06
6.66999e-35
-9.81246e-08
-6.77446e-35
-3.3737e-06
-1.68577e-06
7.34031e-36
-2.02503e-35
9.67142e-06
6.0241e-06
9.2679e-06
4.49569e-06
7.71592e-06
6.7587e-06
-3.86069e-06
-4.55209e-08
2.39804e-06
-1.12949e-06
-2.99072e-06
6.3946e-35
-1.83821e-08
-6.41199e-35
-1.57878e-06
-6.21537e-07
6.46605e-37
-1.38295e-35
6.00118e-06
3.4854e-06
4.4655e-06
4.05284e-06
-1.99815e-06
-9.42282e-07
4.59449e-07
2.08877e-06
-6.30114e-07
-1.62506e-06
6.27842e-35
6.0442e-35
-2.9809e-10
-6.05116e-35
-5.14949e-07
-2.16858e-07
-6.74224e-07
-6.17939e-36
1.6395e-06
1.81747e-06
-7.36357e-36
3.5378e-06
-3.1501e-07
2.39183e-06
1.60532e-06
-9.25354e-07
-4.93796e-07
6.00141e-07
-3.78881e-07
5.71927e-35
6.64709e-11
-5.7177e-35
-2.20963e-07
-7.51223e-08
-1.32326e-35
-9.02556e-08
-1.50235e-07
1.32212e-06
-5.85393e-37
7.48366e-07
6.53877e-07
-2.6346e-07
1.20751e-06
7.3593e-07
-2.10991e-07
2.16746e-07
7.52346e-07
5.38588e-35
6.54073e-12
-5.38446e-35
-1.09627e-07
-2.15276e-08
-2.03299e-35
-2.78943e-08
-5.93415e-08
-6.38029e-08
5.70817e-07
6.21412e-36
1.99293e-07
-9.46625e-08
6.0553e-07
9.36583e-08
2.81143e-07
4.02473e-07
2.6449e-07
5.05254e-35
5.40797e-12
-5.05119e-35
-2.01332e-08
-3.39672e-09
-2.74551e-35
-4.19271e-10
-9.04565e-09
-1.32773e-08
-8.49461e-10
7.85877e-08
1.32307e-35
5.13492e-08
2.12222e-07
2.05342e-07
1.13836e-07
1.19946e-07
4.71918e-35
-1.03572e-12
-4.71792e-35
2.65252e-08
4.92273e-08
3.69307e-09
-3.46027e-35
9.62697e-09
1.69315e-08
3.7875e-08
2.68357e-08
2.61017e-08
2.03359e-35
6.81056e-08
3.06954e-08
8.68325e-08
6.11488e-08
4.38582e-35
-3.69267e-14
-4.38465e-35
4.50658e-08
4.2813e-08
-4.17513e-35
8.29477e-09
3.28471e-08
6.33103e-08
8.18658e-08
8.32196e-08
-4.88974e-35
2.74704e-35
4.97155e-09
2.97519e-08
3.1489e-08
4.05246e-35
-4.05138e-35
4.54418e-14
6.34319e-08
3.96716e-08
1.42419e-07
7.67897e-08
1.89542e-08
1.57062e-07
1.0674e-07
1.44868e-07
-5.60249e-35
3.46245e-35
2.07033e-08
2.07154e-09
1.41473e-08
1.0145e-08
3.7191e-35
-3.71811e-35
4.41512e-15
2.04532e-08
5.63968e-08
2.50679e-07
3.42656e-07
1.51062e-07
5.00238e-08
2.70742e-07
9.89532e-08
2.04725e-07
-6.31212e-35
1.12272e-07
4.17836e-35
6.54413e-09
3.2873e-09
4.71983e-09
3.38574e-35
-3.38484e-35
-5.42918e-16
-1.55956e-08
1.55315e-08
2.80825e-08
4.46993e-07
6.471e-07
3.92457e-07
7.35914e-07
3.9277e-07
2.12712e-07
-7.01513e-35
2.33317e-07
7.42727e-07
-7.71544e-35
-8.40764e-35
-9.10349e-35
4.89383e-35
-9.04141e-09
6.51831e-10
-5.89738e-08
3.05238e-35
-3.05157e-35
8.75546e-17
-8.59374e-08
-1.24482e-07
9.5493e-08
6.89731e-07
1.50469e-06
1.09717e-06
9.25939e-07
4.60921e-07
5.45521e-07
1.72086e-06
1.04549e-06
-9.80359e-35
1.27088e-06
5.60775e-35
-1.31313e-08
-1.75753e-07
-7.52773e-08
2.71902e-35
-2.7183e-35
-1.56374e-17
-4.15101e-07
3.65487e-08
-3.30704e-07
1.6862e-06
2.6044e-06
2.10236e-06
1.01782e-06
-1.0819e-34
-1.11621e-34
4.16837e-06
2.9958e-06
3.89891e-06
3.41715e-06
4.37761e-06
6.3185e-35
-6.73601e-08
-2.5835e-07
2.38566e-35
-2.38503e-35
2.24579e-18
-1.01935e-07
-8.36664e-07
-5.78682e-07
-1.14153e-06
3.67467e-06
1.81625e-06
-1.08738e-34
-1.5755e-34
2.24608e-05
1.45583e-05
6.97305e-06
6.44608e-06
9.30221e-06
1.23096e-05
-1.78756e-07
7.0244e-35
-1.17437e-06
2.0523e-35
-2.05176e-35
-3.27845e-19
-4.37623e-07
-1.55772e-06
-2.05925e-06
4.05865e-06
1.06463e-06
7.91999e-06
1.90385e-35
2.99128e-05
3.28247e-05
2.48438e-05
1.24105e-05
9.39031e-06
1.60781e-05
2.2549e-05
-3.97753e-07
7.71888e-35
-2.38452e-06
-1.27355e-06
1.71894e-35
-1.71849e-35
5.87963e-20
-2.7596e-06
-4.02653e-06
-4.10106e-06
-1.40359e-06
2.69856e-06
1.91002e-35
2.8706e-05
3.34405e-05
2.89758e-05
9.15473e-06
2.10614e-05
-9.67365e-07
8.40908e-35
-2.91095e-06
1.38559e-35
-1.38522e-35
1.9367e-19
-7.06578e-06
-3.33096e-06
-5.60798e-06
-7.79492e-06
-6.29442e-06
-1.78215e-06
1.2093e-35
2.19294e-05
7.07079e-06
2.40077e-05
1.97059e-05
-1.01345e-06
9.1065e-35
1.05223e-35
7.18866e-36
-1.05195e-35
-1.64831e-19
-1.36665e-05
-5.57016e-06
-1.4104e-05
-1.36607e-05
-9.3745e-06
1.14544e-35
1.23213e-06
1.20973e-05
1.38151e-05
-1.84308e-06
9.79124e-35
4.15659e-36
-7.1868e-36
4.09637e-20
-2.22391e-05
-9.40784e-06
-2.18129e-05
-2.21429e-05
-1.34044e-05
2.63945e-36
6.06616e-08
-3.34387e-06
1.0722e-34
1.04079e-49
7.92398e-50
-4.15559e-36
-2.95716e-05
-1.50361e-05
-3.06601e-05
-2.57896e-05
-9.29131e-06
6.77981e-37
-7.61009e-06
1.14051e-34
-3.30123e-05
-3.11122e-05
-2.05633e-05
-6.29435e-36
-1.68753e-05
1.55596e-34
1.08738e-34
-2.82539e-05
-2.93487e-05
-1.7325e-35
-2.31726e-35
-1.76131e-35
