2.21775e-37
2.84386e-37
1.54017e-34
-8.90867e-37
-1.54017e-34
3.32455e-37
9.32354e-37
4.30595e-37
1.66393e-37
2.08077e-37
5.5748e-07
3.72009e-07
-5.03021e-37
3.1686e-08
-3.22319e-37
-8.82861e-07
2.93954e-34
1.73611e-36
-2.93833e-34
1.56678e-06
8.15086e-07
1.02973e-06
1.31417e-06
5.66847e-07
6.27347e-07
4.21292e-07
9.24629e-07
7.6062e-07
-8.45696e-37
-1.65929e-37
1.42608e-37
-9.84277e-07
-2.62049e-37
3.27288e-38
1.06427e-36
-2.41452e-36
1.55758e-07
-1.345e-07
3.81792e-09
-1.04965e-06
2.94565e-34
2.67228e-10
-2.95135e-34
8.76369e-07
-2.91783e-34
1.38866e-06
1.46728e-06
1.22177e-06
1.27803e-06
4.18824e-07
7.5217e-07
1.0619e-06
1.58896e-07
-9.28918e-07
-5.00312e-07
-1.24892e-06
-1.11192e-06
-8.60626e-07
-1.60309e-06
-3.0625e-07
-1.14247e-06
1.22228e-08
-8.05427e-07
-3.74525e-07
-5.69603e-07
2.92079e-34
3.08301e-07
1.04746e-06
1.08583e-07
-2.90263e-34
1.18086e-06
3.40174e-07
1.37341e-06
1.23039e-06
7.03199e-07
9.93968e-07
1.11338e-06
-1.58562e-07
-9.33764e-07
-1.23654e-06
-9.77607e-07
-1.2534e-06
-9.92201e-07
-1.20113e-06
-5.09224e-07
-5.8641e-07
-7.55113e-07
-6.60168e-08
-4.42241e-07
-7.02439e-07
-4.17411e-07
2.90215e-34
4.47662e-07
7.38941e-07
9.55711e-08
-2.88465e-34
1.20982e-06
8.93462e-07
4.88811e-07
1.35407e-07
1.16088e-06
8.82926e-07
1.02107e-06
6.35051e-07
-8.86239e-08
-1.09347e-06
-1.2454e-06
-1.15725e-06
-1.10489e-06
-9.17284e-07
-6.46829e-07
-2.32442e-07
-7.69809e-07
-4.36937e-07
2.885e-34
3.25602e-07
5.55222e-07
7.19887e-08
-2.86752e-34
8.98428e-07
6.51154e-07
2.65766e-07
-5.25365e-08
3.87404e-07
8.71082e-07
7.8293e-07
5.3251e-07
-1.67188e-07
-1.03464e-06
-1.12458e-06
-1.1064e-06
-8.50776e-07
-1.01486e-06
-9.89047e-07
-7.94777e-07
-5.53625e-07
-3.11014e-07
-6.104e-07
-3.26975e-07
2.86776e-34
3.38142e-07
3.99153e-07
1.02558e-07
-2.85056e-34
2.61532e-08
6.99229e-07
4.86118e-07
7.85439e-08
-1.85444e-07
2.51935e-07
6.37251e-07
5.20921e-07
3.70829e-07
-1.27842e-07
-3.81154e-08
-8.77965e-07
-9.72024e-07
-6.39447e-07
-8.48651e-07
-8.39034e-07
-6.70876e-07
-4.44856e-07
-2.03263e-07
-3.97241e-07
2.85068e-34
3.19223e-07
2.34398e-07
7.38526e-08
-2.8336e-34
1.43183e-08
5.25496e-07
3.65392e-07
-3.04794e-07
-5.81052e-08
1.17896e-07
4.74299e-07
3.93313e-07
2.39481e-07
-2.68992e-08
-1.53804e-07
-2.84082e-07
-7.72709e-07
-5.33124e-07
-6.65386e-07
-6.50243e-07
-4.04104e-07
-5.12429e-07
-3.33623e-07
2.83369e-34
2.18187e-07
1.39702e-07
5.01449e-08
-4.3719e-07
-1.59457e-08
-2.8167e-34
9.32131e-09
2.42158e-07
3.14615e-07
-1.43859e-07
2.25219e-08
2.80845e-07
2.61752e-07
1.40136e-07
-1.8584e-07
-5.64036e-08
-1.79268e-07
-2.99271e-07
-5.8596e-07
-3.76494e-07
-5.24258e-07
-4.93068e-07
-2.75189e-07
2.81675e-34
7.62597e-08
1.44699e-07
1.64038e-07
-3.52336e-07
-1.10798e-08
-2.7998e-34
1.21729e-08
1.81068e-07
-7.29624e-08
1.70643e-07
4.7639e-08
1.63779e-07
8.92723e-08
-2.09509e-08
-1.95025e-07
-9.5914e-08
-1.58379e-07
-2.59786e-07
-4.132e-07
-3.01213e-07
-4.08738e-07
-2.22436e-07
2.79981e-34
1.07463e-07
4.28818e-08
8.57377e-08
-3.08537e-07
-1.6983e-08
-6.11541e-08
-2.7829e-34
6.98812e-09
1.17038e-07
-1.09473e-07
1.02972e-07
2.21493e-08
8.19771e-08
-4.86761e-08
-1.82075e-07
-1.19615e-07
-2.21541e-07
-2.69147e-07
-1.76434e-07
2.78288e-34
2.51315e-08
7.16865e-08
4.6872e-08
-2.17548e-07
-1.13679e-08
-4.33248e-08
-2.76598e-34
3.78861e-09
1.38131e-08
5.86564e-08
6.9015e-08
-1.07658e-07
3.32734e-08
2.32638e-09
-4.54029e-08
-1.45777e-07
-8.27293e-08
-1.23636e-07
-1.62815e-07
-1.87425e-07
-1.69382e-07
-7.65202e-09
2.76596e-34
2.87772e-08
2.44736e-08
4.05638e-08
-2.93499e-08
-5.66186e-08
-2.74906e-34
1.81886e-09
7.45563e-09
3.34326e-08
1.51983e-08
3.7583e-08
-8.51858e-08
-4.20344e-08
-9.64117e-09
-1.16217e-07
-1.1962e-07
-8.58287e-08
-1.18774e-07
-1.34434e-07
-5.05318e-09
2.74903e-34
1.31866e-08
1.77885e-08
2.20299e-08
-3.84312e-08
-1.88629e-08
-2.73213e-34
7.25693e-10
2.7792e-09
3.17266e-09
1.63147e-08
-1.74089e-08
-6.70837e-08
-3.82555e-08
-9.13436e-08
-7.68896e-08
-5.91328e-08
-8.37579e-08
-8.58778e-08
-1.30568e-08
-3.24972e-09
2.7321e-34
6.41185e-09
6.99719e-09
3.62158e-09
5.80047e-09
4.99102e-10
-2.75717e-08
-2.7152e-34
5.3642e-11
6.70921e-10
-5.61897e-09
-3.30317e-08
-1.86408e-08
-4.6819e-08
-7.01281e-08
-5.72141e-08
-4.04656e-08
-5.2916e-08
-6.06942e-08
-8.20245e-09
-1.73388e-08
-2.10753e-09
2.71516e-34
1.88773e-09
1.06864e-09
-3.38229e-09
-1.24746e-09
-3.85174e-09
-2.74954e-08
-2.69826e-34
-2.47083e-10
-6.71636e-10
-4.52164e-08
-1.06849e-08
-1.84829e-08
-3.64049e-08
-2.78621e-08
-4.47806e-08
-3.6555e-08
-4.27112e-08
-2.01751e-08
-5.59937e-09
-1.15301e-08
2.69822e-34
-1.34854e-09
-2.23735e-09
-1.20476e-09
-7.24568e-09
-4.1422e-09
-2.68131e-34
-3.65973e-10
-1.16078e-09
-3.56852e-08
-1.14065e-08
-1.70436e-08
-2.81081e-08
-2.29729e-08
-3.21477e-08
-2.51643e-08
-2.99576e-08
-1.35734e-08
-7.6089e-09
-3.45638e-09
-8.49005e-10
2.68128e-34
-2.18915e-09
-7.84916e-09
-3.38775e-09
-5.21867e-09
-2.66436e-34
-3.81652e-10
-1.26934e-09
-2.4349e-09
-2.63506e-08
-1.07685e-08
-1.48753e-08
-1.85578e-08
-2.29525e-08
-1.723e-08
-2.30051e-08
-2.09336e-08
-9.07679e-09
-4.97042e-09
-2.32283e-09
2.66433e-34
-5.37548e-10
-7.51353e-09
-3.83721e-09
-5.54881e-09
-9.44889e-09
-2.64741e-34
-3.4433e-10
-1.19255e-09
-2.3258e-09
-3.5642e-09
-1.93588e-08
-1.14367e-08
-1.47029e-08
-1.86396e-08
-1.2991e-08
-1.7453e-08
-1.45717e-08
-3.44528e-09
-6.01711e-09
-1.39356e-09
2.64739e-34
-3.25015e-10
-6.76851e-09
-4.96216e-09
-7.86932e-09
-2.63046e-34
-2.86841e-10
-2.01287e-09
-1.01715e-09
-3.15959e-09
-1.41245e-08
-9.13779e-09
-1.14194e-08
-1.22373e-08
-7.93927e-09
-1.3189e-08
-1.00734e-08
-2.19632e-09
-3.94719e-09
-8.58419e-10
2.63044e-34
-1.8755e-10
-5.31412e-09
-5.64845e-09
-4.39053e-09
-6.56989e-09
2.61349e-34
-2.61351e-34
-2.27999e-10
-1.6289e-09
-7.92291e-10
-3.54333e-09
-2.43751e-09
-7.08656e-09
-1.02079e-08
-8.6901e-09
-9.04109e-09
-6.90089e-09
-9.28652e-09
-2.31099e-09
-1.36606e-09
-5.40919e-10
-1.02851e-10
-3.50115e-09
-4.49424e-09
-5.35241e-09
-4.13535e-09
-5.33801e-09
-5.39911e-11
2.59654e-34
-2.59656e-34
-1.68459e-10
-1.19239e-09
-5.98129e-10
-2.72591e-09
-1.85993e-09
-6.46616e-09
-7.28266e-09
-6.56458e-09
-4.66406e-09
-6.46264e-09
-2.25204e-09
-1.59355e-09
-8.19561e-10
-2.83833e-10
-3.08369e-09
-3.1214e-09
-3.59627e-09
-4.69158e-09
-3.89689e-09
-1.69175e-11
2.57959e-34
-2.5796e-34
-1.19762e-10
-9.11975e-10
-1.35374e-09
-4.28677e-10
-2.00493e-09
-5.06832e-09
-5.10503e-09
-3.8218e-09
-3.85284e-09
-1.39748e-10
-1.58779e-09
-9.53033e-10
-4.13424e-10
-1.97485e-09
-2.25546e-09
-2.96512e-09
-2.56944e-09
-3.30134e-09
-4.55933e-11
1.26301e-12
2.56264e-34
-2.56265e-34
-7.83158e-11
-2.90541e-10
-1.0161e-09
-5.92878e-10
-1.26921e-09
-2.51875e-09
-3.49331e-09
-2.60984e-09
-1.9392e-10
-9.36953e-10
-4.53244e-10
-1.30427e-09
-1.55301e-09
-2.19632e-09
-1.75332e-09
-1.82461e-09
7.64243e-12
1.33622e-11
2.54569e-34
-2.5457e-34
-4.96995e-11
-1.82954e-10
-3.80488e-10
-6.67942e-10
-9.30296e-10
-1.58603e-09
-1.91253e-09
-1.68565e-09
-5.2712e-11
-2.39471e-10
-8.10301e-10
-4.95264e-10
-1.00532e-09
-1.22785e-09
-1.42984e-09
-1.12758e-09
2.50177e-11
4.26177e-11
1.96007e-11
2.52874e-34
-2.52874e-34
-2.59006e-11
-1.0293e-10
-2.20177e-10
-4.02382e-10
-5.66608e-10
-5.9262e-10
-9.26926e-10
-1.16303e-09
-1.01065e-09
-1.99337e-10
-2.47886e-11
-4.6793e-10
-3.95679e-10
-8.11723e-10
-8.57436e-10
-7.26204e-10
9.0019e-11
6.37075e-11
2.27201e-11
2.51179e-34
-2.51179e-34
-1.09803e-11
-2.07299e-10
-5.0652e-11
-1.20086e-10
-2.98378e-10
-1.90933e-10
-4.14278e-10
-5.28383e-10
-6.30518e-10
-1.54551e-10
-5.91615e-12
9.63821e-11
-5.17104e-11
-2.45426e-10
-4.42327e-10
-4.16572e-10
1.18165e-10
7.23903e-11
2.38042e-11
2.49484e-34
-2.49484e-34
3.29634e-13
-7.00068e-11
-6.47008e-12
-2.35314e-11
1.41952e-10
-7.0078e-11
-8.32046e-11
-2.07406e-10
-1.43871e-10
1.96509e-11
8.44212e-11
1.38013e-10
3.20395e-11
-8.06323e-11
-1.51248e-10
-1.97987e-11
1.29382e-10
7.43201e-11
2.31944e-11
2.47788e-34
-2.47789e-34
7.02263e-12
1.87817e-11
3.64149e-11
2.24577e-11
1.85688e-10
1.74357e-10
4.43128e-11
5.64538e-11
8.85847e-11
1.39341e-10
1.74316e-10
1.74586e-10
7.56561e-11
1.37719e-10
1.03583e-10
7.24539e-11
1.32362e-10
2.17027e-11
2.46093e-34
-2.46093e-34
1.07644e-11
3.39038e-11
7.94536e-11
6.09592e-11
2.36569e-10
1.86444e-10
2.21616e-10
1.43092e-10
1.15079e-10
2.07802e-10
2.30565e-10
2.57161e-10
2.31871e-10
1.72085e-10
1.86094e-10
1.86335e-10
6.79307e-11
1.28004e-10
1.98761e-11
2.44398e-34
-2.44398e-34
1.24913e-11
4.10138e-11
7.59212e-11
1.01828e-10
1.11924e-10
2.77613e-10
2.64694e-10
2.33831e-10
1.85498e-10
1.54153e-10
2.73863e-10
2.82609e-10
2.95347e-10
2.17854e-10
2.37797e-10
2.09048e-10
1.53335e-10
1.17601e-10
6.18979e-11
1.76054e-11
2.42703e-34
-2.42703e-34
1.29305e-11
4.39471e-11
8.42487e-11
1.27726e-10
2.94173e-10
2.27683e-10
2.69786e-10
2.07314e-10
1.68189e-10
3.06328e-10
2.92495e-10
3.05163e-10
2.41829e-10
2.76392e-10
1.75663e-10
1.08007e-10
1.54152e-11
5.43493e-11
2.41008e-34
-2.41008e-34
1.25241e-11
4.32554e-11
8.40746e-11
1.73149e-10
1.28133e-10
2.901e-10
3.01816e-10
2.12546e-10
2.54745e-10
2.1423e-10
2.9708e-10
3.05668e-10
2.49685e-10
2.75402e-10
1.61119e-10
9.56126e-11
1.3404e-11
4.74388e-11
2.39313e-34
-2.39313e-34
1.14515e-11
4.04809e-11
7.87067e-11
1.67033e-10
1.21412e-10
2.93647e-10
2.86907e-10
2.73202e-10
1.98064e-10
2.33762e-10
1.7945e-10
2.07284e-10
2.84905e-10
2.36069e-10
2.60527e-10
1.47813e-10
1.30016e-10
8.11403e-11
4.07229e-11
1.13089e-11
2.37617e-34
-2.37617e-34
1.01889e-11
3.60112e-11
7.12683e-11
1.10672e-10
1.50055e-10
2.78431e-10
2.69665e-10
2.48859e-10
1.70259e-10
2.12899e-10
1.85976e-10
2.49834e-10
2.15933e-10
2.37613e-10
1.12256e-10
1.53554e-10
7.10505e-11
3.50637e-11
9.58829e-12
2.35922e-34
-2.35922e-34
8.90983e-12
3.19719e-11
6.26671e-11
1.00665e-10
1.37729e-10
2.51098e-10
2.41389e-10
2.20887e-10
1.90854e-10
1.65261e-10
2.27776e-10
1.91808e-10
2.10696e-10
1.5688e-10
1.25916e-10
9.53636e-11
5.98837e-11
2.87281e-11
7.8592e-12
2.34227e-34
-2.34227e-34
7.52452e-12
2.68969e-11
5.38547e-11
8.44813e-11
1.20005e-10
2.20884e-10
2.11113e-10
1.91949e-10
1.56624e-10
1.43352e-10
2.04933e-10
1.82602e-10
1.66408e-10
1.1086e-10
7.98316e-11
4.97749e-11
2.41748e-11
6.50355e-12
2.32532e-34
-2.32532e-34
6.25187e-12
2.29706e-11
4.5378e-11
7.14619e-11
1.0233e-10
1.9031e-10
1.81082e-10
1.6378e-10
1.32208e-10
1.21871e-10
1.75376e-10
1.55226e-10
1.41518e-10
9.21125e-11
6.59171e-11
4.08351e-11
1.92662e-11
5.25557e-12
2.30837e-34
-2.30836e-34
5.08449e-12
3.75612e-11
1.85298e-11
5.93912e-11
3.16222e-11
8.1549e-11
1.61047e-10
1.09944e-10
1.52694e-10
1.37508e-10
1.18277e-10
9.7922e-11
1.01774e-10
1.47476e-10
1.34877e-10
4.71252e-11
7.92283e-11
4.91035e-11
3.19428e-11
1.54869e-11
4.08819e-12
2.29141e-34
9.01639e-11
-2.29141e-34
4.15823e-12
1.53589e-11
5.07427e-11
2.6336e-11
7.05571e-11
1.34111e-10
1.05708e-10
1.26777e-10
1.16042e-10
9.21964e-11
7.75099e-11
1.2206e-10
6.76051e-11
4.12192e-11
2.55048e-11
1.22615e-11
3.28063e-12
2.27446e-34
7.54955e-11
-2.27446e-34
3.26163e-12
1.25646e-11
1.67206e-11
2.89297e-11
4.09977e-11
5.40261e-11
6.50036e-11
8.57802e-11
1.1122e-10
1.07173e-10
9.46258e-11
7.88407e-11
8.99468e-11
5.75922e-11
3.43125e-11
4.87071e-11
2.08823e-11
9.86304e-12
2.57505e-12
2.25751e-34
7.16236e-11
6.26114e-11
-2.25751e-34
2.57438e-12
9.64828e-12
1.93685e-11
3.10372e-11
4.57253e-11
6.29664e-11
5.39954e-11
8.37236e-11
8.89836e-11
7.58443e-11
6.90907e-11
4.78367e-11
3.5935e-11
2.68767e-11
1.56008e-11
7.42259e-12
1.94082e-12
2.24056e-34
5.9255e-11
6.66451e-11
4.5851e-11
-2.24056e-34
1.95984e-12
7.48927e-12
1.50662e-11
4.95666e-11
2.42504e-11
3.59926e-11
4.41323e-11
7.09664e-11
6.3444e-11
5.44074e-11
2.97811e-11
2.07569e-11
1.19364e-11
5.64099e-12
1.48487e-12
2.2236e-34
4.63735e-11
5.23052e-11
3.55912e-11
-2.2236e-34
1.48464e-12
5.5341e-12
1.86481e-11
1.15393e-11
3.56846e-11
3.84343e-11
2.79038e-11
4.95603e-11
4.95645e-11
4.22177e-11
2.11643e-11
1.57814e-11
9.40892e-12
4.34591e-12
1.08305e-12
2.20665e-34
3.57685e-11
4.04512e-11
2.7208e-11
-2.20665e-34
1.08434e-12
4.2686e-12
1.49776e-11
8.67939e-12
2.7323e-11
2.93317e-11
1.97714e-11
3.81254e-11
3.81442e-11
3.22445e-11
1.04556e-11
1.71244e-11
1.10628e-11
6.63915e-12
3.08003e-12
8.01506e-13
2.1897e-34
2.885e-11
2.7146e-11
2.73197e-11
2.04575e-11
-2.1897e-34
7.89612e-13
3.02309e-12
6.4018e-12
1.11664e-11
2.19947e-11
2.05623e-11
1.59575e-11
2.88733e-11
2.42039e-11
8.63176e-12
1.16206e-11
5.06091e-12
2.28481e-12
5.52865e-13
2.17275e-34
2.14386e-11
2.16202e-11
2.02413e-11
1.50868e-11
5.6502e-13
-2.17275e-34
4.61132e-12
2.2426e-12
7.60087e-12
1.1719e-11
1.61678e-11
1.51778e-11
2.14546e-11
1.78131e-11
6.16728e-12
1.14715e-11
9.1166e-12
1.58709e-12
3.57274e-12
3.86601e-13
2.1558e-34
1.68488e-11
1.68906e-11
1.47799e-11
3.42206e-12
3.8138e-13
-2.1558e-34
1.49632e-12
5.37566e-12
8.40056e-12
1.23581e-11
9.8246e-12
1.28072e-11
1.56043e-11
-2.13884e-34
1.25751e-11
3.8521e-12
6.09019e-12
8.55354e-12
5.79009e-12
2.28547e-12
1.05982e-12
2.4456e-13
2.13884e-34
1.30512e-11
1.04134e-11
9.22445e-12
3.67236e-12
2.32128e-12
2.48347e-13
9.92442e-13
5.28102e-12
9.2715e-12
9.67035e-12
6.81698e-12
9.28928e-12
-2.12189e-34
3.94068e-12
5.85235e-12
3.86614e-12
1.58663e-12
6.69508e-13
1.46027e-13
2.12189e-34
7.56955e-12
7.11507e-12
6.27598e-12
2.62921e-12
6.49774e-13
1.50081e-12
1.46714e-13
3.48712e-12
7.1412e-12
6.3114e-12
4.54032e-12
6.24115e-12
-2.10494e-34
2.59218e-12
3.8204e-12
2.43667e-12
1.59679e-12
9.58338e-13
3.82961e-13
8.00654e-14
2.10494e-34
4.9528e-12
4.06403e-12
4.64005e-12
7.69406e-14
1.62094e-12
8.17936e-13
3.42707e-13
2.15789e-12
4.65876e-12
4.09e-12
2.84886e-12
3.96766e-12
-2.08799e-34
2.32252e-12
1.39389e-12
8.75554e-13
4.50368e-13
1.79335e-13
2.77632e-14
2.08799e-34
3.42537e-12
2.43826e-12
2.81654e-12
2.63775e-14
8.92611e-13
4.624e-13
1.54e-13
1.19455e-12
2.82925e-12
2.45696e-12
1.61881e-12
2.3069e-12
-2.07104e-34
1.24253e-12
8.25566e-13
3.67768e-13
1.52299e-13
4.06031e-14
-3.64498e-15
2.07104e-34
2.23041e-12
1.50195e-12
1.27174e-12
2.30715e-14
-4.2698e-15
3.79914e-13
1.22667e-13
5.16304e-13
7.46702e-13
1.51076e-12
1.28413e-12
1.12434e-12
-2.05408e-34
4.86167e-13
2.32484e-14
1.47691e-13
-2.03297e-14
-5.11082e-14
-2.50761e-14
2.05408e-34
1.07044e-12
5.82123e-13
4.58128e-13
-5.52986e-14
-2.59775e-14
-4.08474e-14
3.18804e-14
-1.23116e-13
2.27726e-13
5.48977e-14
2.94941e-13
4.65854e-13
3.07582e-13
-2.03713e-34
-3.75776e-14
-2.38342e-14
-1.61184e-13
-1.85338e-13
-1.7142e-13
-1.07182e-13
-3.81329e-14
2.03713e-34
7.16657e-14
-7.18326e-15
-8.78091e-14
-1.09417e-13
-1.83414e-13
-1.79232e-13
-2.27283e-13
-3.30124e-13
-1.37549e-13
-2.2486e-13
-2.30106e-13
-2.31671e-13
-2.02018e-34
-4.40635e-14
-3.50187e-13
-3.09981e-13
-3.90194e-13
-2.34805e-13
-1.37697e-13
-4.40044e-14
2.02018e-34
-3.47693e-13
-2.90268e-13
-4.33552e-13
-1.40417e-13
-3.47101e-13
-2.48915e-13
-4.24543e-13
-4.79813e-13
-4.92569e-13
-5.18488e-13
-5.02122e-13
-2.00323e-34
-4.54537e-14
-5.80101e-13
-5.80954e-13
-4.79852e-13
-3.89853e-13
-1.51005e-13
-2.77357e-13
-4.54433e-14
2.00323e-34
-5.84837e-13
-6.33691e-13
-1.50594e-13
-2.7867e-13
-3.97873e-13
-4.99585e-13
-6.08824e-13
-6.64526e-13
-6.77132e-13
-6.79333e-13
-1.98628e-34
-4.4198e-14
-7.59465e-13
-6.45724e-13
-5.48647e-13
-4.21363e-13
-2.84876e-13
-1.51174e-13
-4.40852e-14
1.98628e-34
-7.44249e-13
-7.30062e-13
-1.49459e-13
-2.84111e-13
-4.22155e-13
-5.51443e-13
-6.60252e-13
-7.44868e-13
-7.80413e-13
-8.33532e-13
-1.96932e-34
-4.09425e-14
-8.35809e-13
-6.6656e-13
-5.50607e-13
-4.20296e-13
-2.75301e-13
-1.43775e-13
-4.10278e-14
1.96932e-34
-8.08953e-13
-7.546e-13
-2.74948e-13
-1.4117e-13
-4.16274e-13
-5.45048e-13
-7.53097e-13
-6.59691e-13
-8.14752e-13
-8.43279e-13
-1.95237e-34
-3.68455e-14
-8.42383e-13
-7.3896e-13
-6.5137e-13
-3.91954e-13
-5.32877e-13
1.95237e-34
-2.55245e-13
-1.31788e-13
-3.71932e-14
-7.96335e-13
-2.55133e-13
-1.28644e-13
-3.84559e-13
-5.1327e-13
-7.32059e-13
-6.25882e-13
-7.76762e-13
-8.06702e-13
-1.93542e-34
-3.23959e-14
-1.1411e-13
-7.02347e-13
-8.03877e-13
1.93542e-34
-6.08552e-13
-3.63999e-13
-4.92674e-13
-2.33765e-13
-3.27231e-14
-1.17429e-13
-7.56324e-13
-5.72491e-13
-2.24966e-13
-4.66755e-13
-3.55574e-13
-7.14707e-13
-6.5707e-13
-7.42243e-13
-2.80813e-14
-1.91847e-34
-1.00645e-13
-6.39474e-13
-7.38476e-13
-2.79696e-14
1.91847e-34
-5.5013e-13
-4.2775e-13
-3.23542e-13
-2.05711e-13
-1.02208e-13
-7.03277e-13
-1.96604e-13
-5.09228e-13
-4.27573e-13
-3.05636e-13
-6.55344e-13
-5.85937e-13
-6.82603e-13
-1.90152e-34
-2.35623e-14
-8.42692e-14
-2.42221e-13
-6.21766e-13
-5.50562e-13
-6.58897e-13
-8.5698e-14
-2.38932e-14
1.90152e-34
-4.63719e-13
-3.86917e-13
-2.72228e-13
-1.72905e-13
-5.91662e-13
-2.63415e-13
-1.68521e-13
-4.5319e-13
-3.72234e-13
-5.1064e-13
-5.91727e-13
-6.18836e-13
-1.88456e-34
-1.9478e-14
-7.04919e-14
-5.386e-13
-5.34544e-13
1.88456e-34
-7.32589e-14
-1.96565e-14
-4.07909e-13
-3.17963e-13
-2.39569e-13
-1.45945e-13
-5.10139e-13
-2.31223e-13
-3.04079e-13
-1.41855e-13
-3.97653e-13
-4.49825e-13
-5.10263e-13
-4.9526e-13
-1.86761e-34
-1.61726e-14
-5.93432e-14
-4.6343e-13
-4.71819e-13
-4.3202e-13
-1.62726e-14
1.86761e-34
-6.05705e-14
-2.7987e-13
-3.54291e-13
-1.93108e-13
-1.21223e-13
-3.9167e-13
-2.66844e-13
-1.17558e-13
-1.93141e-13
-3.91669e-13
-3.16355e-13
-4.3202e-13
-4.34513e-13
-9.91913e-14
-1.85066e-34
-4.82893e-14
-1.30575e-14
-1.13739e-13
-4.12463e-13
-3.59968e-13
1.85066e-34
-1.29671e-14
-4.71727e-14
-2.32184e-13
-2.77882e-13
-1.58855e-13
-9.59824e-14
-3.25632e-13
-2.20563e-13
-1.58896e-13
-3.25724e-13
-2.61067e-13
-3.59887e-13
-3.77719e-13
-1.83371e-34
-7.72576e-14
-3.78051e-14
-1.0336e-14
-1.23057e-13
-3.01449e-13
-3.44694e-13
-3.08277e-13
1.83371e-34
-1.03827e-14
-3.8695e-14
-8.00302e-14
-1.79573e-13
-2.27045e-13
-1.28797e-13
-2.66779e-13
-1.79597e-13
-2.47037e-13
-2.12383e-13
-2.70576e-13
-3.10226e-13
-1.81675e-34
-6.36607e-14
-3.06407e-14
-8.02014e-15
-1.0301e-13
-2.78063e-13
1.81675e-34
-2.61645e-13
-3.13785e-14
-8.2529e-15
-1.08071e-13
-6.60578e-14
-1.89437e-13
-1.52933e-13
-2.15436e-13
-1.35766e-13
-1.98461e-13
-1.70318e-13
-2.17525e-13
-2.26114e-13
-1.7998e-34
-4.98913e-14
-2.32144e-14
-6.23766e-15
-7.7098e-14
-2.23411e-13
1.7998e-34
-6.31328e-15
-2.09897e-13
-5.19015e-14
-2.38225e-14
-8.54523e-14
-1.56461e-13
-1.14112e-13
-1.71526e-13
-1.07056e-13
-1.64254e-13
-1.34655e-13
-1.81309e-13
-1.79246e-13
-1.78285e-34
-3.85415e-14
-4.74908e-15
-1.82858e-14
-6.30693e-14
-5.8577e-14
-1.76977e-13
-1.88007e-14
1.78285e-34
-4.8085e-15
-1.49779e-13
-3.85416e-14
-6.30634e-14
-8.90105e-14
-1.23028e-13
-1.34613e-13
-8.3188e-14
-1.34637e-13
-1.04919e-13
-1.49756e-13
-1.40052e-13
-1.7659e-34
-3.53389e-15
-2.92863e-14
-1.33774e-14
-3.26044e-14
-4.82196e-14
-1.38168e-13
1.7659e-34
-1.37844e-14
-3.57195e-15
-1.04065e-13
-1.15977e-13
-2.92958e-14
-6.83677e-14
-4.81973e-14
-8.7663e-14
-6.3627e-14
-1.04085e-13
-8.04847e-14
-1.15974e-13
-1.07759e-13
-1.74895e-34
-2.57477e-15
-2.08087e-14
-9.89443e-15
-3.40249e-14
-1.06215e-13
1.74895e-34
-1.0225e-14
-2.65075e-15
-8.33553e-14
-8.8385e-14
-2.18507e-14
-3.62068e-14
-5.56895e-14
-6.64763e-14
-4.78206e-14
-8.15113e-14
-6.35278e-14
-7.91545e-14
-7.84252e-14
-1.73199e-34
-1.87478e-15
-1.59512e-14
-7.13635e-15
-2.49276e-14
1.73199e-34
-6.98667e-14
-1.5948e-14
-7.39546e-15
-1.86293e-15
-6.59714e-14
-6.61471e-14
-2.66597e-14
-5.19057e-14
-3.82501e-14
-4.94727e-14
-3.52278e-14
-6.05061e-14
-5.82037e-14
-5.91152e-14
-1.71504e-34
-1.30318e-15
-5.18813e-15
-1.13547e-14
-1.9162e-14
1.71504e-34
-1.2986e-15
-5.12696e-14
-4.7482e-14
-1.19984e-14
-5.39301e-15
-1.91637e-14
-4.86295e-14
-4.84863e-14
-2.769e-14
-3.99167e-14
-3.60237e-14
-2.53303e-14
-4.52796e-14
-4.32153e-14
-1.69809e-34
-8.37973e-16
-3.50154e-15
-7.82202e-15
-1.335e-14
-1.76629e-14
-3.55403e-14
-3.5e-15
1.69809e-34
-8.59567e-16
-3.46444e-14
-3.66918e-14
-3.66908e-14
-1.948e-14
-7.8135e-15
-1.33525e-14
-3.07854e-14
-3.46399e-14
-2.55271e-14
-2.55277e-14
-3.07824e-14
-5.28034e-16
-1.68114e-34
-2.1324e-15
-1.32005e-14
-5.12745e-15
-5.31498e-15
-8.92607e-15
1.68114e-34
-2.35389e-15
-5.2771e-16
-2.39584e-14
-2.39586e-14
-2.54271e-14
-2.54257e-14
-1.3199e-14
-8.92072e-15
-5.13494e-15
-2.1192e-14
-1.74574e-14
-1.53454e-14
-2.11934e-14
-1.66419e-34
-2.8885e-16
-1.31349e-15
-8.46655e-15
-9.78176e-15
-2.86769e-15
-5.03051e-15
-1.58413e-14
-3.01053e-16
1.66419e-34
-1.31292e-15
-1.73604e-14
-1.68638e-14
-1.68624e-14
-9.58011e-15
-6.22104e-15
-3.13339e-15
-1.39274e-14
-1.13637e-14
-1.17405e-14
-1.17549e-16
-1.64723e-34
-1.63028e-34
-5.82125e-16
-1.48826e-15
-5.68322e-15
-4.96988e-15
-3.17308e-15
-5.72641e-15
-1.04722e-14
-9.78897e-15
-1.23433e-16
1.64723e-34
-1.6724e-15
-6.43425e-16
-1.21143e-14
-1.18137e-14
-4.97233e-15
-3.17192e-15
-8.51859e-15
-6.83709e-15
-6.91658e-15
-8.17597e-19
-1.61333e-34
-1.68979e-16
-1.4261e-15
-6.44259e-16
-3.13747e-15
-2.45143e-15
-7.82365e-15
-5.11316e-15
-5.80657e-15
-5.00648e-18
1.63028e-34
-6.39231e-16
-1.68639e-16
-7.05802e-15
-4.5903e-15
-3.03285e-15
-1.135e-15
-3.56014e-15
-1.59638e-34
-2.71917e-15
7.89155e-17
1.77605e-16
-4.36657e-16
1.52186e-16
-1.25973e-15
-3.35951e-16
-4.58345e-15
-3.4372e-15
-1.33567e-15
-2.50488e-15
-1.32925e-15
1.61333e-34
6.84066e-17
7.77474e-17
1.48901e-16
-1.56708e-15
-1.8166e-15
-2.26096e-15
-2.26832e-16
-6.90908e-16
1.25395e-16
-1.57943e-34
4.66285e-17
3.52009e-16
5.75859e-16
5.6779e-16
2.77159e-16
6.98444e-16
-1.5876e-16
-2.71892e-16
4.78631e-16
1.22412e-16
1.59638e-34
4.66621e-16
3.3335e-16
-1.35482e-16
4.55231e-17
-1.5638e-16
5.65974e-16
4.73767e-16
1.49692e-16
-1.56247e-34
1.19656e-15
4.70337e-16
7.87578e-16
1.1004e-15
1.41276e-15
1.17707e-15
1.14929e-15
8.53725e-16
1.53185e-15
4.63393e-16
1.49173e-16
1.57943e-34
7.88028e-16
9.78667e-16
1.19627e-15
1.15107e-15
1.0361e-15
1.17713e-15
1.82101e-15
1.57961e-16
-1.54552e-34
1.77918e-15
1.75054e-15
5.07386e-16
9.02259e-16
1.25249e-15
1.55476e-15
1.97513e-15
1.56896e-15
5.05812e-16
1.57207e-16
1.56247e-34
9.02067e-16
1.58605e-15
1.82082e-15
1.78127e-15
1.25361e-15
1.45892e-15
1.96808e-15
1.5252e-16
4.91708e-16
-1.52857e-34
1.83666e-15
1.74772e-15
1.55926e-15
8.84495e-16
1.26491e-15
1.96983e-15
1.96381e-15
1.99923e-15
4.99829e-16
1.52296e-16
1.54552e-34
1.2792e-15
8.96463e-16
1.78267e-15
1.89911e-15
1.56225e-15
1.66087e-15
4.37833e-16
1.3496e-16
7.58427e-16
1.08117e-16
-1.51162e-34
1.51151e-15
1.51567e-15
1.34472e-15
1.04449e-15
7.69257e-16
1.68042e-15
1.66497e-15
1.68217e-15
1.61457e-15
4.3835e-16
1.52857e-34
1.35405e-16
1.10405e-15
7.87529e-16
1.51724e-15
1.35022e-15
9.27789e-16
-1.49467e-34
3.34923e-16
5.77211e-16
6.6293e-17
4.65172e-16
9.44442e-16
9.40667e-16
8.88341e-16
4.99082e-16
9.13589e-16
9.15703e-16
9.5319e-16
9.49729e-16
9.33524e-16
3.49491e-16
1.51162e-34
1.09068e-16
5.81381e-16
7.7597e-16
8.97994e-16
-2.38678e-16
-3.11297e-16
-1.08309e-16
-1.47771e-34
1.86954e-16
2.07009e-16
1.08644e-17
1.36895e-16
4.64339e-17
-4.46127e-17
-3.08064e-16
1.29036e-16
6.25834e-17
-2.29463e-16
-1.57516e-15
3.2902e-16
1.49467e-34
1.9047e-16
6.78428e-17
3.98472e-16
1.9981e-16
-1.5864e-15
-2.03759e-15
-1.88058e-15
-1.46076e-34
-6.03129e-17
-1.59452e-16
-4.05506e-17
-6.82895e-16
-1.10507e-15
-4.30064e-16
-1.68062e-15
-9.69472e-16
-9.56257e-16
-1.86498e-15
-3.16536e-15
-7.30931e-17
-9.55731e-18
1.47771e-34
1.60801e-17
-7.71667e-16
-4.09057e-16
-3.55731e-15
-4.34322e-15
-5.18051e-15
-1.44381e-34
-1.53437e-16
-3.14634e-16
-8.29961e-16
-2.10058e-15
-1.58131e-15
-3.49315e-15
-2.73788e-15
-2.25838e-15
-4.0468e-15
-5.8116e-15
-7.056e-16
-2.41741e-16
1.46076e-34
-4.92753e-17
-1.68858e-15
-1.32015e-15
-6.11778e-15
-8.34102e-15
-9.02835e-15
-1.42686e-34
-2.65686e-16
-6.72505e-16
-1.46266e-15
-4.32071e-15
-2.8487e-15
-5.83661e-15
-5.05243e-15
-4.23669e-15
-6.87899e-15
-9.21462e-15
-1.30114e-15
-6.15567e-16
1.44381e-34
-1.43215e-16
-3.73821e-15
-2.50562e-15
-9.39089e-15
-1.23525e-14
-1.3299e-14
-1.4099e-34
-4.29972e-16
-1.13518e-15
-2.41077e-15
-4.47416e-15
-5.97319e-15
-8.82521e-15
-8.02389e-15
-6.7757e-15
-1.04946e-14
-1.35286e-14
-2.35762e-15
-1.005e-15
1.42686e-34
-2.59127e-16
-5.88279e-15
-4.02447e-15
-1.35252e-14
-1.7392e-14
-1.75271e-14
-1.39295e-34
-6.14691e-16
-1.65638e-15
-3.62115e-15
-6.53834e-15
-8.73155e-15
-1.2594e-14
1.4099e-34
-1.17886e-14
-9.99535e-15
-1.5054e-14
-3.33447e-15
-1.55674e-15
-3.98237e-16
-7.82255e-15
-5.95153e-15
-2.19265e-14
-2.222e-14
-1.86916e-14
-2.19705e-14
-1.376e-34
-8.77291e-16
-2.48149e-15
-5.15123e-15
-9.13545e-15
-1.21942e-14
-1.72982e-14
1.39295e-34
-5.97108e-16
-1.40364e-14
-1.65098e-14
-2.07443e-14
-4.77687e-15
-2.33678e-15
-1.20051e-14
-8.37755e-15
-2.93195e-14
-2.79171e-14
-2.50802e-14
-3.34341e-14
-1.1766e-15
-1.35905e-34
-3.42684e-15
-4.61004e-15
-7.06818e-15
-1.16317e-14
-1.77889e-14
-2.31072e-14
-3.13255e-15
1.376e-34
-8.32994e-16
-1.90576e-14
-2.48468e-14
-2.77642e-14
-6.90257e-15
-1.62276e-14
-1.14025e-14
-3.60378e-14
-1.3421e-34
-3.28846e-14
-3.65321e-14
-4.33082e-14
-1.56192e-15
-6.07265e-15
-9.8663e-15
-1.54468e-14
-3.01997e-14
-2.33651e-14
-4.23315e-15
1.35905e-34
-1.13771e-15
-3.63233e-14
-2.52242e-14
-3.25758e-14
-9.20784e-15
-2.14217e-14
-1.42799e-14
-4.38003e-14
-1.32514e-34
-3.87381e-14
-4.23054e-14
-4.69208e-14
-5.27582e-14
-5.51161e-14
-1.28724e-14
-7.63986e-15
-2.03492e-15
-2.00925e-14
-3.01155e-14
-1.20417e-14
-5.58084e-15
1.3421e-34
-1.48933e-15
-4.66454e-14
-4.19001e-14
-3.27149e-14
-1.96648e-14
-2.59489e-14
-5.56995e-14
-1.30819e-34
-3.81629e-14
-4.71667e-14
-5.81199e-14
-6.50551e-14
-6.9041e-14
-1.58858e-14
-9.72503e-15
-2.60779e-15
-2.69951e-14
-2.38893e-14
-1.48875e-14
-7.22125e-15
1.32514e-34
-1.934e-15
-5.36332e-14
-4.81533e-14
-4.17016e-14
-3.3154e-14
-6.69529e-14
-7.71023e-14
-1.29124e-34
-4.49814e-14
-5.6786e-14
-7.19665e-14
-8.51551e-14
-8.03561e-14
-2.00926e-14
-1.24849e-14
-3.32588e-15
-3.3846e-14
1.30819e-34
-3.01491e-14
-1.88664e-14
-9.42522e-15
-2.50617e-15
-6.10062e-14
-5.23319e-14
-4.41957e-14
-8.25452e-14
-9.43724e-14
-1.27429e-34
-1.03432e-13
-5.84615e-14
-6.97975e-14
-8.46924e-14
-9.39171e-14
-2.58593e-14
-4.12342e-15
-1.50628e-14
-4.17874e-14
1.29124e-34
-3.7501e-14
-1.15306e-14
-2.43685e-14
-3.17885e-15
-7.52927e-14
-6.47022e-14
-5.45783e-14
-1.00267e-13
-1.13733e-13
-1.25734e-34
-4.9891e-15
-1.18726e-13
-1.08673e-13
-6.73299e-14
-8.44335e-14
-9.86297e-14
-3.06655e-14
-1.82882e-14
-5.07914e-14
-8.06229e-14
1.27429e-34
-3.95101e-15
-4.79055e-14
-2.99556e-14
-1.45782e-14
-9.80277e-14
-6.64443e-14
-8.36671e-14
-1.19924e-13
-1.34864e-13
-1.34925e-13
-1.24038e-34
-2.18358e-14
-6.01293e-15
-1.28804e-13
-8.03629e-14
-1.00453e-13
-1.24086e-13
-3.80492e-14
-5.85495e-14
-4.49584e-14
1.25734e-34
-4.8012e-15
-5.55912e-14
-3.52466e-14
-1.77623e-14
-7.97101e-14
-1.16748e-13
-9.99892e-14
-1.41077e-13
-1.5182e-13
-1.56949e-13
-1.22343e-34
-2.5563e-14
-7.17803e-15
-1.43406e-13
-1.587e-13
-9.41794e-14
-1.22593e-13
-7.11701e-14
-5.09327e-14
1.24038e-34
-5.88471e-15
-2.1356e-14
-6.62521e-14
-4.22085e-14
-9.41916e-14
-1.33028e-13
-1.17603e-13
-1.78816e-13
-1.78836e-13
-1.62926e-13
-1.68983e-13
-1.20648e-34
-8.29404e-15
-2.92465e-14
-8.16805e-14
-1.36446e-13
-1.61905e-13
-1.08013e-13
-9.1224e-14
-5.87708e-14
-1.92527e-13
1.22343e-34
-6.95336e-15
-2.53336e-14
-4.98183e-14
-7.77454e-14
-1.05453e-13
-1.49775e-13
-1.35957e-13
-1.98689e-13
-1.99884e-13
-1.84279e-13
-9.32443e-15
-1.18953e-34
-3.28326e-14
-1.77601e-13
-1.23591e-13
-1.4893e-13
-1.31998e-13
-9.72111e-14
-6.42633e-14
-2.0282e-13
1.20648e-34
-8.27119e-15
-2.96167e-14
-5.78953e-14
-8.97649e-14
-1.25051e-13
-1.86181e-13
-2.18041e-13
-1.54125e-13
-1.70067e-13
-2.162e-13
-2.03237e-13
-1.02154e-14
-1.17258e-34
-3.48617e-14
-1.62137e-13
-1.34188e-13
-1.01124e-13
-6.70224e-14
-8.3987e-14
-2.07628e-13
1.18953e-34
-3.35944e-14
-9.50485e-15
-6.74623e-14
-1.01783e-13
-1.39881e-13
-1.68282e-13
-1.88625e-13
-2.24559e-13
-2.19723e-13
-1.94567e-13
-2.20372e-13
-1.05617e-14
-1.15562e-34
-3.52922e-14
-1.59756e-13
-1.28519e-13
-9.64921e-14
-6.58607e-14
-9.167e-14
-2.04281e-13
1.17258e-34
-1.0881e-14
-3.80877e-14
-7.66864e-14
-1.17332e-13
-1.52684e-13
-1.80315e-13
-1.7039e-13
-2.20002e-13
-2.12334e-13
-2.09471e-13
-2.16806e-13
-1.03253e-14
-1.13867e-34
-3.29437e-14
-1.28725e-13
-1.07778e-13
-5.74386e-14
-8.47633e-14
-1.87918e-13
-1.24166e-13
-8.27086e-14
1.15562e-34
-1.23333e-14
-4.27769e-14
-1.61619e-13
-1.91138e-13
-1.29657e-13
-1.56061e-13
-1.8296e-13
-2.12729e-13
-1.96087e-13
-2.06767e-13
-1.12172e-34
-8.64165e-15
-2.46059e-14
-3.83092e-14
-7.43956e-14
-6.47449e-14
-4.60527e-14
-1.28856e-13
-8.83141e-14
1.13867e-34
-4.65777e-14
-1.36358e-14
-1.64417e-13
-1.88882e-13
-7.10399e-14
-1.02636e-13
-1.2247e-13
-1.82745e-13
-1.43597e-13
-1.73061e-13
-1.10477e-34
-5.13569e-15
-1.14673e-14
1.36605e-14
-1.01836e-14
1.91709e-14
3.70741e-14
-1.3043e-13
-9.14446e-14
1.12172e-34
-4.95155e-14
-1.47436e-14
-1.72536e-13
-1.60884e-13
-5.10198e-14
1.87095e-14
6.63167e-15
5.1551e-14
-1.4377e-13
-8.65639e-14
-1.1759e-13
-1.08782e-34
1.3404e-14
5.61404e-16
8.55322e-14
4.29305e-14
1.67284e-13
1.84749e-13
1.72044e-13
-1.42065e-13
2.19178e-13
1.10477e-34
-1.22735e-13
-5.12396e-14
-9.09937e-14
-1.57149e-14
-1.38923e-13
3.55894e-14
9.63864e-14
1.78271e-13
1.97167e-13
-9.69555e-14
-2.53049e-14
-1.07086e-34
5.30354e-14
1.04566e-14
1.25659e-13
3.89874e-13
4.32814e-13
3.13496e-13
3.97676e-13
2.56327e-13
1.08782e-34
-1.05215e-13
-8.58463e-14
-5.13866e-14
-1.65257e-14
-1.02242e-13
1.75094e-13
1.16465e-13
3.17641e-13
3.93625e-13
4.34674e-13
2.50578e-14
-1.05391e-34
2.74793e-14
1.12308e-13
2.73632e-13
6.6616e-13
7.90298e-13
7.11878e-13
4.66389e-13
6.64561e-13
1.07086e-34
-1.67314e-14
-8.22197e-14
-7.68075e-14
-4.93637e-14
-4.19318e-14
3.62824e-13
2.7953e-13
6.36285e-13
9.98374e-13
1.44035e-13
-1.03696e-34
5.13345e-14
4.27952e-13
2.09921e-13
7.66628e-13
1.1631e-12
1.07508e-12
1.28891e-12
9.6154e-13
1.05391e-34
-1.66734e-14
-3.81832e-14
-5.87919e-14
-4.49518e-14
4.91204e-14
1.08094e-12
4.9615e-13
6.88549e-13
1.58384e-12
3.04986e-13
-1.02001e-34
3.22853e-13
8.50259e-14
6.76967e-13
1.0821e-12
1.77976e-12
1.63318e-12
1.96801e-12
-2.89118e-14
1.53433e-12
1.03696e-34
-1.63176e-14
-3.75982e-14
4.44134e-14
-2.57261e-14
1.80248e-13
8.54384e-13
1.68761e-12
1.13862e-12
2.37187e-12
5.65101e-13
-1.00306e-34
1.32809e-13
4.94077e-13
1.01667e-12
1.73497e-12
2.37527e-12
2.60202e-12
2.87059e-12
2.30528e-12
2.49969e-12
1.02001e-34
-1.55241e-14
-2.65875e-14
8.60793e-15
1.20089e-13
3.63515e-13
1.34305e-12
2.06439e-12
3.41016e-12
1.05958e-12
-9.86103e-35
1.98483e-13
7.51298e-13
1.55151e-12
2.29299e-12
3.3384e-12
4.06526e-12
4.04379e-12
6.18424e-13
1.04013e-13
3.32311e-12
3.28963e-12
1.00306e-34
-1.54682e-14
-1.09222e-14
7.60247e-14
2.82694e-13
2.00048e-12
2.98217e-12
4.74939e-12
1.49964e-12
8.65237e-13
2.84873e-13
-9.69151e-35
2.15832e-12
1.06048e-12
5.51399e-12
3.38331e-12
4.5521e-12
6.16097e-12
4.64203e-12
4.25657e-12
9.86103e-35
-1.44693e-14
9.32221e-15
4.75438e-13
1.44161e-13
7.58613e-12
2.88267e-12
3.90896e-12
5.88859e-12
6.43834e-12
1.45303e-12
2.06995e-12
3.92935e-13
-9.52199e-35
2.78474e-12
1.40526e-12
5.6139e-12
6.97221e-12
4.26102e-12
8.69059e-12
5.84502e-12
5.05911e-12
7.51197e-13
9.69151e-35
-1.26077e-14
4.15539e-14
2.80532e-13
8.878e-12
4.06614e-12
7.37144e-12
1.93313e-12
3.33148e-12
5.23681e-13
-9.35247e-35
3.51562e-12
1.87423e-12
6.81352e-12
8.63973e-12
5.84527e-12
1.04121e-11
6.34253e-13
6.87656e-12
6.1012e-12
1.25657e-12
9.52199e-35
-7.70928e-15
9.93743e-14
5.01042e-13
-9.18295e-35
9.71709e-12
1.09896e-11
5.1903e-12
9.01457e-12
3.13302e-12
4.73579e-12
6.92923e-13
4.66093e-12
2.48532e-12
7.30597e-12
1.08123e-11
9.10392e-12
1.24748e-11
7.86083e-12
1.74988e-12
7.53818e-13
9.35247e-35
4.88516e-15
1.88836e-13
-9.01343e-35
1.1881e-11
1.25613e-11
1.38325e-11
7.83292e-12
1.05979e-11
6.737e-12
4.1507e-12
8.9162e-13
3.01799e-12
5.69466e-12
1.46022e-11
1.13734e-11
8.73594e-12
1.30253e-11
2.44984e-12
1.22619e-12
9.18295e-35
2.672e-14
3.51265e-13
-8.8439e-35
1.69223e-11
1.54826e-11
1.7692e-11
1.42261e-11
1.08345e-11
9.65e-12
3.78765e-12
6.82014e-12
1.07303e-12
3.62274e-12
6.60003e-12
9.81065e-12
1.70246e-11
1.24138e-11
1.5332e-11
1.85705e-12
6.50633e-13
9.01343e-35
8.18686e-14
-8.67438e-35
1.93688e-11
1.88214e-11
2.17702e-11
1.90773e-11
1.50564e-11
1.02715e-11
1.39434e-11
5.93503e-12
1.24391e-12
3.93615e-12
7.04757e-12
1.00473e-11
1.86919e-11
1.27558e-11
1.56815e-11
5.92079e-12
3.07766e-12
1.18937e-12
1.8127e-13
8.84391e-35
-8.50486e-35
2.1587e-11
2.27733e-11
2.61725e-11
2.56604e-11
1.9221e-11
2.39177e-11
1.39987e-11
1.03581e-11
1.28813e-12
3.78887e-12
6.21868e-12
8.83861e-12
1.86132e-11
1.34245e-11
7.60704e-12
1.13327e-11
5.58896e-12
2.02147e-12
3.70749e-13
8.67438e-35
-8.33534e-35
2.35219e-11
2.90804e-11
2.957e-11
3.4693e-11
3.39804e-11
2.67269e-11
1.66381e-11
2.40775e-11
9.37094e-12
1.11356e-12
2.81465e-12
3.8976e-12
3.1199e-12
1.51724e-11
7.95427e-12
3.60048e-12
3.61925e-12
7.6656e-13
2.23885e-11
8.50486e-35
-8.16582e-35
3.275e-11
3.69638e-11
4.53e-11
4.65009e-11
4.53174e-11
2.42081e-11
1.56736e-11
3.73857e-11
6.3453e-12
5.21498e-13
1.11975e-13
-3.58006e-12
-5.97585e-12
-7.91673e-12
5.9201e-12
-2.73784e-12
-1.81764e-11
1.44913e-12
3.60994e-11
1.6251e-11
8.33534e-35
-7.9963e-35
5.24499e-11
5.67774e-11
6.16054e-11
6.83739e-11
3.88626e-11
2.40152e-11
5.82486e-11
1.15472e-11
-9.71176e-13
-6.24815e-12
-1.4092e-11
-2.87049e-11
-3.70888e-11
-1.30203e-11
-3.63909e-11
2.59495e-12
6.02024e-12
5.0225e-11
3.7098e-11
8.16582e-35
-7.82678e-35
9.68915e-11
9.01284e-11
8.98547e-11
3.94901e-11
6.21062e-11
9.07154e-11
1.96009e-11
4.62317e-12
-3.68007e-12
-1.72088e-11
-3.99973e-11
-8.26657e-11
-5.55874e-11
-6.50865e-11
-1.13485e-11
-8.45152e-11
7.54194e-11
3.27447e-11
7.9963e-35
-7.65726e-35
1.26091e-10
1.37504e-10
1.51665e-10
1.40776e-10
6.41677e-11
1.08626e-10
3.08739e-11
8.16467e-12
-3.36241e-11
-8.47946e-12
-7.14446e-11
-1.57378e-10
-1.246e-10
-1.18875e-10
-6.98009e-11
-1.63137e-10
9.595e-11
2.08673e-11
7.82678e-35
-7.48774e-35
1.77424e-10
2.078e-10
2.07851e-10
2.16947e-10
1.70451e-10
1.02715e-10
5.06837e-11
1.32566e-11
-6.71276e-11
-1.58927e-11
-1.41955e-10
-2.39086e-10
-2.19668e-10
4.54675e-12
-1.97137e-10
-1.43372e-10
-2.63662e-10
1.22572e-10
7.65726e-35
-7.31822e-35
2.84499e-10
2.50727e-10
3.12824e-10
3.31361e-10
1.74542e-10
2.64472e-10
2.22628e-11
8.15568e-11
-1.10118e-10
-2.9341e-11
-3.66757e-10
-2.40422e-10
1.57312e-10
-4.0092e-10
-4.07635e-10
-2.28961e-10
-2.06692e-11
-3.39836e-10
7.48774e-35
-7.14871e-35
4.05531e-10
5.00852e-10
4.16999e-10
3.5466e-10
5.29468e-10
3.61337e-11
2.53362e-10
1.34649e-10
-4.99337e-11
-1.82624e-10
-3.89885e-10
-5.34234e-10
-7.25172e-10
2.03369e-10
-6.56236e-10
-1.03918e-10
-3.48245e-10
-6.55257e-10
7.31822e-35
4.66031e-10
-6.97919e-35
5.62228e-10
6.74142e-10
6.95208e-10
7.352e-10
5.59272e-11
4.1513e-10
2.0926e-10
-1.0011e-09
-7.92618e-11
-3.06428e-10
-6.11773e-10
-9.12321e-10
2.62726e-10
-1.99005e-10
-9.35857e-10
-1.16075e-09
-6.74081e-10
7.1487e-35
6.09672e-10
-6.80967e-35
8.40625e-10
1.10193e-09
9.3595e-10
1.01181e-09
8.8978e-11
5.86205e-10
3.20146e-10
-1.67253e-09
-4.74956e-10
-1.27667e-10
-9.33933e-10
-1.37655e-09
3.40095e-10
-3.35569e-10
-1.73172e-09
-1.0203e-09
-1.30563e-09
9.16395e-10
6.97919e-35
8.52019e-10
-6.64015e-35
-1.95678e-10
1.33771e-09
1.45276e-09
1.24887e-09
1.45959e-09
4.61211e-10
1.31347e-10
9.25767e-10
-2.43918e-09
-2.0237e-09
-6.85238e-10
-1.30759e-09
4.38821e-10
-5.26095e-10
-2.51077e-09
-1.38084e-09
-1.91204e-09
6.80967e-35
1.17708e-09
-6.47063e-35
-2.87108e-10
1.78768e-09
2.07306e-09
2.28066e-09
1.7563e-09
6.82973e-10
1.99335e-10
1.27345e-09
-1.04841e-09
-3.16766e-09
-2.69506e-09
-1.90427e-09
5.62109e-10
-3.54181e-09
-7.81399e-10
-1.82924e-09
-2.71974e-09
6.64015e-35
1.60179e-09
-1.50494e-09
-6.30111e-35
-4.2347e-10
2.53651e-09
3.19204e-09
2.88958e-09
2.71523e-09
6.47062e-35
2.96602e-10
9.90874e-10
1.92975e-09
-2.84964e-09
-4.40783e-09
-3.78651e-09
-4.84992e-09
7.09135e-10
-4.18903e-09
-1.02253e-09
-2.53641e-09
2.13477e-09
-6.13158e-35
-2.04055e-09
-5.98454e-10
-3.92008e-09
3.52578e-09
4.02547e-09
3.94125e-09
3.63406e-09
6.3011e-35
4.19165e-10
2.70449e-09
1.409e-09
-6.15264e-09
-5.49608e-09
-5.95246e-09
8.72981e-10
-5.50964e-09
-3.7811e-09
-1.30841e-09
2.76852e-09
4.50855e-09
-5.96203e-35
-8.45143e-10
-2.78481e-09
-5.23244e-09
-7.1972e-09
4.77631e-09
5.39584e-09
5.67792e-09
3.69918e-09
6.13157e-35
5.88563e-10
2.02729e-09
-7.59326e-09
-8.24741e-09
3.45758e-09
-6.91996e-09
1.09067e-09
-4.54178e-09
-1.7315e-09
5.44947e-09
-5.79247e-35
-1.14232e-09
-3.77448e-09
-8.62945e-09
-6.48901e-09
6.27812e-09
7.4417e-09
7.18157e-09
2.74615e-09
4.70767e-09
5.96202e-35
8.25134e-10
-9.28732e-09
-1.01009e-08
-8.15983e-09
4.08522e-09
-5.25614e-09
1.14191e-09
-2.17002e-09
-1.11962e-08
6.5592e-09
8.59199e-09
-5.62287e-35
-1.46716e-09
-4.66772e-09
-8.19817e-09
-1.03162e-08
7.93889e-09
9.11995e-09
3.503e-09
6.29025e-09
1.11986e-09
5.79245e-35
-1.05248e-08
-8.72633e-09
-5.83301e-09
-7.96819e-09
4.41375e-09
9.77955e-10
-2.53085e-09
-4.21006e-09
-1.15661e-08
-1.13675e-08
7.28827e-09
9.45321e-09
-5.4532e-35
-1.83958e-09
-5.69583e-09
-9.14853e-09
-1.13051e-08
9.74977e-09
1.03999e-08
4.52268e-09
7.47249e-09
1.44904e-09
5.62284e-35
-9.93006e-09
-2.50941e-09
-4.96108e-09
-5.22998e-09
4.00138e-09
3.74242e-10
-5.91212e-10
-1.14089e-08
6.96886e-09
9.12053e-09
-5.28345e-35
-2.16438e-09
-6.17406e-09
-1.03742e-08
-9.1597e-09
-9.54284e-09
4.42599e-09
1.04102e-08
1.0455e-08
5.28802e-09
8.69533e-09
5.45318e-35
1.78113e-09
-5.53851e-09
-1.5531e-09
-1.64813e-09
3.02713e-09
1.89935e-09
-2.23042e-09
4.56085e-10
6.88193e-09
7.82188e-09
-5.71832e-09
-5.11353e-35
-2.31612e-09
-5.5709e-09
-7.1638e-09
-2.35732e-09
-2.32587e-09
8.72983e-09
9.1929e-09
5.80465e-09
2.09741e-09
5.2834e-35
1.22696e-08
1.50732e-10
7.90464e-09
1.2045e-08
-5.90818e-09
-1.06876e-08
-1.95231e-09
2.69924e-09
-4.06476e-09
-4.94343e-35
-3.71222e-09
-1.93287e-09
3.03038e-09
1.41132e-08
-2.21454e-08
-1.18338e-08
6.71394e-09
2.15954e-09
2.15071e-09
5.31479e-09
5.11348e-35
3.77862e-08
3.55235e-08
2.92905e-08
3.22322e-09
2.15019e-08
-1.32488e-08
-3.12456e-08
9.28535e-09
1.36636e-09
-1.7448e-08
-8.51728e-09
-2.36093e-08
-4.77298e-35
-5.41279e-10
3.95699e-09
3.09982e-08
5.88928e-08
-4.3444e-08
2.69444e-09
-9.76316e-10
1.72252e-09
4.94335e-35
7.12812e-08
6.89409e-08
1.04816e-08
4.95314e-08
-2.52743e-08
-6.39407e-08
1.76091e-08
-6.04045e-08
-2.71696e-08
-4.0033e-08
-4.60209e-35
2.30776e-09
1.05627e-07
1.79737e-08
9.05481e-08
-9.12424e-08
-2.9939e-09
-1.29135e-08
5.57126e-10
4.77289e-35
1.46602e-07
1.3778e-07
2.35479e-08
9.79807e-08
-4.52078e-08
-1.18827e-07
4.93164e-08
-1.25443e-07
-6.86696e-08
-9.20182e-08
-4.43057e-35
8.22057e-09
2.07734e-07
4.39655e-08
1.57612e-07
-1.72387e-07
-1.55144e-08
-4.53639e-08
-2.32475e-09
4.60197e-35
2.73215e-07
2.52489e-07
4.60234e-08
1.78305e-07
-9.83592e-08
-2.08684e-07
2.7001e-07
1.05926e-07
-1.41861e-07
-2.35327e-07
-1.82323e-07
-4.25818e-35
1.99484e-08
4.36165e-07
8.95851e-08
3.31453e-07
-3.05555e-07
-3.87972e-08
-8.76236e-08
-8.11041e-09
4.43033e-35
3.06969e-07
4.79394e-07
4.37281e-07
1.07139e-07
-1.60039e-07
-3.50473e-07
2.02854e-07
-2.44341e-07
-1.72045e-07
-3.80957e-07
-3.85405e-07
7.42743e-07
-4.08462e-35
3.94518e-08
5.76204e-07
1.66287e-07
3.62364e-07
-5.17554e-07
-8.55693e-08
-1.88209e-07
-1.9649e-08
4.25803e-35
4.58738e-07
7.27591e-07
8.05116e-07
1.78686e-07
-2.28062e-07
-5.70114e-07
-3.00188e-07
-5.96279e-07
-6.59557e-07
-4.67697e-07
9.62034e-07
1.22019e-06
-3.90961e-35
6.96487e-08
6.17322e-07
2.91473e-07
-9.83003e-07
-1.00719e-06
-1.49847e-07
-3.07859e-07
-3.83051e-08
4.08455e-35
6.7105e-07
1.0763e-06
1.3076e-06
2.87814e-07
-3.20744e-07
-1.08588e-06
-1.08859e-06
-7.89037e-07
1.4082e-06
1.01618e-06
1.72659e-06
-3.73289e-35
1.20912e-07
4.901e-07
-1.57183e-06
-1.58675e-06
-2.64235e-07
-5.7423e-07
-7.04744e-08
3.90945e-35
1.05929e-06
1.56165e-06
2.06466e-06
4.51038e-07
-4.9198e-07
-1.66068e-06
-1.54537e-06
-1.42101e-06
1.51063e-06
2.23114e-06
3.02907e-06
-3.55424e-35
2.0874e-07
7.98266e-07
-2.45282e-06
-2.44048e-06
-4.45951e-07
-9.47763e-07
-1.18465e-07
3.73173e-35
1.62868e-06
2.41003e-06
3.18198e-06
6.87852e-07
-7.38669e-07
-2.28554e-06
2.44447e-06
-2.72415e-06
-2.04435e-06
2.53461e-06
3.76668e-06
4.60652e-06
-3.37378e-35
3.38679e-07
1.26899e-06
-3.73739e-06
-3.66702e-06
-7.29909e-07
-1.51903e-06
-2.0251e-07
3.55367e-35
4.79205e-06
2.44709e-06
4.19924e-06
1.0238e-06
-1.08585e-06
-3.10286e-06
-4.15943e-06
-3.17069e-06
3.62772e-06
6.18624e-06
5.21168e-06
1.96831e-06
-3.1926e-35
5.20894e-07
-5.39203e-06
-5.57361e-06
-1.16203e-06
-3.32372e-07
-2.37538e-06
3.37334e-35
7.05333e-06
5.73239e-06
3.59009e-06
1.36523e-06
-1.55806e-06
-5.18721e-06
-5.60266e-06
-5.23671e-06
-7.74832e-06
5.44438e-06
9.05083e-06
7.71832e-06
8.16191e-07
2.99261e-06
-3.00995e-35
-8.23997e-06
-9.10792e-06
-1.80849e-06
-5.12923e-07
-3.63996e-06
3.19012e-35
1.01533e-05
7.70243e-06
5.14178e-06
1.79083e-06
1.08186e-05
-2.18999e-06
-7.2336e-06
-1.08622e-05
-7.74661e-06
-1.28901e-05
4.28511e-06
7.99185e-06
1.11806e-05
1.29536e-05
1.2411e-06
-2.83364e-35
-1.18561e-05
-1.64328e-05
-7.96197e-07
-5.45809e-06
-2.878e-06
3.00801e-35
1.5132e-05
7.18135e-06
2.5023e-06
9.67052e-06
1.55075e-05
-2.13652e-06
-7.73524e-06
-1.31938e-05
-1.03911e-05
-2.00635e-05
-1.69902e-05
-8.01433e-06
4.72851e-06
1.03873e-05
1.1942e-05
1.64761e-05
1.93473e-05
-2.67309e-35
1.39841e-06
-1.50668e-05
-2.34084e-05
-1.2122e-06
-4.30102e-06
2.83492e-35
2.14516e-05
3.88343e-06
8.93561e-06
1.80712e-05
-4.58673e-06
-1.06248e-05
-1.80323e-05
-1.18618e-05
-2.70472e-05
-2.09222e-05
-1.02105e-05
5.79215e-06
1.41749e-05
1.7123e-05
2.33321e-05
2.75221e-05
-2.54612e-35
1.44816e-06
-3.0793e-05
-1.65471e-05
-2.77535e-05
-1.3671e-06
-5.02303e-06
2.67332e-35
2.8572e-05
1.60346e-05
2.1345e-06
7.97513e-06
2.59087e-05
-1.58954e-05
-6.38397e-06
-2.56318e-05
-3.25965e-05
-2.28e-05
-1.42116e-05
-6.76175e-06
9.45718e-06
2.03732e-05
2.49734e-05
3.05335e-05
3.57479e-05
4.1493e-06
-2.4931e-35
-3.63069e-05
-3.80629e-05
-2.18984e-05
-3.12943e-05
-1.44981e-06
2.54549e-35
3.67431e-05
1.96155e-05
-4.08448e-06
1.04811e-05
3.31955e-05
-1.52788e-05
-2.42494e-05
-3.54119e-05
-1.91824e-05
-1.02125e-05
-4.13379e-06
1.5286e-05
2.94734e-05
4.11836e-05
-4.50689e-05
-4.30725e-05
8.72395e-06
2.63105e-06
-2.55823e-35
-4.32681e-05
-3.22405e-05
2.49694e-35
4.49997e-05
4.04934e-05
2.17913e-05
-6.39575e-07
1.37084e-05
3.30276e-05
-1.29187e-05
-2.54263e-05
-3.71021e-05
-1.90951e-05
-6.78227e-06
-1.77068e-06
1.9952e-05
3.59853e-05
-4.92047e-05
4.75461e-05
-4.65704e-05
-5.08849e-05
3.6298e-06
1.24938e-05
-2.85552e-35
-2.91441e-05
-4.12504e-05
2.56753e-35
5.1579e-05
4.86303e-05
4.11098e-05
2.27288e-05
-6.96329e-06
4.55694e-06
1.02302e-05
3.37672e-05
-2.02961e-05
-4.0509e-05
-3.02122e-05
-1.71175e-05
-2.42792e-05
-9.9944e-06
-2.81346e-06
2.03942e-05
4.35268e-05
3.0176e-05
-5.24986e-05
5.16165e-05
-4.81847e-05
-5.26663e-05
2.34401e-06
1.03764e-05
-3.41959e-35
-4.79328e-05
-3.48923e-05
2.85024e-35
5.35636e-05
4.27365e-05
4.93586e-05
2.50901e-05
-9.3879e-06
4.42325e-07
1.5563e-05
3.20187e-05
-1.66186e-05
-4.10234e-05
-3.14847e-05
-1.24123e-05
-2.39002e-06
2.88306e-05
3.93165e-05
-5.31666e-05
5.06444e-05
-4.68731e-05
1.37714e-06
8.71529e-06
-4.07795e-35
-4.36591e-05
-2.05549e-05
3.45895e-35
4.61207e-05
4.70511e-05
4.10852e-05
1.97841e-05
-6.6872e-06
6.7535e-06
2.87634e-05
-3.79353e-05
-2.19947e-05
-1.2196e-05
-3.21282e-05
-3.77938e-06
3.72151e-05
-4.72214e-05
3.78895e-05
3.59894e-35
-3.68084e-05
-3.11829e-05
-5.5445e-36
-8.96489e-07
4.08369e-35
-2.58456e-06
-4.32769e-35
-3.65866e-35
-3.44942e-06
8.32754e-07
-2.76433e-05
2.95975e-05
3.85222e-05
3.80347e-05
3.22382e-05
1.20412e-05
9.73023e-07
-4.05797e-06
1.98094e-05
-2.52599e-05
-1.63463e-05
6.77845e-36
2.34861e-06
3.63827e-35
-2.02658e-05
-8.89796e-36
-1.08384e-06
-4.40016e-06
4.33509e-35
4.33008e-35
-4.21193e-35
-3.86361e-35
1.09286e-06
-1.90172e-05
-1.93819e-05
-1.21637e-05
8.84288e-36
2.95861e-05
2.03449e-05
2.32429e-05
6.0776e-06
1.57804e-05
-1.33754e-05
-1.37926e-35
-4.82858e-07
-4.2802e-06
4.2086e-35
-1.7241e-07
4.10561e-35
-4.05965e-35
-4.24917e-35
2.51642e-07
-1.2925e-05
-1.31596e-05
-1.96435e-35
-1.01279e-05
-6.5719e-06
1.37738e-35
1.11924e-05
1.62976e-05
1.26378e-05
1.71874e-05
5.92817e-06
-6.92916e-06
1.90498e-08
4.05643e-35
3.65666e-35
-8.21795e-08
-3.89038e-35
-4.12055e-35
1.21621e-07
-8.42165e-06
-7.38431e-06
-2.66965e-35
-6.53983e-06
-3.78419e-06
1.97117e-35
6.93747e-06
1.18219e-05
1.09888e-05
9.63849e-06
4.16336e-06
-4.59791e-06
-4.91465e-06
1.15965e-08
3.5074e-35
-3.71547e-35
3.89457e-35
-3.65705e-35
-3.63006e-08
7.43871e-08
-4.43185e-06
-3.67355e-06
-4.18106e-06
-3.52545e-35
-1.82756e-06
2.66694e-35
3.56226e-06
5.92452e-06
7.40227e-06
2.91912e-06
5.2973e-06
-2.63056e-06
-5.52733e-07
1.21472e-06
3.44265e-35
-3.51529e-35
3.71484e-35
-3.50851e-35
-1.01164e-08
3.6448e-08
-2.21647e-06
-1.98368e-06
-1.78733e-06
-4.34645e-35
-6.14252e-07
3.52711e-35
1.82826e-06
3.22487e-06
4.19732e-06
3.23894e-06
-8.79419e-07
7.77005e-07
3.31386e-35
-3.31779e-35
3.51578e-35
-3.4427e-35
3.17253e-10
3.63701e-09
-1.37851e-06
-7.2769e-07
-1.02586e-06
-2.51828e-07
-5.09253e-35
4.34719e-35
1.71106e-06
6.75052e-07
2.17228e-06
1.76034e-06
4.7322e-07
-3.39872e-07
3.13585e-35
-3.13498e-35
3.31823e-35
-3.31428e-35
1.28663e-11
-5.0272e-10
-5.31608e-07
-3.40409e-07
-4.38865e-07
-8.46637e-08
-5.8616e-35
5.09505e-35
7.25482e-07
2.27637e-07
8.24603e-07
8.76195e-07
2.45466e-07
-1.543e-07
2.95301e-35
-2.95222e-35
3.13536e-35
-3.13626e-35
3.8517e-12
1.16139e-11
-2.18954e-07
-1.19397e-07
-1.63636e-07
-2.42013e-08
-6.63544e-35
3.45915e-07
5.86259e-35
2.85148e-07
7.71192e-08
2.93995e-07
1.15184e-07
1.74008e-07
-5.45432e-08
2.77024e-35
-2.7695e-35
2.95259e-35
-2.95337e-35
-3.62554e-13
-4.6913e-12
-3.38274e-08
-6.46994e-08
-2.93697e-08
-3.1203e-09
-7.41254e-35
8.369e-08
6.63653e-35
2.44608e-08
1.23642e-07
5.90535e-08
6.65577e-08
4.65819e-08
1.87676e-09
2.58747e-35
-2.58677e-35
2.40469e-35
2.76985e-35
-2.77059e-35
2.49143e-13
1.14288e-12
2.01552e-08
2.13516e-08
7.13986e-09
4.01454e-09
-8.19248e-35
2.80185e-08
5.26074e-09
7.41472e-35
6.04722e-08
1.50895e-08
3.0648e-08
5.49193e-08
4.41734e-08
-2.40405e-35
2.22191e-35
2.5871e-35
-2.58779e-35
-1.92178e-14
-1.352e-13
5.62303e-08
6.92366e-08
3.75983e-08
9.02813e-09
-8.97219e-35
2.85507e-09
8.19495e-35
4.65017e-08
1.18544e-08
2.48495e-08
7.30839e-08
9.33734e-08
-2.22132e-35
2.03914e-35
2.40435e-35
-2.40499e-35
1.95628e-14
1.87235e-14
1.30641e-07
1.96421e-07
8.63309e-08
2.27885e-08
-9.7517e-35
4.12186e-09
8.97588e-35
-2.48565e-09
4.58273e-08
1.58947e-10
1.0309e-07
2.20901e-07
-2.03859e-35
1.85636e-35
-1.85586e-35
2.2216e-35
-2.22219e-35
-2.4956e-16
3.93132e-07
-3.21121e-15
3.45037e-07
1.98354e-07
5.2713e-08
-1.05288e-34
-5.56838e-08
2.18208e-09
9.75606e-35
-4.63356e-08
5.07466e-09
-1.36434e-07
1.28257e-07
4.07011e-07
1.67358e-35
-1.67314e-35
2.03885e-35
-2.03939e-35
-8.10688e-18
7.73406e-07
4.81154e-16
7.27201e-07
3.81834e-07
1.15548e-07
-1.13023e-34
1.05349e-34
-1.52689e-07
-1.10564e-08
-8.11515e-08
7.061e-07
-3.39393e-07
-2.24509e-07
8.89911e-08
1.49081e-35
-1.49041e-35
1.85609e-35
-1.85659e-35
1.30803e-35
-1.30768e-35
-3.23556e-18
1.32351e-06
1.22891e-06
-7.51299e-17
8.14747e-07
2.66426e-07
-1.20709e-34
1.13104e-34
-6.39194e-07
-2.83236e-07
-7.24626e-08
1.20708e-06
-7.45357e-08
-9.2686e-07
-1.38016e-06
-9.84417e-07
1.68301e-06
1.67334e-35
-1.67379e-35
1.12525e-35
-1.12495e-35
2.63935e-19
2.75223e-06
2.24157e-06
2.90478e-06
4.21756e-18
1.90681e-06
5.75889e-07
-1.28307e-34
2.55875e-06
-6.67454e-07
1.20797e-34
-1.91384e-07
-1.96573e-06
-4.78706e-07
-1.73292e-06
-2.6308e-06
1.49059e-35
-1.49099e-35
9.42475e-36
-1.30819e-35
-9.42225e-36
1.13643e-19
5.46608e-06
5.05501e-06
3.76605e-06
1.30784e-35
1.43778e-18
1.26414e-06
-1.35855e-34
-4.42272e-07
5.26567e-06
-5.15425e-07
1.28425e-34
-1.0795e-06
-3.59972e-06
-3.22154e-06
-4.47725e-06
8.72439e-06
7.59699e-36
-1.12539e-35
-7.59498e-36
-6.1331e-20
3.59611e-06
9.25956e-06
7.52904e-06
9.76244e-06
1.12509e-35
-2.08143e-19
1.70243e-06
-1.43559e-34
-6.15817e-06
4.79156e-07
1.35957e-34
-1.12606e-06
-3.67539e-06
-8.2028e-06
-6.23926e-06
1.34186e-05
5.76922e-36
-9.42593e-36
-5.7677e-36
3.94145e-36
2.64402e-19
8.24247e-06
1.64616e-05
1.62351e-05
1.58884e-05
7.12311e-06
9.42343e-36
-9.00378e-19
1.97859e-06
-1.5122e-34
-3.2718e-06
-1.12457e-05
1.43447e-34
-1.9975e-06
-6.15538e-06
-1.53393e-05
-1.54853e-05
-7.59794e-36
-3.94043e-36
2.279e-36
-2.27845e-36
9.01409e-20
1.12315e-05
2.35977e-05
1.24804e-05
2.26945e-05
2.44642e-05
-2.32907e-06
7.59593e-36
-5.76994e-36
6.29927e-19
-1.6173e-34
-2.17427e-05
-1.50681e-05
1.50927e-34
-3.70659e-06
-1.0511e-05
-2.42425e-05
3.7015e-50
1.46339e-49
1.90635e-05
8.01137e-06
3.41146e-05
1.33302e-06
1.55235e-05
2.68613e-05
3.24824e-05
-1.41654e-05
5.76842e-36
-3.94194e-36
-1.11509e-19
-1.68798e-34
-3.01323e-05
-3.41313e-05
-2.6064e-05
1.60482e-34
-1.68599e-05
2.34196e-05
3.45107e-05
7.89965e-07
1.28221e-05
2.56779e-05
2.91229e-05
3.02345e-05
-9.68187e-06
3.94092e-36
-2.27929e-36
-9.4592e-21
-2.0678e-34
-3.66333e-05
-3.41873e-05
-2.32756e-05
1.73632e-34
-1.61977e-05
1.80384e-36
2.96306e-36
1.18735e-35
1.32713e-35
2.0275e-35
2.2414e-35
-7.07641e-36
1.03057e-49
2.27874e-36
4.86379e-50
-1.5534e-34
-3.06799e-05
-3.44351e-05
-1.93856e-35
-2.98916e-35
2.03735e-34
-1.82532e-35
1.5534e-34
