9.86699e-51
-4.37352e-50
5.88198e-36
-3.80888e-20
-5.88339e-36
1.01725e-35
8.19775e-20
-1.01751e-35
1.48897e-35
2.11865e-19
-1.48936e-35
1.96069e-35
4.6205e-35
-1.04221e-18
-1.96121e-35
2.43241e-35
-2.43306e-35
5.83887e-36
1.39872e-34
1.47333e-36
3.78708e-36
1.11308e-36
5.84278e-06
1.62629e-36
1.71342e-18
2.90414e-35
-2.90491e-35
-4.38034e-07
1.27175e-34
3.91956e-06
3.27048e-06
4.60518e-06
4.31539e-06
1.83526e-36
3.06227e-06
4.92894e-06
5.74249e-19
3.37586e-35
-3.37676e-35
-1.76644e-36
3.30472e-38
-3.52848e-37
3.41676e-37
3.16877e-36
-4.66713e-37
1.12308e-06
-1.3533e-36
-3.2744e-36
-1.85402e-36
1.32123e-06
2.3131e-06
1.3238e-34
6.0506e-06
4.97702e-06
5.83443e-06
1.86999e-06
4.20528e-06
6.03465e-06
-2.26718e-18
3.84758e-35
-3.84861e-35
-5.28885e-07
-6.15425e-07
-6.71732e-07
-3.80175e-36
-2.8472e-06
4.75958e-38
1.99414e-06
9.5326e-07
-4.6205e-35
-3.91087e-06
-2.43468e-06
-5.86397e-36
-4.02319e-06
-5.97544e-06
4.97505e-07
4.15263e-06
1.8443e-06
1.3054e-34
6.29848e-06
5.56886e-06
3.70529e-06
4.76195e-06
5.78901e-06
1.4114e-17
4.31931e-35
-4.32046e-35
3.54344e-07
-1.22509e-06
-1.76321e-06
-2.82122e-06
-3.21749e-06
2.29335e-06
1.49921e-06
-1.39937e-34
-5.7222e-06
-5.40565e-06
-5.20332e-06
3.91521e-07
-4.4117e-06
-5.13319e-06
4.285e-07
3.33531e-06
1.38573e-06
1.29599e-34
5.53892e-06
5.01148e-06
3.52741e-06
3.94591e-06
4.82966e-06
5.27451e-06
-9.49289e-17
4.79103e-35
-4.79231e-35
-7.0068e-07
-1.37575e-06
-3.53657e-06
-5.52901e-06
-4.14402e-06
2.37933e-06
8.14723e-07
-1.27332e-34
-5.82366e-06
-5.75753e-06
-5.5082e-06
-1.35956e-06
-4.05447e-06
-2.34978e-06
3.02233e-07
2.03781e-06
8.15642e-07
2.76647e-06
1.28391e-34
5.04405e-06
4.19326e-06
3.54948e-06
4.39634e-06
6.45719e-16
5.26275e-35
-5.26416e-35
-1.28354e-06
-3.11121e-06
-4.32796e-06
-5.00248e-06
1.85457e-06
-7.26715e-07
3.06039e-07
-1.325e-34
-5.26596e-06
-5.01391e-06
-4.989e-06
-3.17962e-06
-4.92783e-07
-1.84529e-06
1.71473e-07
1.54038e-06
6.00669e-07
3.29686e-06
2.12518e-06
1.27096e-34
4.06442e-06
3.45677e-06
3.64323e-06
2.47639e-06
3.26413e-06
-4.18703e-15
5.73447e-35
-5.73601e-35
-2.26996e-06
-3.91507e-06
-4.58811e-06
1.2461e-06
-1.60071e-06
-1.64052e-07
-1.30616e-34
-4.12777e-06
-3.48651e-06
-4.15933e-06
-1.355e-06
-4.14852e-07
1.23292e-07
1.11788e-06
3.5996e-07
2.7675e-06
1.9056e-06
1.25772e-34
3.11924e-06
2.58138e-06
2.27092e-06
2.7692e-14
6.2062e-35
-6.20786e-35
-2.90805e-06
-3.76947e-06
-2.09521e-06
7.25061e-07
-1.96282e-07
-1.15953e-06
-3.2788e-06
-1.29651e-34
-3.37119e-06
-1.90218e-06
-2.78255e-06
-2.71755e-06
-7.45194e-07
6.95011e-08
9.32675e-07
3.90283e-07
2.22695e-06
1.16162e-06
1.59517e-06
1.24432e-34
2.30199e-06
1.83586e-06
1.45091e-06
-1.94642e-13
6.67792e-35
-6.67971e-35
-2.48008e-06
-1.36881e-06
3.31028e-07
-7.85111e-07
-4.80956e-07
-2.49617e-06
-2.64442e-06
-1.28406e-34
-2.38438e-06
-1.4374e-06
-1.71414e-06
-5.52684e-07
-1.68486e-07
1.11154e-07
7.49418e-07
3.94878e-07
1.71927e-06
7.92561e-07
1.06474e-06
1.25581e-06
1.23086e-34
7.19016e-08
1.63287e-06
8.45654e-07
1.17328e-06
1.16202e-12
7.14965e-35
-7.15156e-35
-1.79841e-06
-1.08851e-06
1.42865e-07
-3.5493e-07
-1.94714e-06
-1.92191e-06
-1.65722e-06
-1.27103e-34
-1.25395e-06
-8.61858e-07
-3.1669e-07
7.03242e-07
2.62509e-07
5.31054e-07
5.39401e-07
1.27383e-06
9.64495e-07
5.99478e-07
4.78262e-08
1.20383e-34
1.21732e-34
1.72989e-07
1.11256e-06
5.43605e-07
8.00582e-07
7.62136e-35
-5.97521e-12
-7.62338e-35
-1.24442e-06
-6.70628e-07
-6.64802e-08
-1.45838e-06
-1.39917e-06
-1.10407e-06
-1.25773e-34
-5.96061e-08
-7.74525e-07
-3.3716e-07
4.94877e-07
3.3843e-07
4.45993e-07
9.01549e-07
6.23605e-07
7.04337e-07
1.19034e-34
1.92077e-08
3.05263e-08
1.12525e-07
5.86927e-07
3.37021e-07
8.09307e-35
3.95168e-11
-8.09524e-35
8.56522e-35
-1.01865e-06
-8.24646e-07
-4.13707e-07
-2.24124e-08
-1.04395e-06
-8.33305e-07
-6.46413e-07
-1.24426e-34
-9.44531e-08
-3.27904e-07
3.55958e-07
3.09854e-07
3.57193e-07
2.21772e-07
4.7898e-07
5.98948e-07
4.21285e-07
1.17684e-34
1.12399e-08
7.06096e-08
1.38868e-07
2.2518e-07
6.3237e-09
6.88597e-10
-8.55533e-35
9.07535e-35
-7.33559e-07
-5.55553e-07
-2.4621e-07
-7.01081e-07
-6.02467e-07
-4.23901e-07
-1.23074e-34
-6.1789e-08
-2.21871e-07
1.16333e-34
2.67733e-07
2.51933e-07
2.04808e-07
2.94699e-07
3.84415e-07
2.48114e-07
4.15771e-09
3.69376e-08
8.48137e-08
-1.58822e-07
1.67304e-07
2.38393e-08
-8.8859e-35
9.58918e-35
2.62435e-08
-5.15765e-07
-3.01721e-07
-4.57127e-07
-3.90267e-07
-2.53249e-07
-1.21722e-34
-1.34166e-07
-3.93506e-08
1.1498e-34
-3.28647e-09
1.12254e-34
1.13619e-34
1.43757e-07
1.34328e-07
1.10322e-07
1.96201e-07
1.36696e-07
1.30809e-08
2.43901e-08
1.96587e-08
1.10878e-34
1.09491e-34
-9.66917e-08
-1.96257e-07
1.16191e-07
-4.78587e-08
1.20634e-07
3.46547e-08
-9.05195e-35
1.00459e-34
1.38571e-07
-2.77614e-07
-2.84541e-07
-2.42936e-07
-1.69211e-07
-1.20372e-34
-8.74658e-08
-2.35015e-08
-1.26136e-08
-1.64164e-08
-2.87034e-08
4.73455e-08
2.67924e-08
3.29425e-08
6.46459e-08
8.2982e-08
-3.11558e-08
-4.90766e-08
-5.45716e-08
-9.54266e-08
1.08082e-34
-1.1351e-07
-1.52442e-07
3.67558e-09
4.26821e-08
-9.43917e-35
1.04652e-34
2.41311e-07
1.08527e-34
-1.60285e-07
-1.58171e-07
-6.22183e-08
-8.98508e-08
-1.07381e-07
-1.19024e-34
-5.09964e-08
-1.39231e-08
1.06656e-34
1.03805e-34
1.05226e-34
-6.12881e-08
-1.16754e-07
-1.09103e-07
-1.99136e-07
5.19783e-08
-9.27447e-08
-5.8848e-08
-5.54436e-08
-7.21507e-09
2.70858e-08
-2.18655e-07
-1.6657e-07
-1.57877e-07
-3.779e-07
-2.49457e-07
-5.25503e-08
-2.95429e-08
5.42827e-08
1.02439e-34
1.00178e-34
1.01176e-34
-1.0626e-34
3.1471e-07
5.94077e-07
1.11421e-34
4.78645e-09
-5.86887e-08
-4.38573e-08
-1.17676e-34
-2.44504e-08
-7.0995e-09
-4.05322e-07
-9.43789e-07
-6.2554e-07
-2.45579e-07
-4.70625e-07
6.6747e-08
-2.49566e-07
-1.00617e-07
-1.69812e-07
-2.06292e-07
-1.23083e-08
-3.80518e-07
-4.76391e-07
-5.83355e-07
-7.79227e-07
-9.73784e-07
4.22883e-08
8.34452e-08
1.16017e-07
9.97463e-35
1.00216e-34
1.10903e-34
1.02426e-34
1.06559e-34
-1.06408e-06
-1.09715e-06
-3.13166e-06
-1.12009e-34
1.97831e-06
1.17198e-06
7.91005e-08
3.17173e-08
4.72348e-09
-1.16326e-34
1.20534e-09
-8.76878e-10
-3.60614e-06
-1.44145e-06
-3.14583e-06
-2.19937e-06
-6.58421e-07
-1.19245e-06
8.46093e-08
-5.01205e-07
-2.03215e-07
-2.98157e-07
-5.82759e-08
-8.14804e-07
-1.71253e-06
-1.16081e-06
-2.78415e-06
-1.94637e-06
1.95794e-07
1.90107e-07
2.76431e-07
2.03456e-07
-6.53018e-06
-1.95292e-06
-2.62879e-06
-6.28197e-07
-1.57378e-06
-3.877e-06
-4.41095e-06
-7.17097e-06
-1.15248e-05
-9.72993e-35
1.09623e-06
1.69248e-07
2.82169e-07
1.22391e-07
6.04951e-08
2.84236e-08
-1.14974e-34
5.6411e-09
-7.92253e-06
-3.91647e-06
-5.75883e-06
-1.32305e-06
-2.07532e-06
1.11057e-07
-8.5161e-07
-6.17599e-07
-3.31527e-07
-1.28255e-07
-1.37181e-06
-2.64813e-06
-5.45319e-06
-3.99931e-06
-3.17638e-06
3.94747e-07
3.27886e-07
4.75551e-07
3.34853e-07
-1.49712e-05
-9.22483e-06
-1.35342e-05
-8.85374e-06
-1.25853e-05
-1.83109e-05
-2.56806e-35
2.19499e-07
4.33942e-07
2.57707e-07
1.37919e-07
6.26492e-08
1.47715e-08
-1.13614e-34
-8.87899e-06
-1.30684e-05
-7.9376e-06
-2.13735e-06
5.33357e-07
2.00375e-07
-1.85204e-06
-8.90289e-07
-5.03732e-07
-2.15575e-07
-1.29862e-06
-4.74765e-06
-6.29972e-06
-3.6813e-06
1.03007e-06
6.25375e-07
7.0683e-07
-2.68278e-05
-2.42304e-05
-2.0809e-05
-2.6722e-05
-2.31877e-05
-1.759e-05
6.59885e-35
-2.98661e-05
8.32033e-07
4.44676e-07
6.69814e-07
2.79846e-07
1.21611e-07
2.9505e-08
-1.1225e-34
-8.09709e-06
-1.78515e-05
-1.35312e-05
-9.93199e-06
-2.79417e-06
3.02095e-07
8.30723e-07
-3.47755e-07
-1.59218e-06
-9.76872e-07
-6.21001e-06
-4.11494e-06
1.26792e-06
1.59623e-06
1.20274e-06
-2.11053e-05
-3.86663e-05
-2.93547e-05
-3.0559e-05
-3.69115e-05
-2.57106e-05
7.68167e-35
-2.32098e-05
-3.68599e-05
7.11509e-35
1.1827e-06
4.40999e-07
9.85059e-07
1.63839e-06
5.46239e-08
2.13498e-07
-1.10872e-34
-9.85325e-06
-1.67469e-05
-1.32345e-05
-2.22267e-06
-6.6135e-07
4.53716e-07
-4.84312e-07
-5.92005e-06
-2.98994e-06
1.74306e-06
2.17249e-06
2.14694e-06
-2.19584e-05
-4.18295e-05
-3.38077e-05
-3.94265e-05
-2.75518e-05
-3.66315e-05
-1.66154e-05
-3.01116e-05
-1.01608e-05
6.03255e-35
-5.5105e-06
1.56667e-06
6.73052e-07
1.10208e-06
2.33406e-06
9.58123e-08
3.58216e-07
-1.0948e-34
-1.1223e-05
-8.31469e-06
-1.47755e-05
-9.72514e-07
6.71686e-07
2.36931e-06
-3.9627e-06
-1.27845e-06
-5.52908e-06
3.58275e-06
3.24995e-06
3.18001e-06
-1.55396e-05
-1.99444e-05
-4.03833e-05
-3.83209e-05
-3.22508e-05
-3.65658e-05
-2.4389e-05
-3.20162e-05
-3.05149e-05
-2.31566e-05
-9.1834e-06
-1.52183e-05
5.51654e-35
-2.97231e-06
-5.66155e-06
1.88482e-06
1.16407e-06
2.65103e-06
1.54543e-07
5.83834e-07
-1.08074e-34
-9.08243e-06
-9.7622e-06
1.15889e-06
3.23117e-06
-1.65939e-06
1.5078e-06
-2.99085e-06
4.72287e-06
4.81119e-06
4.28393e-06
-8.79445e-06
-1.51391e-05
-3.59438e-05
-3.31837e-05
-3.12589e-05
-1.90661e-05
-2.45904e-05
-2.51595e-05
-1.98044e-05
-9.25241e-06
-1.4921e-05
-6.54523e-06
5.11047e-35
-1.4382e-06
-2.88185e-06
4.0017e-06
1.81953e-06
2.57587e-07
9.27062e-07
-1.06654e-34
-3.79572e-06
-4.06582e-06
3.63004e-06
5.42279e-06
1.93577e-06
9.05329e-07
6.51745e-06
6.96891e-06
6.94271e-06
-8.09547e-06
-2.22929e-05
-2.70244e-05
-1.30874e-05
-1.54048e-05
-2.02106e-05
-1.54769e-05
-1.04998e-05
-7.55506e-06
-4.20223e-06
-4.88668e-06
-3.2922e-06
4.62388e-35
-1.56134e-06
-5.7328e-07
-2.05577e-06
2.96778e-06
6.4063e-06
4.16682e-06
1.51049e-06
4.05303e-07
-1.05228e-34
1.94467e-06
3.14723e-06
5.53306e-06
8.31317e-06
6.85273e-06
5.78725e-06
9.86328e-06
9.92708e-06
4.92271e-07
-1.46348e-05
-1.29549e-05
-1.44222e-06
-5.23974e-06
-9.38207e-06
-4.7264e-06
-3.36317e-06
-2.76759e-06
-5.92734e-09
-2.53735e-06
4.04713e-35
-2.00047e-07
-6.75881e-07
-1.03641e-06
-1.38094e-06
8.56368e-06
2.19905e-06
6.11307e-06
6.22833e-07
-1.03803e-34
1.22519e-05
1.22248e-05
1.17912e-05
1.2575e-05
1.09529e-05
1.38407e-05
1.39324e-05
1.00103e-05
-1.70394e-08
5.23867e-06
9.00852e-06
2.28177e-08
2.72621e-06
4.59586e-06
4.62683e-06
-1.48273e-06
-2.45835e-07
-6.47729e-07
-1.57155e-08
2.76983e-06
-6.94331e-07
6.62202e-06
3.44487e-35
-6.59707e-08
-2.26186e-07
-2.68015e-07
-5.20891e-07
9.69909e-06
3.27556e-06
7.08587e-06
-1.02434e-34
9.2744e-07
1.71898e-05
1.4348e-05
2.04381e-05
1.97376e-05
1.88334e-05
2.07718e-05
1.67906e-05
1.96886e-05
1.07161e-05
1.294e-05
2.19744e-05
1.28028e-05
1.23478e-05
9.37579e-06
1.51925e-06
-2.68281e-07
8.30571e-06
4.23948e-06
7.30617e-07
2.53613e-06
3.91681e-07
5.78771e-06
1.77616e-07
-1.88287e-08
2.83921e-35
-7.73519e-08
-2.26792e-07
-8.43983e-08
1.09107e-05
2.42545e-06
5.5158e-06
-1.01215e-34
2.18239e-05
1.57725e-05
2.73562e-05
2.61627e-05
2.4369e-05
2.87571e-05
2.30074e-05
2.24104e-05
3.13937e-05
2.51406e-05
1.98275e-05
1.34979e-05
-1.31996e-07
-1.00551e-07
7.73993e-08
1.27232e-05
5.14639e-06
8.6031e-06
3.28699e-06
1.08162e-06
1.7016e-06
5.2272e-07
3.03801e-06
3.11814e-07
2.23113e-35
-2.70987e-09
-2.13605e-08
-5.85327e-08
-2.95211e-08
-6.56187e-08
3.2523e-08
1.01424e-05
3.89591e-06
1.10811e-06
-1.00166e-34
2.91478e-05
2.15477e-05
1.60092e-05
3.41098e-05
3.27434e-05
3.60811e-05
3.02338e-05
3.54354e-05
2.72057e-05
2.16563e-05
1.25225e-07
9.54982e-06
5.42676e-06
2.95936e-06
1.34444e-06
8.05037e-07
1.43316e-06
3.43808e-07
1.32274e-07
9.09992e-10
1.62089e-35
-1.22415e-09
-4.70329e-09
-2.61339e-08
8.90071e-09
-9.25743e-09
4.32115e-08
1.03418e-05
1.44877e-05
1.94456e-06
-9.97266e-35
3.21391e-05
2.3485e-05
3.68948e-05
3.71657e-05
4.08317e-05
3.66283e-05
2.8843e-05
1.59615e-05
4.1608e-08
-5.10733e-35
-7.11835e-35
-6.04544e-35
-5.51212e-35
-5.73513e-09
5.28109e-07
2.2514e-07
5.74279e-07
-4.62358e-35
9.47896e-08
2.11647e-08
1.01052e-35
2.40062e-09
9.91115e-09
1.14977e-08
9.30603e-09
7.49106e-09
-5.96303e-09
3.5721e-09
5.45783e-09
2.13287e-05
1.0696e-05
2.0894e-06
6.51837e-06
-1.00273e-34
2.54641e-05
3.1632e-05
4.05036e-05
4.1109e-05
3.68142e-05
2.32243e-05
-7.68696e-35
1.83551e-07
2.29504e-08
3.12687e-09
7.15787e-08
-4.04635e-35
1.65293e-08
2.5807e-13
-8.88788e-10
4.00445e-36
2.70141e-08
7.96843e-09
4.5537e-08
6.05183e-08
-1.63598e-08
-1.72035e-08
2.66362e-08
-2.4364e-08
1.41361e-05
5.556e-06
2.07985e-06
-1.02364e-34
1.3613e-05
3.34899e-05
3.00188e-05
-6.62181e-35
-2.23081e-35
7.47011e-08
-3.44551e-35
-2.83939e-35
-1.62096e-35
-1.15463e-08
-2.01556e-09
-2.08198e-36
9.64318e-08
2.37322e-08
1.62221e-07
1.33512e-07
-5.70591e-08
-5.59629e-08
-3.84651e-08
6.80496e-08
-3.18357e-08
-1.06689e-34
3.726e-06
1.62171e-06
1.74132e-06
2.61987e-35
-1.10932e-34
-1.0105e-35
-3.29985e-08
-7.03938e-09
3.13631e-07
-8.15006e-36
2.45818e-07
6.90824e-08
2.74685e-07
-1.21177e-07
-1.49325e-07
2.22159e-07
-1.42723e-07
-1.11274e-07
-2.67016e-06
-1.18208e-06
9.85131e-35
-1.11427e-34
5.52859e-07
-4.00321e-36
-3.59771e-07
-2.57836e-08
2.0872e-36
8.8401e-07
5.79077e-07
-1.4159e-35
1.77251e-07
8.11653e-07
4.91481e-07
-3.8513e-07
-3.17299e-07
-6.97107e-08
-2.41851e-07
-1.29861e-06
1.11587e-34
-1.08352e-34
-7.96585e-07
1.45048e-06
8.13863e-36
2.23976e-06
1.26257e-06
-2.01241e-35
3.94988e-07
-6.44089e-07
2.123e-06
9.00651e-07
-5.74387e-07
-1.07266e-06
-1.63966e-06
-1.72286e-07
-3.62677e-07
1.06314e-34
-1.047e-34
1.41679e-35
3.9827e-06
3.66939e-06
2.56405e-06
8.56983e-07
-2.60676e-35
-1.2352e-06
2.71549e-06
-3.99764e-07
-1.83339e-06
-1.2453e-06
-3.63236e-06
-3.18595e-06
2.01345e-35
-2.41445e-07
9.44096e-35
-1.00483e-34
-8.45577e-07
8.58469e-07
6.77507e-06
6.39008e-06
5.52611e-06
5.18663e-06
-3.20273e-35
-3.93413e-06
6.55213e-07
-7.96016e-07
-2.24534e-06
-4.52213e-06
-5.86136e-06
2.6037e-35
-1.39972e-07
9.05437e-35
-9.59037e-35
-4.42469e-06
3.46371e-06
3.82606e-06
1.22509e-05
1.08325e-05
1.14977e-05
9.89081e-06
-3.75788e-35
-1.16139e-06
-8.69838e-06
-7.16889e-06
-9.89159e-06
-4.83656e-06
-8.55323e-06
3.19773e-35
-5.40453e-08
8.88774e-35
-9.07672e-35
2.91448e-06
-2.90337e-06
8.3578e-06
1.94924e-05
1.71037e-05
1.80963e-05
1.24086e-05
-4.73179e-35
-1.54939e-06
-1.53068e-05
-1.55653e-05
-1.85252e-05
-9.79619e-06
3.76484e-35
-8.60385e-09
8.55635e-35
-8.56628e-35
5.97632e-06
6.30712e-07
-1.01455e-05
1.20884e-05
1.93645e-05
2.46504e-05
2.49408e-05
2.59549e-05
-4.43356e-35
-2.92228e-06
-1.94769e-05
-1.79883e-05
-2.32083e-05
-1.22987e-05
4.73202e-35
8.61145e-10
8.09655e-35
-8.09432e-35
1.76341e-05
2.25085e-05
1.36544e-06
-9.682e-06
1.00788e-05
1.86844e-05
2.41619e-05
-1.02676e-34
-5.98158e-06
-1.8611e-05
-2.69664e-05
-2.44567e-05
-2.59589e-05
4.42986e-35
-1.61189e-12
7.62453e-35
-7.6225e-35
1.33541e-35
1.49756e-35
-1.67722e-36
1.08384e-36
-8.42125e-36
9.12022e-36
1.19027e-35
-4.6602e-35
-1.76242e-05
-1.13849e-35
-2.30321e-05
-2.35957e-05
1.0263e-34
9.17107e-12
7.15263e-35
-7.15071e-35
-1.33046e-35
-1.54438e-35
4.6602e-35
6.68071e-35
-2.12434e-12
-6.67892e-35
6.20879e-35
2.23914e-13
-6.20712e-35
5.73687e-35
-3.4389e-14
-5.73533e-35
-5.26354e-35
5.26495e-35
2.31757e-15
-4.79174e-35
4.79303e-35
7.65581e-16
-4.31995e-35
4.32111e-35
-7.81868e-17
-3.84816e-35
3.84918e-35
6.73396e-18
-3.37637e-35
3.37726e-35
-1.40178e-18
-2.90457e-35
2.90534e-35
-3.29919e-19
-2.43278e-35
2.43342e-35
5.86368e-19
-1.96099e-35
1.9615e-35
1.48958e-35
-1.48919e-35
-1.36555e-18
1.01766e-35
-2.64628e-19
-1.0174e-35
5.88427e-36
3.24477e-20
-5.88285e-36
2.86224e-50
7.19776e-50
