19.3056
19.3056
19.3056
24.8816
25.2827
19.3056
24.9057
19.3056
25.873
24.7491
23.8958
24.1437
23.6062
19.3056
24.5387
19.3056
19.3056
19.3056
19.3056
19.3056
23.3932
24.5136
24.0989
23.8574
23.9987
24.0811
23.6903
23.7888
23.1417
24.5398
23.5137
23.5639
24.8915
25.111
23.5208
23.7511
23.9393
23.5665
23.6154
23.826
23.4353
23.298
23.3853
23.629
23.6939
23.5653
23.5577
23.332
23.372
23.7574
23.7191
23.6453
23.4058
23.4499
23.3012
23.7308
23.5516
23.5347
23.3966
23.2591
23.2001
23.2139
23.5319
23.5255
23.4707
23.4371
23.1948
23.2627
23.142
23.4334
23.3474
23.2499
23.0982
23.0679
22.9424
22.7735
23.006
23.0148
23.0333
23.3613
23.2847
23.2555
22.9876
23.0702
23.2483
23.1397
22.9068
22.874
22.5933
22.7178
22.6834
23.1785
22.8038
22.8295
22.816
22.8238
23.1269
23.0542
22.7681
22.8637
23.0286
22.925
22.5243
22.3985
22.4935
22.6416
22.5979
22.9935
22.6091
22.5998
22.611
22.8883
22.813
22.8116
22.7123
22.3137
22.4061
22.2925
22.175
22.4341
22.4657
22.6248
22.41
22.401
22.3567
22.3989
22.6574
22.6121
22.501
22.1582
22.2793
22.2459
22.0873
21.9771
22.0021
22.2742
22.4476
22.2028
22.1886
22.1881
22.1223
22.4172
22.291
22.0913
21.9257
21.949
21.8836
21.7556
21.8018
22.2503
22.0975
21.9777
21.773
21.9823
21.9725
22.1712
22.0817
21.9196
21.7743
21.6999
21.7828
21.6674
21.5633
21.5375
22.0291
21.7682
21.6014
21.7467
21.938
21.8726
21.6993
21.8289
21.548
21.6011
21.4563
21.3395
21.3581
21.3595
21.5589
21.4847
21.3787
21.4929
21.7111
21.6636
21.6264
21.499
21.3451
21.3638
21.1936
21.1648
21.1497
21.1607
21.1785
21.35
21.2322
21.4544
21.2593
21.4529
21.323
21.1456
21.1402
20.9906
21.048
20.9614
20.9383
20.9792
21.0146
21.1412
21.2451
21.029
21.175
20.9017
21.0037
20.918
20.8135
20.7788
20.8385
20.7031
20.7694
20.8155
20.9326
21.0357
20.8027
20.916
20.7794
20.6756
20.6799
20.6301
20.6792
20.5282
20.5505
20.6031
20.7241
20.8262
20.5274
20.3653
20.5847
20.678
20.5563
20.4423
20.4491
20.4546
20.3112
20.4011
20.5156
20.6166
20.3354
20.2146
20.1595
20.3601
20.4516
20.3421
20.2323
20.2299
20.2278
20.2241
20.0713
20.3072
20.407
20.1406
20.0561
20.0238
19.9329
20.1357
20.2116
20.1204
20.0163
19.9944
20.0034
19.8465
20.0987
20.1973
19.8702
19.7616
19.9218
19.9877
19.9893
19.9321
19.7847
19.778
19.8289
19.6472
19.6644
19.8903
19.6747
19.5569
19.6819
19.6816
19.8121
19.778
19.7805
19.5744
19.6242
19.5615
19.637
19.4596
19.4933
19.4665
19.372
19.4735
19.4386
19.6059
19.5683
19.4405
19.3537
19.4517
19.4293
19.3497
19.288
19.2994
19.2601
19.1735
19.2651
19.2143
19.3537
19.3587
19.2597
19.1714
19.232
19.1609
19.1291
19.0907
19.0607
19.0025
19.0567
18.9984
19.1303
19.149
19.0498
19.0001
19.0339
18.926
18.9051
18.8857
18.8822
18.8161
18.8483
18.943
18.8459
18.8172
18.9393
18.8182
18.6877
18.7678
18.696
18.7283
18.7098
18.6087
18.6399
18.6749
18.7814
18.6202
18.7297
18.6062
18.618
18.458
18.5661
18.4829
18.5441
18.4518
18.4314
18.489
18.601
18.3788
18.52
18.4475
18.4061
18.4104
18.3595
18.2371
18.2884
18.2565
18.3381
18.2806
18.223
18.1422
18.3103
18.2582
18.2106
18.2122
18.1336
18.0135
18.0993
18.1419
18.0292
18.0688
18.0146
17.8942
18.1007
18.0629
18.0561
18.0075
18.0264
17.9093
17.9204
17.8094
17.8312
17.874
17.8062
17.6772
17.6814
17.891
17.8807
17.8757
17.8504
17.8106
17.6879
17.6601
17.6301
17.5978
17.5122
17.4854
17.4553
17.6813
17.7343
17.6991
17.6741
17.6395
17.4924
17.4448
17.4487
17.3894
17.3275
17.3062
17.2585
17.546
17.4717
17.5023
17.4665
17.2579
17.2709
17.181
17.1567
17.1575
17.0968
17.1111
17.04
17.3685
17.3397
17.262
17.292
17.0611
17.0841
16.9725
17.0089
16.9644
16.9081
16.9171
16.8729
16.831
16.8635
17.1717
17.1369
17.0523
16.966
16.8586
16.7641
16.8466
16.7483
16.7507
16.7054
16.6969
16.6273
16.6861
16.6073
16.678
16.9672
16.8427
16.7698
16.8267
16.6379
16.5557
16.5427
16.5388
16.506
16.4999
16.3992
16.4961
16.4064
16.7284
16.633
16.6272
16.5
16.4414
16.3473
16.367
16.3276
16.3328
16.304
16.2497
16.1687
16.169
16.2752
16.1916
16.5085
16.4233
16.4136
16.2908
16.1389
16.1549
16.1205
16.1382
16.0756
16.004
15.9801
15.9555
16.0367
15.9841
16.2622
16.2137
16.1109
15.9305
15.9423
15.8792
15.9634
15.8313
16.004
15.7879
15.7949
15.7984
15.8036
16.0095
15.9168
15.7221
15.7638
15.6753
15.6994
15.7811
15.6768
15.7943
15.6297
15.5753
15.6126
15.557
15.6181
15.7368
15.5136
15.544
15.5151
15.4465
15.5894
15.4952
15.5847
15.4461
15.4386
15.388
15.4023
15.328
15.4746
15.3052
15.3529
15.3124
15.245
15.3429
15.375
15.2844
15.2189
15.2064
15.1701
15.1415
15.2325
15.0968
15.1647
15.0908
15.0768
15.1356
15.1654
15.1221
14.9557
-1.74191e-08
14.9842
15.0331
14.9653
14.9494
14.9717
14.9541
14.8884
14.975
14.9645
14.8963
14.9067
14.746
1.49033e-08
0.157256
0.568725
0.861732
-4.17149e-11
14.8148
14.8002
14.8048
14.7318
14.763
14.7649
14.6679
14.68
14.8177
14.7672
14.734
14.7045
14.5364
0.667887
1.15131
1.90051
0.844346
0.553329
0.178954
1.37407e-08
14.638
1.69264
14.62
14.5973
14.4861
14.5701
14.6231
14.5242
14.4161
14.4716
14.5598
14.552
14.3267
1.5483
2.9496
2.25219
1.10549
1.88399
0.653833
14.4633
1.669
2.79426
14.4305
14.4027
14.2908
14.3694
14.2766
14.4008
14.2961
14.1826
14.2632
14.4031
14.117
2.64051
3.99869
3.32875
1.55755
2.93676
2.24478
14.301
14.0547
3.86528
2.79774
14.2643
14.2083
14.2296
14.0862
14.1404
14.1469
14.1559
14.08
13.9682
13.9074
3.73376
5.04778
4.4013
2.64875
3.98954
3.32954
13.8463
13.9759
14.1041
3.86635
4.94066
13.9848
14.0092
14.0006
13.8347
13.9377
13.9818
13.9153
13.8909
13.7633
13.6977
4.82698
6.09687
5.47366
3.74267
5.0423
4.40212
13.7956
13.6378
13.921
13.8459
4.93965
6.01321
13.7936
13.7793
13.6827
13.7188
13.6092
13.7735
13.7016
13.5749
13.4879
5.92032
6.54638
7.14597
4.83658
5.47604
6.09511
13.6301
13.4293
13.4822
13.6091
13.6374
6.0145
7.08636
13.5263
13.5023
13.4814
13.3917
13.5626
13.4875
13.3707
13.278
7.01313
8.19505
7.61875
5.93055
6.55112
7.1479
13.2205
13.3067
13.4247
13.4487
13.0677
7.09221
8.15928
13.3284
13.2735
13.2639
13.19
13.3517
13.2966
13.152
8.10841
9.2445
8.69011
7.02424
8.20036
7.62605
13.1153
13.0113
13.1085
13.2429
13.2783
12.9576
12.8566
8.16931
9.23251
13.1058
13.0434
13.0601
12.9721
13.1336
13.1522
12.955
9.19234
10.3026
9.77171
8.1196
9.25347
8.70021
12.9091
12.8011
12.9329
13.0827
12.7653
12.6441
9.2416
10.3354
12.8771
12.8151
12.9094
12.8485
12.7609
12.9553
12.7731
10.3272
10.8869
11.3064
9.20509
9.79421
10.3158
12.6938
12.7472
12.5893
12.5644
12.5908
12.4294
-19.3056
-249.781
10.38
11.3698
11.9864
12.6142
12.7234
12.6266
12.752
12.6545
12.585
12.5836
11.5177
11.8349
12.1058
10.3365
10.9288
11.3144
12.5341
12.4914
12.3751
12.3779
12.4343
12.2105
-437.916
-19.3056
-115.478
-148.838
12.0617
11.8876
11.7719
12.507
12.4762
11.5056
12.4114
12.3512
12.4613
12.5332
12.4501
12.3877
12.1226
12.1721
12.3629
11.5351
12.11
12.3416
12.3087
12.1565
12.1686
12.2691
12.2642
-223.52
-19.3056
-119.928
-75.3039
-152.111
11.9722
11.7799
11.5882
12.3609
11.8396
11.9796
11.9352
11.5102
12.2034
12.2748
12.1411
12.2897
12.1704
12.4858
12.4137
12.7276
12.1323
12.3476
12.4994
12.1623
12.191
12.0747
12.0862
-110.411
-179.779
-19.3056
-111.921
-84.1505
-61.2806
11.8744
11.7399
11.6857
12.1331
12.5364
11.786
12.3285
11.8833
11.7165
11.5242
-83.3393
12.7043
12.9606
12.0674
11.9922
12.0503
11.9265
11.9776
13.1104
13.1737
12.4367
12.6658
12.4215
11.9687
11.9668
12.0282
11.9197
-93.2573
-108.417
-106.866
-19.3056
-66.5652
-48.6578
11.7136
11.8169
11.6672
11.7355
12.3594
11.9717
11.7843
11.6766
11.5602
-70.2611
13.0972
13.2272
13.7114
12.6098
-19.3056
-19.3056
-19.3056
-19.3056
11.83
11.7983
11.8122
11.7082
14.1658
12.9571
12.6255
12.1915
11.8684
11.8277
-71.4915
-86.7198
-80.0292
-104.212
-55.1011
-41.0035
11.5424
11.6168
11.5417
11.7471
12.0993
11.7073
11.7257
-57.453
13.1924
13.9422
14.054
12.2443
-91.0799
-67.7448
-19.3056
-56.1839
11.051
-75.1101
12.2446
13.2199
11.6668
11.5705
11.5318
11.4658
14.6788
12.5946
11.8681
-65.5149
-57.4765
-75.5877
-63.9607
-44.9421
-34.4328
11.2686
11.3587
11.2993
11.5706
11.6699
11.5853
-46.7494
15.6197
13.7095
-55.6512
-19.3056
-46.7493
-47.0259
10.9522
12.1148
12.7544
14.3071
-55.0689
11.3736
11.2507
10.539
10.9659
16.6239
12.1473
11.7645
-61.3115
-46.3041
-63.5912
-35.4066
-28.3159
10.8251
11.0314
10.9512
11.4862
-38.2556
13.2076
-52.6455
-46.9389
-19.3056
-45.1544
10.0876
12.2754
12.5804
12.8534
-44.744
-51.014
11.1598
10.9721
10.8533
9.82082
10.3589
10.6868
11.8509
11.4779
-50.8829
-36.9974
-22.8572
-29.645
10.5516
10.1979
11.962
11.7304
-41.9158
-45.2592
-38.4315
-19.3056
-37.8504
9.26702
11.9062
-36.862
-43.8464
-19.3056
10.5689
10.9838
10.3458
9.47461
8.87262
11.3078
11.413
-38.5601
-29.6692
-17.9254
-23.624
10.0287
9.5428
11.2732
11.3351
-34.799
-34.0226
-30.4171
7.94543
-36.1696
-29.4766
-19.3056
-24.7303
-19.3056
-19.3056
-19.3056
-19.3056
-19.3056
-19.3056
-19.3056
-19.3056
-19.3056
-6.86306
-19.3056
-19.3056
-19.3056
-19.3056
10.2844
9.76437
10.8196
9.55018
8.88477
8.60009
7.85015
10.8096
-27.7922
-29.0621
-22.8695
-13.6369
-17.345
10.7254
-27.5594
6.7995
-23.4571
-18.1851
-20.7404
-0.00715097
0.812404
2.94195
-6.94904
-19.3056
-4.51458
1.08941
-7.35142
-0.725865
-19.3056
-6.23799
-0.157768
-19.3056
-4.542
-19.3056
-15.7181
-19.3056
-19.3056
-19.3056
-19.3056
-19.3056
-19.3056
-19.3056
-19.3056
9.51451
10.116
8.89424
8.9657
8.24002
8.07588
7.74847
7.00361
10.1507
-21.5924
-20.1425
-17.5683
-16.2879
-9.68721
6.2387
5.88931
-13.9689
-16.9877
-2.47935
-3.29216
-3.98528
-1.78028
-6.46214
-3.48993
-6.57285
-9.27395
-8.94925
-4.63959
-0.0830239
1.21406
-19.3056
6.17175
-19.3056
2.61429
3.23824
5.69685
-19.3056
3.0817
-19.3056
3.9058
3.88553
-19.3056
-19.3056
-19.3056
-19.3056
-19.3056
8.53703
9.27416
8.08433
7.60368
7.36753
7.16272
6.41319
-14.801
-13.7879
-11.3962
-12.4478
-5.95476
5.69408
5.30962
4.9269
-11.4845
-9.17168
-1.56956
-1.53675
-2.10031
-3.3513
-5.09997
-6.03827
0.6162
-1.68517
-0.732454
-1.80456
-1.2165
-0.217137
-0.910983
5.93869
0.163149
4.915
-0.999211
2.26882
2.61075
-19.3056
4.37027
-19.3056
-19.3056
-19.3056
-19.3056
-19.3056
-19.3056
-19.3056
7.93099
7.47458
6.9457
6.51473
5.58336
-9.76078
-9.17906
-8.28847
-3.56943
4.86552
4.37546
3.9699
-7.05312
-0.231784
-1.40656
-2.04507
-3.94829
-0.533257
0.0994108
-0.616452
-0.192331
-0.390019
0.0837273
0.395759
0.619018
-0.958784
5.48101
6.13861
6.70342
4.88495
3.82118
-19.3056
0.67896
-1.48742
5.84566
-19.3056
-5.04901
6.80218
6.63093
5.92714
5.10433
4.55547
-6.31387
-6.31553
-5.3339
-1.40197
3.92052
3.41153
3.02283
-3.86302
-0.584686
-1.05176
-2.01714
0.173665
-0.107363
0.552336
0.953915
0.539481
-0.565632
-1.38903
1.46676
-0.149781
7.77324
-1.94732
-0.260268
-2.19109
-19.3056
-3.06589
-19.3056
-19.3056
-19.3056
2.01438
5.88547
5.91783
4.87351
5.24753
4.19661
3.5283
-3.39007
-3.47858
-2.33076
-1.16142
0.0978701
2.95934
2.52634
2.49552
2.0863
-1.58893
-0.802893
-0.276954
0.117289
0.429143
0.470396
0.439297
1.42655
0.41646
0.600071
-0.319211
0.138236
2.85546
-1.04745
4.56089
-19.3056
5.63345
-0.212054
-19.3056
-19.3056
-19.3056
-1.00375
1.14594
-19.3056
-19.3056
-19.3056
-19.3056
-1.93686
-1.46705
4.91823
4.44185
4.00006
3.2903
2.51291
-1.38983
-1.41773
-1.44164
-0.461723
0.367068
1.87437
1.52761
-0.298937
-0.318918
0.132271
0.412133
1.05621
0.421177
-0.202333
0.547287
-0.090457
-0.131267
4.34081
4.74987
3.68892
-0.675106
2.19111
-4.89201
-19.3056
0.619552
-0.0915091
-19.3056
-19.3056
-2.47265
3.96037
3.53126
3.18043
2.48008
1.57851
1.82734
-0.164385
-0.256567
0.723359
0.306349
0.268152
0.408965
0.436127
0.386056
0.198122
-0.258194
-0.533226
-1.57587
-1.56636
-1.52631
0.352167
-0.999436
-0.112799
1.56283
-0.580426
-19.3056
-0.46836
-19.3056
-19.3056
-0.778421
3.00842
2.53913
1.5868
0.88244
1.08588
0.196166
0.340745
0.404358
0.3808
0.209541
0.0911977
-0.163433
-0.933162
-1.20223
-1.72075
-2.3256
-1.41249
-0.924016
-0.500547
1.87266
1.11097
-19.3056
-19.3056
2.08392
1.70669
0.390136
0.87354
0.498706
0.291297
-0.118075
-0.0942523
-0.203433
-0.273516
-1.25241
-1.79917
-1.85992
-1.02227
0.511237
-3.45522
-19.3056
-19.3056
-19.3056
-19.3056
-19.3056
-10.971
1.15352
-0.283991
-0.126259
-0.959833
-1.13568
-1.3183
-1.21065
-1.62638
-2.31299
-2.4406
-2.8689
-1.77372
-0.841768
-5.52881
-19.3056
-1.8522
-2.10333
-2.56238
0.180348
-1.98436
-1.75492
-3.07028
-2.81773
-2.65541
-3.70679
-5.27818
-5.60507
-6.107
-19.3056
-4.68042
-4.7013
-1.32808
-4.9136
-4.19847
-5.84687
-5.2923
-4.6355
-4.32041
-19.3056
-6.75064
-7.71354
-9.18756
-9.29118
-8.22467
-3.46407
-9.39959
-7.47619
-8.70781
-10.0539
-19.3056
-11.1199
-13.4315
-12.4095
-12.7536
-5.94816
-14.9668
-10.137
-13.3968
-19.3056
-16.0081
-17.9569
-17.6128
-15.5719
-19.0277
-21.1715
-8.78282
-22.037
-14.7364
-22.0572
-19.3056
-24.2103
-20.7301
-25.9739
-26.4451
-19.3056
-12.7324
-30.2107
-21.0425
-19.4695
-28.7707
-31.4788
-31.6429
-26.7397
-35.7031
-33.9463
-19.3056
-34.2631
-19.3056
-38.5864
-17.3836
-40.3921
-27.8465
-25.5712
-39.1949
-40.1646
-34.5584
-44.9879
-40.578
-46.632
-19.3056
-44.4322
-22.459
-48.9565
-51.5117
-34.8298
-32.1085
-45.8693
-51.3911
-41.8374
-58.3691
-19.3056
-50.0936
-52.9236
-28.2044
-58.1721
-60.8787
-43.8026
-37.8893
-53.7327
-63.6647
-62.8564
-19.3056
-55.6926
-60.2239
-34.3655
-58.3026
-67.2851
-75.1932
-52.9958
-44.3792
-72.1795
-77.8062
-19.3056
-67.4608
-64.0091
-41.0146
-70.6503
-86.712
-86.5723
-87.0189
-66.1118
-52.8612
-79.8317
-19.3056
-74.2764
-48.5833
-103.778
-19.3056
-97.5445
-100.134
-61.068
-85.266
-75.9782
-61.002
-19.3056
-134.31
-115.719
-114.005
-94.8713
-82.1683
-73.1068
-19.3056
-187.038
-142.086
-125.122
-116.147
-19.3056
-255.684
-141.912
-243.664
-19.3056
-431.002
-19.3056
