0.36964
0.36964
0.36964
0.36964
0.501264
0.494495
0.36964
0.496196
0.36964
0.36964
0.36964
0.36964
0.36964
0.36964
0.36964
0.36964
0.467275
0.483909
0.487276
0.446683
0.452152
0.455271
0.453025
0.48894
0.36964
0.484156
0.489869
0.489366
0.483548
0.44762
0.472466
0.470973
0.445336
0.442957
0.439353
0.455844
0.459894
0.459906
0.461483
0.462106
0.452837
0.36964
0.447879
0.483887
0.444074
0.453142
0.454635
0.454711
0.448411
0.44947
0.449768
0.451388
0.453042
0.451656
0.454146
0.456223
0.454673
0.454147
0.455146
0.36964
0.493986
0.454925
0.438867
0.449164
0.453842
0.448789
0.448965
0.447532
0.449698
0.446354
0.446664
0.447189
0.448704
0.450451
0.45074
0.449712
0.44944
0.449857
0.450517
0.36964
0.473478
0.45011
0.451538
0.447626
0.445473
0.445997
0.446377
0.446965
0.444459
0.445094
0.447385
0.444046
0.445412
0.446074
0.44592
0.446108
0.446231
0.446144
0.446196
0.445951
0.36964
0.476626
0.441797
0.445796
0.447519
0.444367
0.441858
0.44197
0.44316
0.440549
0.44188
0.440319
0.441915
0.440291
0.4433
0.441873
0.44262
0.44319
0.441995
0.440734
0.442823
0.442019
0.442161
0.442379
0.36964
0.463479
0.441458
0.449638
0.448766
0.443768
0.444688
0.440763
0.440219
0.437928
0.438166
0.43916
0.436809
0.436982
0.439261
0.437647
0.436612
0.437847
0.439453
0.439215
0.438108
0.43745
0.439489
0.438456
0.438154
0.436313
0.36964
0.472549
0.440699
0.450514
0.44645
0.445678
0.442272
0.443782
0.438379
0.436923
0.437489
0.433444
0.434398
0.434213
0.435006
0.432528
0.433534
0.433996
0.434998
0.43232
0.433893
0.435261
0.435053
0.434224
0.436209
0.4345
0.434268
0.432048
0.44916
0.446547
0.447013
0.445086
0.441651
0.439583
0.434854
0.436519
0.433512
0.432628
0.431796
0.430014
0.43001
0.43036
0.4304
0.430006
0.430031
0.430256
0.430806
0.429588
0.431041
0.429993
0.430054
0.429623
0.430415
0.430545
0.427746
0.443189
0.439471
0.43754
0.433896
0.432289
0.429617
0.429159
0.426805
0.426447
0.426535
0.426574
0.426601
0.426451
0.426429
0.426518
0.426627
0.426776
0.425535
0.426427
0.426473
0.424969
0.4266
0.424784
0.435313
0.423806
0.431119
0.429627
0.429417
0.425781
0.426521
0.422336
0.423607
0.423365
0.4223
0.422325
0.422257
0.422939
0.422631
0.422772
0.422498
0.422283
0.422249
0.421146
0.42094
0.420737
0.420533
0.420323
0.426862
0.426659
0.422344
0.418079
0.418091
0.419393
0.419162
0.418071
0.418946
0.418744
0.418396
0.41812
0.418227
0.41809
0.417178
0.418052
0.416725
0.416297
0.416512
0.416079
0.422583
0.422233
0.417701
0.418215
0.413915
0.414947
0.413846
0.413848
0.41517
0.413839
0.413845
0.414528
0.414146
0.414335
0.413958
0.41321
0.413854
0.41384
0.412503
0.412955
0.412282
0.411842
0.418289
0.414013
0.41396
0.409675
0.410723
0.409608
0.409612
0.409611
0.409609
0.410509
0.409897
0.4103
0.409651
0.409693
0.409651
0.409629
0.407188
0.408945
0.408506
0.408053
0.409612
0.407607
0.409739
0.409484
0.404987
0.405454
0.406494
0.406156
0.405376
0.405377
0.406045
0.406279
0.405648
0.406066
0.403608
0.40541
0.405436
0.404746
0.404508
0.405382
0.404599
0.405389
0.403595
0.403371
0.405471
0.401211
0.401188
0.4012
0.401142
0.402261
0.402702
0.401142
0.402481
0.401152
0.401399
0.401614
0.401159
0.401182
0.400506
0.400272
0.401155
0.401146
0.40115
0.399136
0.399361
0.396957
0.396942
0.39695
0.396906
0.396915
0.396906
0.398026
0.398246
0.398467
0.39692
0.397154
0.397372
0.396933
0.396034
0.396934
0.395804
0.396914
0.3949
0.396911
0.395125
0.392706
0.392698
0.392479
0.39267
0.393673
0.39335
0.393789
0.392677
0.39267
0.39401
0.392909
0.39313
0.392687
0.392687
0.392023
0.391566
0.392677
0.39178
0.390664
0.391113
0.388458
0.388233
0.388007
0.38845
0.389325
0.39044
0.388433
0.389109
0.389551
0.38933
0.388434
0.385091
0.388443
0.388442
0.388444
0.388443
0.388446
0.387101
0.388435
0.386427
0.386876
0.384213
0.384206
0.384213
0.383539
0.384211
0.38598
0.384196
0.384976
0.384869
0.384196
0.385313
0.382414
0.382525
0.384425
0.384201
0.384202
0.384203
0.383532
0.384197
0.383193
0.383418
0.37997
0.379966
0.379746
0.379298
0.379522
0.381742
0.380961
0.381519
0.379958
0.37996
0.379959
0.379959
0.379961
0.379961
0.379961
0.379958
0.37996
0.378848
0.379962
0.379959
0.375728
0.374832
0.375057
0.375505
0.375727
0.377727
0.377281
0.377504
0.376388
0.37639
0.37572
0.37572
0.375721
0.375721
0.375721
0.37572
0.374608
0.375722
0.375723
0.373936
0.371486
0.370592
0.371487
0.370816
0.371486
0.373489
0.373042
0.371481
0.372819
0.371481
0.371481
0.371481
0.371482
0.371928
0.371482
0.369473
0.370368
0.371483
0.371482
0.370589
0.367246
0.367245
0.367023
0.366576
0.366799
0.368134
0.36925
0.368803
0.367241
0.368357
0.367241
0.367911
0.367465
0.367242
0.367242
0.367243
0.366239
0.366128
0.365905
0.367243
0.363006
0.363004
0.362782
0.363005
0.362558
0.364788
0.365011
0.363003
0.363002
0.364118
0.363894
0.363002
0.363002
0.363002
0.363003
0.363004
0.363004
0.361889
0.361665
0.361442
0.358765
0.358764
0.358318
0.358541
0.358094
0.358764
0.360549
0.360773
0.358763
0.358763
0.359655
0.356977
0.359431
0.358762
0.358762
0.358763
0.358765
0.358765
0.357649
0.357984
0.354525
0.353631
0.3543
0.354523
0.353854
0.356311
0.355306
0.356534
0.355193
0.355639
0.354522
0.354521
0.354521
0.354745
0.354523
0.354527
0.354526
0.354527
0.353409
0.354525
0.350284
0.350283
0.350059
0.349835
0.349612
0.349169
0.350282
0.352072
0.351848
0.350289
0.351624
0.350283
0.35095
0.35028
0.350281
0.350283
0.350289
0.350287
0.350288
0.348947
0.346042
0.345149
0.346039
0.346039
0.34537
0.344929
-9.1123e-17
5.41685e-16
0.0152609
0.346934
0.347834
0.34761
0.346051
0.347384
0.346043
0.346484
0.346039
0.346038
0.346041
0.346051
0.346049
0.346051
0.344708
0.342818
0.341815
0.341798
0.3418
0.341571
0.341348
0.341127
0.340688
0.0152634
0.0152658
0.0284568
0.342919
0.341799
0.343372
0.343597
0.343146
0.341796
0.342018
0.341794
0.341797
0.341811
0.341814
0.34047
0.339586
0.33758
0.33845
0.337551
0.337324
0.337558
0.337549
0.336882
0.336448
0.0284617
0.0284666
0.0416528
0.338679
0.339135
0.337578
0.337569
0.337552
0.337548
0.33755
0.337547
0.333299
0.337575
0.335795
0.336232
0.335352
0.333347
0.334208
0.333299
0.333073
0.333315
0.332853
0.332636
0.332209
0.0416601
0.0416674
0.0548487
0.333324
0.334899
0.330894
0.334235
0.333332
0.333305
0.333746
0.333296
0.32904
0.333339
0.332453
0.331995
0.331119
0.330118
0.327891
0.329964
0.329041
0.32904
0.329071
0.329047
0.329057
0.329085
0.0548585
0.0548682
0.0680446
0.068069
0.3302
0.329097
0.327774
0.330665
0.328815
0.329728
0.329046
0.324771
0.324775
0.329113
0.329106
0.327707
0.326891
0.324889
0.324885
0.326305
0.327277
0.327404
0.324773
0.324552
0.324789
0.324828
0.324808
0.323733
0.0680568
0.0812406
0.0812698
0.324847
0.324864
0.324876
0.324788
0.324807
0.320488
0.320726
0.324885
0.324876
0.323528
0.322888
0.320666
0.32155
0.324828
0.320491
0.320503
0.320079
0.320586
0.319883
0.320614
0.319301
0.0944365
0.0878532
0.0944706
0.107632
0.321727
0.320651
0.320635
0.320526
0.321226
0.31618
0.316441
0.320661
0.319095
0.318668
0.317447
0.318219
0.320587
0.316191
0.315991
0.315808
0.316302
0.316348
0.316385
0.315081
0.107652
0.107671
0.120828
0.317496
0.316432
0.316413
0.316257
0.316974
0.311864
0.311916
0.311985
0.316444
0.314879
0.31545
0.314232
0.314003
0.317238
0.311863
0.31169
0.310873
0.311535
0.312051
0.312116
0.311059
0.12085
0.120872
0.134024
0.313275
0.31222
0.312201
0.313005
0.312722
0.30848
0.307599
0.307496
0.307712
0.31067
0.312238
0.312231
0.3098
0.310021
0.307504
0.307373
0.30734
0.307961
0.307142
0.307259
0.307904
0.134049
0.134073
0.147274
0.14722
0.309066
0.308019
0.308001
0.308789
0.304262
0.303493
0.303083
0.303448
0.30803
0.306473
0.308026
0.305592
0.303821
0.303108
0.303278
0.303819
0.303784
0.303599
0.302996
0.302839
0.147247
0.160475
0.160416
0.303831
0.304883
0.304479
0.303716
0.300078
0.299159
0.298631
0.299211
0.303823
0.30229
0.301829
0.301395
0.299605
0.298633
0.298933
0.299667
0.298566
0.298765
0.299419
0.298713
0.167043
0.173675
0.173612
0.186876
0.186808
0.300976
0.299654
0.299578
0.30073
0.295963
0.294836
0.294116
0.295043
0.299626
0.298112
0.297605
0.296371
0.297195
0.29414
0.294617
0.294596
0.294248
0.295568
0.29533
0.294667
0.186842
0.200077
0.200004
0.295519
0.295475
0.296849
0.295578
0.29198
0.289595
0.290358
0.290961
0.293948
0.29542
0.294358
0.293137
0.292974
0.29133
0.290201
0.289661
0.290975
0.290159
0.289776
0.29054
0.29156
0.290765
0.206638
0.213278
0.2132
0.285082
0.292386
0.292624
0.291479
0.288207
0.286429
0.287501
0.291174
0.291088
0.286731
0.288683
0.287157
0.287705
0.286162
0.285148
0.286759
0.286276
0.286887
0.285583
0.287036
0.287633
0.22648
0.226397
0.219837
0.280698
0.282584
0.287826
0.288726
0.287459
0.284775
0.283633
0.286728
0.283718
0.28217
0.284327
0.283627
0.284319
0.283093
0.282858
0.280768
0.282312
0.282435
0.282093
0.283833
0.2396
0.239662
0.239634
0.279274
0.27653
0.281198
0.283097
0.285068
0.284994
0.283491
0.281495
0.279964
0.279949
0.280188
0.277333
0.277758
0.279539
0.280819
0.281277
0.280562
0.279543
0.279167
0.276729
0.278605
0.27779
0.281484
0.252864
0.252881
0.252844
0.266279
0.273289
0.276963
0.271038
0.281334
0.281423
0.279904
0.279261
0.278221
0.275021
0.272459
0.274145
0.273327
0.275378
0.27716
0.279312
0.279627
0.276999
0.274258
0.27484
0.277004
0.273135
0.272963
0.26833
0.279423
0.265859
0.265814
0.278115
0.279105
0.275955
0.273165
0.278585
0.278491
0.279233
0.275795
0.266336
0.267008
0.27047
0.266872
0.270957
0.271796
0.278256
0.278628
0.275748
0.271822
0.270954
0.275817
0.271741
0.27911
0.26786
0.262993
0.26093
0.278627
0.278057
0.286774
0.290996
0.279366
0.279646
0.278219
0.276687
0.281476
0.280471
0.273582
0.262938
0.259194
0.26081
0.264977
0.266496
0.276585
0.278767
0.273589
0.269377
0.26711
0.271786
0.280903
0.27839
0.280749
0.262185
0.257677
0.25385
0.277943
0.289874
0.295059
0.300935
0.284988
0.291208
0.305935
0.291038
0.308218
0.287049
0.276424
0.28314
0.269997
0.256684
0.250998
0.257907
0.260396
0.272208
0.247325
0.284318
0.264906
0.262253
0.279215
0.285845
0.285167
0.255284
0.248826
0.270106
0.283425
0.299676
0.304618
0.298842
0.29374
0.307797
0.285908
0.297452
0.277003
0.268544
0.264728
0.24932
0.242712
0.249205
0.250964
0.239926
0.292031
0.255322
0.26021
0.256831
0.290245
0.290868
0.293526
0.298947
0.246715
0.237987
0.233633
0.282948
0.265341
0.312248
0.311676
0.318017
0.29527
0.284804
0.264923
0.255581
0.243117
0.235538
0.238414
0.239708
0.299102
0.249734
0.249394
0.301232
0.305473
0.317196
0.350945
0.236364
0.225905
0.225134
0.223631
0.272652
0.255071
0.237968
0.357317
0.284152
0.253538
0.241684
0.231306
0.233453
0.22508
0.310995
0.243078
0.217794
0.22958
0.306225
0.308887
0.312103
0.313496
0.257029
0.223703
0.212644
0.213102
0.244028
0.232065
0.224197
0.258251
0.241673
0.23207
0.224271
0.207818
0.221594
0.200591
0.218877
0.305862
0.301214
0.300879
0.210963
0.204759
0.197005
0.209662
0.210531
0.201789
0.209782
0.186894
0.212192
0.20686
0.186317
0.201828
0.30002
0.290767
0.289355
0.189604
0.186424
0.179305
0.178298
0.183909
0.181425
0.189809
0.17106
0.184146
0.184751
0.173645
0.176971
0.289464
0.167833
0.279061
0.278
0.278053
0.166694
0.167641
0.163884
0.16837
0.160841
0.167767
0.166607
0.158972
0.150948
0.165664
0.164368
0.163038
0.156413
0.156345
0.266228
0.265776
0.265746
0.144928
0.145317
0.145118
0.134362
0.143618
0.144649
0.135983
0.144937
0.143984
0.147061
0.148312
0.139877
0.14404
0.135937
0.128565
0.252828
0.252806
0.252783
0.125211
0.123384
0.125192
0.128821
0.125199
0.125592
0.125349
0.123409
0.125579
0.123353
0.122031
0.113066
0.239531
0.239599
0.23298
0.106038
0.104036
0.105323
0.105963
0.0973291
0.100835
0.106088
0.104027
0.106115
0.105962
0.105398
0.0991088
0.0952442
0.22634
0.226422
0.21978
0.0911916
0.085842
0.0844471
0.0830648
0.0780826
0.0833145
0.0867516
0.086822
0.0867601
0.0858353
0.0901128
0.0861983
0.213146
0.213224
0.206586
0.0763314
0.0670373
0.0673735
0.0671895
0.0588571
0.0675671
0.0622667
0.0675661
0.0727364
0.0689327
0.0670455
0.0673782
0.0568877
0.199953
0.200026
0.193391
0.0571135
0.0483564
0.0480905
0.0447574
0.0464179
0.0440174
0.0483654
0.0430851
0.0483091
0.0480959
0.0498647
0.0482204
0.186761
0.186829
0.180196
0.0291401
0.0291917
0.0379107
0.029173
0.0290673
0.0273477
0.0291206
0.0291794
0.0239286
0.0290998
0.029047
0.029062
0.173568
0.173632
0.167001
0.00999215
0.0100115
0.0187261
0.00826227
0.0099901
0.00825392
0.00651837
0.010011
0.00478075
0.00995994
0.00997526
0.0116979
0.160376
0.160434
0.153806
-0.00219397
-0.00393406
-0.0091642
-0.00916685
-0.00909715
-0.00910892
-0.0126069
-0.0161254
-0.0143672
-0.00914229
-0.00915275
-0.00914569
0.147183
0.147237
0.140611
-0.0353078
-0.0282753
-0.0213626
-0.0283107
-0.0370629
-0.0283456
-0.0281765
-0.0299411
-0.0282533
-0.0335272
-0.0282369
-0.0282453
0.13399
0.134039
-0.0474587
0.127416
-0.0544967
-0.0439266
-0.0562704
-0.0474766
-0.0405374
-0.047535
-0.0471901
-0.0472808
-0.0508649
-0.0472686
-0.0455877
0.120798
0.120842
-0.0719183
-0.0711161
0.114221
-0.0737264
-0.0630608
-0.0623699
-0.0614272
-0.0597364
-0.0661516
-0.0663402
-0.0700297
-0.0662556
-0.0663834
-0.0736114
0.107605
0.107644
-0.085947
-0.0857481
-0.0859693
-0.0772308
0.101026
-0.0982745
-0.0856977
-0.0789519
-0.076281
-0.0850339
-0.0854085
-0.0854437
-0.0851206
-0.0911838
0.0944126
0.0944468
-0.112407
-0.100062
-0.105128
-0.105146
-0.0946924
0.0812347
-0.104452
-0.124643
-0.105124
-0.0929921
-0.103692
-0.106338
-0.103774
-0.105266
-0.106019
0.0812201
0.0812493
-0.125054
-0.124965
-0.124269
-0.115602
0.0680518
0.0680275
0.0614409
-0.124788
-0.122116
-0.143745
-0.141351
-0.119569
-0.11749
-0.122389
-0.123756
-0.122113
-0.140597
-0.140198
-0.13625
-0.13829
-0.132201
0.0548544
0.0548349
0.0482459
-0.14013
-0.138264
-0.158007
-0.163114
-0.157171
-0.139529
-0.141304
-0.156047
-0.140744
-0.156453
-0.154102
-0.152356
0.0416569
0.0416423
0.0350508
-0.155793
-0.15856
-0.169922
-0.17209
-0.176197
-0.184316
-0.172271
-0.166439
-0.175448
-0.160001
-0.181289
-0.158996
-0.174063
-0.177143
0.0284594
0.0284497
0.0218558
-0.179235
-0.180473
-0.194175
-0.182605
-0.183969
-0.217052
-0.183408
-0.18644
-0.205474
-0.226158
-0.185709
-0.188118
-0.195337
-0.187578
0.0152619
0.0152571
0.00833258
-0.205092
-0.22054
-0.249646
-0.222548
-0.193122
-0.219387
-0.208547
-0.180638
-0.207761
-0.229842
-0.264242
-0.187818
-0.184327
-0.229184
-0.221693
-0.36964
5.26821e-17
1.76062e-17
-0.2629
-0.290637
-0.286217
-0.36964
-0.36964
-0.153476
-0.150847
-0.22966
-0.14883
-0.177048
-0.388488
-0.397716
-0.301945
-0.36964
-0.36964
-0.36964
-0.36964
-0.36964
-0.36964
-0.36964
-0.36964
-0.36964
