9.64576e-17
2.85535e-16
0.0165005
0.0165014
0.0165024
0.0307687
0.0307706
0.0307725
0.0450369
0.0450398
0.0450427
0.0593051
0.27723
0.059309
0.0593128
0.0735733
0.0735829
0.27723
0.443143
0.27723
0.27723
0.27723
0.433072
0.27723
0.0735781
0.0878415
0.0878531
0.394252
0.378421
0.436421
0.425588
0.428602
0.378064
0.27723
0.444148
0.388189
0.0949814
0.10211
0.102123
0.27723
0.27723
0.27723
0.27723
0.27723
0.27723
0.463259
0.27723
0.27723
0.27723
0.394657
0.392982
0.397111
0.389655
0.396315
0.384951
0.447162
0.393384
0.404203
0.109251
0.116378
0.116393
0.437289
0.441278
0.447326
0.27723
0.455715
0.27723
0.434924
0.389757
0.27723
0.431271
0.441054
0.27723
0.4251
0.43299
0.391001
0.390228
0.39117
0.391781
0.395655
0.395862
0.395945
0.40291
0.394866
0.12352
0.130646
0.130663
0.406521
0.392245
0.398597
0.387156
0.431426
0.402096
0.405661
0.443327
0.385361
0.390791
0.389983
0.394426
0.378696
0.396373
0.390214
0.390321
0.388728
0.388734
0.392838
0.390627
0.389032
0.400856
0.396143
0.394858
0.137789
0.144914
0.144934
0.402818
0.405094
0.406823
0.401688
0.39943
0.397375
0.397487
0.378917
0.397591
0.39935
0.393891
0.394958
0.390957
0.393392
0.387122
0.387507
0.38558
0.386063
0.38517
0.391042
0.388275
0.394235
0.391215
0.152058
0.159183
0.159204
0.397962
0.397594
0.397704
0.396293
0.394008
0.394316
0.393937
0.397469
0.392484
0.392276
0.393006
0.391172
0.391354
0.391314
0.383535
0.384594
0.382283
0.385665
0.383121
0.38128
0.387837
0.385195
0.387444
0.391333
0.389398
0.166327
0.173451
0.173474
0.394849
0.394151
0.393367
0.389396
0.390745
0.390204
0.392011
0.389711
0.389864
0.38951
0.388869
0.390444
0.379885
0.380701
0.378347
0.38268
0.379804
0.377315
0.384236
0.384003
0.385601
0.180596
0.187719
0.187744
0.391067
0.390111
0.387516
0.385229
0.386064
0.386847
0.386569
0.388855
0.386546
0.387105
0.385728
0.387131
0.38623
0.376108
0.37681
0.375631
0.379503
0.375458
0.376361
0.373299
0.380533
0.380344
0.382781
0.194866
0.201987
0.202014
0.385448
0.38386
0.381098
0.380244
0.382516
0.383256
0.383287
0.385182
0.382734
0.384734
0.383258
0.382409
0.383366
0.37307
0.372814
0.372908
0.376221
0.369704
0.372781
0.372809
0.369258
0.368894
0.376756
0.379134
0.377157
0.209135
0.216256
0.216284
0.381262
0.378665
0.376636
0.376625
0.380004
0.379577
0.37932
0.381291
0.379895
0.380847
0.378841
0.367324
0.368981
0.367235
0.36953
0.372863
0.369919
0.364936
0.365106
0.36115
0.365193
0.365023
0.372931
0.374819
0.372987
0.230523
0.223404
0.230554
0.377108
0.374794
0.373032
0.376426
0.376212
0.375865
0.377321
0.376111
0.37689
0.375702
0.364938
0.364968
0.362013
0.368909
0.364888
0.367479
0.357101
0.357064
0.361086
0.361037
0.368984
0.370903
0.244792
0.237673
0.244828
0.259073
0.3729
0.372958
0.371315
0.369007
0.372855
0.372004
0.372855
0.37328
0.372877
0.372524
0.359506
0.359401
0.361811
0.360997
0.362228
0.364853
0.364983
0.35305
0.353243
0.357028
0.357009
0.364997
0.365001
0.259074
0.259072
0.273357
0.369564
0.368966
0.366677
0.368911
0.368912
0.368932
0.369218
0.369102
0.369004
0.348998
0.356997
0.356992
0.356995
0.360995
0.360985
0.357003
0.348993
0.352593
0.353638
0.363313
0.361005
0.361005
0.273336
0.287626
0.273341
0.366219
0.363511
0.364954
0.364954
0.364353
0.365164
0.364608
0.365299
0.344937
0.344947
0.336761
0.340855
0.353015
0.353008
0.353006
0.357012
0.353023
0.348994
0.34901
0.348999
0.332638
0.328474
0.360163
0.360259
0.354185
0.357014
0.357016
0.357018
0.287386
0.301286
0.293842
0.360984
0.360979
0.360982
0.360998
0.361114
0.361029
0.361071
0.341104
0.344966
0.336823
0.349661
0.349021
0.349043
0.351148
0.351353
0.34562
0.345854
0.332521
0.328441
0.324244
0.357009
0.357002
0.353031
0.353034
0.300608
0.313836
0.306411
0.325215
0.356997
0.357836
0.353009
0.355317
0.357634
0.357072
0.35702
0.357043
0.319967
0.311426
0.315682
0.340509
0.336894
0.341608
0.333287
0.349054
0.345035
0.345798
0.346309
0.346747
0.346961
0.339319
0.341859
0.324567
0.328426
0.320707
0.353017
0.353025
0.34905
0.307345
0.30054
0.303555
0.313275
0.315605
0.324023
0.333205
0.350069
0.353004
0.353
0.353028
0.353002
0.353013
0.316502
0.309173
0.312686
0.336972
0.33235
0.345078
0.341054
0.342774
0.342556
0.342331
0.342986
0.337033
0.337077
0.324868
0.328384
0.32055
0.349033
0.347577
0.345073
0.2995
0.300826
0.332141
0.307537
0.31952
0.306263
0.30388
0.304658
0.324238
0.332727
0.331692
0.347025
0.348165
0.348991
0.348976
0.348557
0.348764
0.308101
0.317183
0.310724
0.313603
0.333059
0.328305
0.342045
0.33711
0.339431
0.339631
0.339227
0.333124
0.325224
0.325095
0.317562
0.320661
0.343794
0.3436
0.340781
0.341101
0.307583
0.305409
0.311672
0.326603
0.318625
0.331996
0.306705
0.306303
0.307441
0.34101
0.345573
0.343984
0.341049
0.344168
0.344979
0.344528
0.34492
0.34472
0.30801
0.314653
0.311446
0.329195
0.32531
0.339017
0.333157
0.334627
0.336299
0.33505
0.329222
0.321433
0.314974
0.317765
0.321469
0.339293
0.340455
0.337128
0.337132
0.309455
0.31295
0.336507
0.321822
0.30669
0.306706
0.38366
0.341012
0.338118
0.338678
0.34097
0.340924
0.340878
0.340839
0.309229
0.307305
0.31175
0.325315
0.333176
0.33317
0.325288
0.331715
0.333175
0.331289
0.328498
0.317761
0.315064
0.320226
0.330677
0.335856
0.333894
0.331022
0.307374
0.313095
0.318241
0.30473
0.305963
0.284327
0.304237
0.333119
0.336192
0.333056
0.336334
0.336887
0.336809
0.33675
0.312663
0.305524
0.307785
0.31068
0.321368
0.329209
0.329208
0.327327
0.322954
0.327547
0.315019
0.317433
0.325261
0.326734
0.330458
0.302629
0.308118
0.303282
0.307714
0.306757
0.30237
0.241403
0.273573
0.283173
0.220793
0.330225
0.332971
0.329948
0.327765
0.332727
0.332859
0.332617
0.310108
0.304998
0.306665
0.319586
0.321238
0.325226
0.324278
0.313454
0.316414
0.322103
0.323839
0.325313
0.299299
0.292415
0.298085
0.296138
0.295546
0.27094
0.244802
0.26162
0.22005
0.198438
0.199483
0.327108
0.329618
0.327528
0.324294
0.328642
0.328843
0.328436
0.30655
0.309484
0.303672
0.317165
0.321233
0.318962
0.313169
0.31401
0.308969
0.318879
0.321443
0.321478
0.300323
0.295159
0.287766
0.278209
0.29312
0.290674
0.290778
0.263059
0.256254
0.241221
0.199851
0.219424
0.178338
0.178443
0.181359
0.324431
0.325069
0.321424
0.324769
0.324858
0.32422
0.304471
0.300797
0.315223
0.315566
0.310759
0.312014
0.306471
0.315984
0.317603
0.318715
0.29562
0.291056
0.283428
0.272482
0.287427
0.284761
0.258032
0.249096
0.232574
0.195445
0.218364
0.182247
0.157487
0.159241
0.159606
0.317755
0.321253
0.320495
0.320936
0.319957
0.300119
0.293513
0.31219
0.312461
0.308668
0.304053
0.313154
0.313816
0.314126
0.287279
0.266893
0.279158
0.281054
0.255015
0.247338
0.235345
0.217833
0.194411
0.193682
0.177238
0.159531
0.139022
0.144106
0.141906
0.145954
0.316998
0.313587
0.314092
0.316793
0.316506
0.315687
0.297942
0.290171
0.308969
0.309473
0.304608
0.300436
0.31005
0.310688
0.283933
0.264792
0.273261
0.275442
0.25354
0.243575
0.228025
0.210084
0.176837
0.193359
0.159329
0.121457
0.123481
0.125504
0.129049
0.140853
0.311091
0.313606
0.311042
0.312667
0.311418
0.30857
0.29508
0.288884
0.30662
0.305014
0.300175
0.307336
0.281505
0.263925
0.25357
0.27356
0.242848
0.232243
0.220049
0.20318
0.163021
0.113629
0.117268
0.167975
0.176881
0.14916
0.188699
0.103379
0.103526
0.103688
0.122364
0.115627
0.309078
0.310417
0.308552
0.307331
0.309203
0.305571
0.307053
0.287341
0.293422
0.303884
0.298394
0.302623
0.280094
0.2632
0.250207
0.272687
0.238274
0.223143
0.205725
0.163833
0.0988014
0.191086
0.174166
0.150835
0.159336
0.132429
0.177836
0.11229
0.0852524
0.085201
0.0853502
0.0971914
0.0955309
0.307377
0.307235
0.306949
0.303771
0.304091
0.306374
0.287679
0.294706
0.30004
0.280103
0.264011
0.25362
0.27123
0.248995
0.232652
0.212847
0.0854128
0.0863043
0.0938661
0.21252
0.178294
0.196804
0.159561
0.134123
0.140871
0.123205
0.162637
0.103888
0.0669558
0.0669612
0.0669952
0.072049
0.0754451
0.0737522
0.0771122
0.306718
0.305509
0.303748
0.300545
0.300496
0.305293
0.306781
0.290051
0.295923
0.282052
0.259127
0.270815
0.248771
0.237357
0.0854628
0.218105
0.198002
0.178535
0.140731
0.122293
0.15913
0.103823
0.0854108
0.0486446
0.0486416
0.0486551
0.0486657
0.0603733
0.0570393
0.0587101
0.0670599
0.307009
0.308777
0.303744
0.299326
0.303047
0.30783
0.302191
0.29533
0.286516
0.270735
0.256993
0.242609
0.0670318
0.157375
0.220815
0.198916
0.178103
0.0495111
0.140157
0.103694
0.122126
0.139049
0.0886869
0.0669968
0.0303266
0.0303191
0.0303079
0.0353055
0.0369716
0.0486716
0.0302838
0.0386432
0.0486654
0.314048
0.313065
0.304868
0.307678
0.301091
0.323104
0.309061
0.299438
0.295481
0.282904
0.273187
0.241551
0.121843
0.0244359
0.0669591
0.105182
0.121436
0.083598
0.0453172
0.0503081
0.0120193
0.0153
0.0103351
0.0169361
0.0118972
0.0302884
0.0160672
0.0118863
0.0252858
0.320689
0.315719
0.307847
0.307131
0.335856
0.317517
0.304281
0.285093
0.0669428
0.00442369
0.1034
0.0852083
0.0486449
0.0269694
0.0303171
-0.00624944
-0.00638139
-0.00629479
-0.00646135
-0.00315945
0.0119241
0.0118969
0.00184438
-0.00652001
0.0119599
0.319963
0.327137
0.318545
0.343291
0.379721
0.332344
0.0303268
0.00198267
0.0119992
-0.0198424
-0.0244599
-0.0247635
-0.0245945
-0.0182194
-0.00144529
-0.00650177
-0.0333358
-0.0249462
-0.00972761
0.338091
0.333041
0.342832
0.33368
-0.0316135
0.0120142
-0.0249315
-0.00797662
-0.00625916
-0.0433552
-0.0431475
-0.0424857
-0.0428665
-0.0433885
-0.0534136
-0.0248686
-0.0433659
-0.0245828
-0.0247735
0.328358
0.323124
0.3247
-0.0434068
-0.0551652
-0.0244163
-0.0670562
-0.0617443
-0.0604078
-0.0611956
-0.0618453
-0.0686646
-0.0701169
-0.0431609
-0.0484183
-0.0618776
-0.042882
0.318633
0.313314
0.313895
-0.0425166
-0.0853533
-0.0808271
-0.0806775
-0.079879
-0.0782859
-0.08008
-0.0898511
-0.0611821
-0.0619688
-0.061741
-0.0807537
-0.0804273
-0.0604492
0.306408
0.300684
0.301381
-0.096255
-0.0934996
-0.100782
-0.109148
-0.0954734
-0.102824
-0.0963381
-0.0972994
-0.111636
-0.078064
-0.0771896
-0.0908715
-0.0951137
-0.0781604
0.293862
0.28745
0.287654
-0.11276
-0.110882
-0.126092
-0.129707
-0.116387
-0.12136
-0.12828
-0.113494
-0.0949907
-0.114582
-0.127869
-0.112648
-0.101098
-0.110486
-0.0958697
0.280243
0.273407
0.273403
-0.134444
-0.1359
-0.137656
-0.142887
-0.135238
-0.142519
-0.158931
-0.14296
-0.113663
-0.140423
-0.133902
-0.141475
-0.128198
-0.113097
0.266257
0.259099
0.259103
-0.172774
-0.145801
-0.158053
-0.158826
-0.17011
-0.167302
-0.178848
-0.208392
-0.130504
-0.134323
-0.165182
-0.150645
-0.151527
-0.158292
-0.143002
0.251982
0.244866
0.244829
-0.243335
-0.249568
-0.116735
-0.119058
-0.113999
-0.141871
-0.184624
-0.365057
-0.172852
-0.138829
-0.184174
-0.178986
-0.208279
-0.130404
0.237708
0.230589
0.230558
-0.27723
-0.27723
-0.27723
-0.27723
-0.27723
-0.27723
-0.27723
-0.27723
-0.242861
-0.27723
-0.251026
-0.187995
-0.36508
0.223438
0.216316
0.216288
-0.27723
-0.27723
-0.27723
0.202044
0.209166
0.202017
0.187772
0.194895
0.187747
0.1735
0.180623
0.173477
0.159206
0.159228
0.159217
0.144936
0.144955
0.13781
0.130666
0.130683
0.123538
0.116395
0.116411
0.109267
0.102125
0.102138
0.0949956
0.0878547
0.0878662
0.0807243
0.0735843
0.0735939
0.0593178
0.059314
0.0593217
0.0450494
0.0450436
0.0450465
0.0307771
0.0236391
0.0307733
0.0165049
0.00901301
0.0165029
4.5769e-16
5.23398e-17
