0.73928
0.73928
0.73928
0.73928
0.73928
0.73928
0.73928
0.73928
0.73928
0.73928
0.73928
0.73928
0.73928
0.74397
0.743458
0.73928
0.744496
0.73928
0.743458
0.743678
0.743294
0.742959
0.73928
0.742202
0.73928
0.73928
0.73928
0.742837
0.742626
0.742353
0.743517
0.743295
0.738283
0.73928
0.741648
0.742672
0.74199
0.738083
0.737406
0.737117
0.73728
0.737857
0.740563
0.737468
0.735732
0.737358
0.738456
0.734619
0.743387
0.737331
0.743393
0.737822
0.736886
0.73549
0.736577
0.735384
0.735089
0.738324
0.735819
0.734821
0.734899
0.733484
0.7346
0.735289
0.7352
0.734
0.732439
0.733095
0.73081
0.734217
0.730838
0.734526
0.737335
0.734933
0.734963
0.732169
0.730074
0.730595
0.730517
0.731517
0.730829
0.727832
0.732968
0.730565
0.733444
0.729019
0.730094
0.731212
0.731374
0.731562
0.729836
0.728576
0.729146
0.725959
0.729023
0.725955
0.731703
0.731162
0.727663
0.727056
0.726419
0.726737
0.725685
0.72475
0.725911
0.724081
0.726413
0.72455
0.72788
0.724167
0.726607
0.726461
0.721675
0.725596
0.725209
0.724599
0.721855
0.721172
0.723498
0.721178
0.724556
0.727204
0.724161
0.722993
0.721583
0.719513
0.722505
0.720931
0.719783
0.720357
0.718984
0.72066
0.72269
0.718524
0.720848
0.721682
0.71861
0.717799
0.72001
0.721136
0.717692
0.716362
0.716367
0.714905
0.718992
0.721869
0.718687
0.71719
0.715578
0.718266
0.714594
0.716155
0.71333
0.715542
0.713704
0.716312
0.714252
0.716742
0.712811
0.715708
0.714299
0.713575
0.716332
0.711548
0.711552
0.710222
0.713709
0.715284
0.714368
0.711882
0.711885
0.708182
0.711902
0.709926
0.711382
0.70999
0.710688
0.711881
0.708558
0.71082
0.709961
0.710836
0.708876
0.707385
0.709453
0.706727
0.706729
0.705237
0.704487
0.708186
0.710043
0.706948
0.708186
0.704478
0.708551
0.705721
0.705233
0.705549
0.706911
0.705682
0.705616
0.703955
0.707226
0.7059
0.70418
0.706247
0.703627
0.704292
0.701903
0.701904
0.700779
0.700786
0.702628
0.704482
0.700773
0.701699
0.700776
0.700478
0.703162
0.700519
0.701309
0.701005
0.701375
0.700513
0.700509
0.703205
0.700975
0.699035
0.700504
0.699129
0.701196
0.69708
0.69707
0.69708
0.697074
0.697067
0.69892
0.697066
0.697066
0.697792
0.697068
0.697073
0.697069
0.697068
0.696048
0.696561
0.697065
0.697066
0.695037
0.697063
0.695542
0.692256
0.693008
0.692255
0.692756
0.692505
0.69326
0.693768
0.693514
0.694277
0.693134
0.691998
0.691741
0.692246
0.692246
0.692244
0.691484
0.69123
0.690468
0.691482
0.690975
0.687432
0.687425
0.688187
0.687683
0.687431
0.687427
0.688693
0.688947
0.6892
0.689454
0.687175
0.686919
0.687424
0.687424
0.687423
0.686664
0.687423
0.686535
0.687423
0.686154
0.682608
0.683871
0.682604
0.683618
0.682605
0.682607
0.682606
0.684379
0.684125
0.682602
0.684632
0.682353
0.682097
0.682602
0.681587
0.681842
0.682602
0.682602
0.682602
0.681333
0.677785
0.67905
0.678543
0.677781
0.67829
0.677784
0.678037
0.678922
0.679557
0.677781
0.67778
0.677783
0.67753
0.67778
0.67702
0.677781
0.67778
0.67575
0.676512
0.676258
0.672962
0.674228
0.672961
0.673721
0.672959
0.67296
0.67296
0.669152
0.675242
0.674735
0.672959
0.672958
0.672961
0.672708
0.672958
0.672199
0.671944
0.671943
0.672958
0.67169
0.671436
0.668139
0.669406
0.668138
0.668138
0.668899
0.668645
0.666107
0.666234
0.670421
0.669913
0.668137
0.668137
0.668138
0.668139
0.668137
0.668137
0.668138
0.668137
0.667375
0.668137
0.668137
0.663317
0.663063
0.663315
0.663315
0.663315
0.663315
0.663315
0.663315
0.665852
0.66636
0.663315
0.66433
0.663316
0.663315
0.661031
0.662554
0.663315
0.661538
0.663315
0.662046
0.658494
0.65824
0.659762
0.658493
0.658747
0.658493
0.658493
0.659255
0.660777
0.658493
0.660269
0.660523
0.657732
0.657986
0.658493
0.657351
0.657605
0.658493
0.658493
0.658493
0.653672
0.653418
0.65494
0.653671
0.653671
0.654179
0.653671
0.654686
0.655955
0.653671
0.655447
0.653671
0.653671
0.653164
0.653671
0.653671
0.653671
0.653671
0.652656
0.652148
0.64885
0.648849
0.64885
0.650118
0.649103
0.648849
0.648849
0.64961
0.649864
0.648849
0.648849
0.648849
0.648849
0.648849
0.647834
0.648849
0.648849
0.647072
0.64758
0.647326
0.644027
0.644027
0.644027
0.644027
0.645296
0.644281
0.644534
0.644788
0.645042
0.644027
0.645169
0.644027
0.644027
0.644027
0.644027
0.643139
0.644027
0.641996
0.642758
0.642504
0.639205
0.638951
0.638444
0.639205
0.639205
0.639205
0.640474
0.639712
0.639966
0.64022
0.639205
0.639205
0.641489
0.639205
0.639205
0.639205
0.639205
0.637174
0.637936
0.637682
0.634383
0.634383
0.634383
0.633875
0.634383
0.63489
0.634636
0.635652
0.635144
0.635398
0.634383
0.634383
0.634383
0.634383
0.633368
0.634383
0.632352
0.632099
0.634383
0.63286
0.629561
0.629561
0.629561
0.629561
0.629561
0.629814
0.630322
0.630068
0.63083
0.630576
0.629561
0.629561
0.629561
0.629561
0.629561
0.626769
0.629561
0.62753
0.627277
0.628292
0.628038
0.624739
0.624485
0.623977
0.624231
0.624739
0.619917
0.625246
0.624739
0.625754
0.6255
0.626008
0.6255
0.625754
0.624739
0.624739
0.623724
0.624739
0.623724
0.622455
0.62347
0.623216
0.619917
0.619917
0.619409
0.619917
0.615094
0.62017
0.615094
0.620424
0.620932
0.619917
0.619917
0.621439
0.621947
0.619917
0.619917
0.618902
0.617632
0.619917
0.619917
0.618648
0.618394
0.615095
0.615095
0.614587
0.614333
0.610272
0.610526
0.615094
0.615856
0.61611
0.615095
0.616617
0.617125
0.615095
0.615095
0.60545
0.614079
0.615095
0.61281
0.615095
0.613826
0.614333
0.610273
0.610273
0.609765
0.609511
0.60545
0.610272
0.605958
0.611541
0.611034
0.610272
0.610272
0.612303
0.611161
0.610272
0.600628
0.600882
0.609257
0.609004
0.60913
0.610273
0.610273
0.610273
0.60545
0.60545
0.605197
0.604689
0.606593
0.600628
0.60545
0.60139
0.60545
0.606466
0.607227
0.60545
0.607481
0.595806
0.595806
0.596314
0.604435
0.60545
0.604182
0.60545
0.60545
0.60545
0.600628
0.600375
0.600628
0.599867
0.602913
0.600628
0.595806
0.591746
0.600628
0.596821
0.601897
0.600628
0.60139
0.602405
0.590984
0.591238
0.590984
0.599613
0.599359
0.600628
0.600628
0.600628
0.595806
0.595553
0.595806
0.595045
0.59809
0.595806
0.586162
0.590984
0.595806
0.590984
0.597329
0.595806
0.597583
0.594157
0.586162
0.586162
0.585655
0.58134
0.594791
0.593776
0.594537
0.595806
0.595806
0.590984
0.590984
0.590477
0.590984
0.591999
0.593268
0.5887
0.585147
0.586162
0.590984
0.590984
0.58134
0.58134
0.58134
0.58134
0.577279
0.58502
0.589969
0.588954
0.589715
0.590984
0.590984
0.586162
0.586162
0.586162
0.586162
0.583371
0.588193
0.583878
0.588446
0.58134
0.584639
0.586162
0.576518
0.576518
0.576772
0.577787
0.576518
0.572457
0.58134
0.58134
0.583371
0.586162
0.586162
0.586162
0.586924
0.581594
0.581848
0.580579
0.580325
0.576518
0.580198
0.584132
0.580579
0.58134
0.576518
0.571696
0.572204
0.57195
0.571696
0.572965
0.567635
0.572711
0.569412
0.576518
0.576518
0.58134
0.58134
0.582863
0.576264
0.576518
0.575757
0.576518
0.571696
0.576518
0.578548
0.576518
0.571696
0.571696
0.571696
0.566874
0.567128
0.567382
0.568524
0.568651
0.562052
0.565859
0.565605
0.571696
0.571696
0.574742
0.575249
0.576518
0.56992
0.570427
0.571696
0.570681
0.571696
0.568016
0.571696
0.568397
0.565097
0.566874
0.566874
0.562052
0.562052
0.561544
0.565351
0.55723
0.561037
0.55723
0.562052
0.566874
0.566874
0.570173
0.565986
0.566874
0.566874
0.566874
0.566874
0.564336
0.564844
0.561164
0.559768
0.563067
0.55723
0.55723
0.55723
0.560529
0.552408
0.553423
0.55723
0.562306
0.562052
0.56256
0.563575
0.562052
0.562052
0.562813
0.558499
0.563067
0.559514
0.560022
0.55723
0.556088
0.55926
0.55723
0.552408
0.552662
0.552408
0.548347
0.553931
0.548601
0.552408
0.55723
0.55723
0.556722
0.558753
0.55723
0.555453
0.555326
0.558245
0.554946
0.552408
0.554438
0.552408
0.552408
0.552408
0.545302
0.547586
0.54784
0.548093
0.545302
0.544667
0.548474
0.549109
0.547586
0.5519
0.552408
0.552408
0.552408
0.550631
0.552408
0.551393
0.550124
0.548728
0.547586
0.54454
0.547586
0.547586
0.541749
0.542002
0.542764
0.542764
0.542256
0.541495
0.544287
0.547586
0.547332
0.546571
0.546824
0.542764
0.547586
0.546698
0.546317
0.542764
0.540987
0.546444
0.545048
0.542764
0.543779
0.542764
0.537942
0.537942
0.537942
0.537942
0.537942
0.537942
0.537942
0.537053
0.542764
0.542764
0.542764
0.539972
0.539845
0.542764
0.539718
0.542764
0.537942
0.542764
0.54048
0.539972
0.537942
0.534389
0.534135
0.531216
0.53312
0.533627
0.53312
0.53312
0.53312
0.53312
0.53312
0.537942
0.537688
0.53718
0.536927
0.536673
0.537942
0.536419
0.535911
0.535404
0.537942
0.53312
0.528298
0.528298
0.528298
0.528298
0.528805
0.528551
0.530582
0.529313
0.528298
0.528298
0.53312
0.53312
0.53312
0.53312
0.53312
0.531597
0.531343
0.531089
0.530836
0.528298
0.524745
0.523476
0.523729
0.524237
0.523476
0.523476
0.528044
0.526013
0.52576
0.523476
0.525506
0.523476
0.528298
0.528298
0.528298
0.528298
0.527536
0.526521
0.526267
0.523476
0.518653
0.519669
0.519922
0.518653
0.519161
0.519415
0.523476
0.522333
0.520938
0.519542
0.518653
0.518653
0.523476
0.522968
0.52246
0.523476
0.522587
0.523476
0.52043
0.521445
0.518653
0.513831
0.514847
0.513831
0.513831
0.514339
0.513831
0.518653
0.5184
0.518653
0.516116
0.513831
0.515608
0.513831
0.518653
0.517385
0.518653
0.515862
0.518653
0.517131
0.516623
0.513831
0.509009
0.509263
0.510278
0.509009
0.510025
0.509517
0.509771
0.513578
0.513324
0.513831
0.511294
0.509009
0.509009
0.513831
0.512816
0.51307
0.513831
0.512309
0.511801
0.509009
0.504187
0.504949
0.504695
0.504187
0.505456
0.505202
0.504949
0.508756
0.509009
0.508248
0.509009
0.506471
0.505202
0.504187
0.50774
0.509009
0.507233
0.507487
0.506979
0.504187
0.499365
0.499365
0.500254
0.500888
0.499873
0.499365
0.499365
0.50038
0.504187
0.504187
0.50368
0.504187
0.501649
0.501396
0.504187
0.503172
0.503299
0.502665
0.502157
0.499365
0.494543
0.494797
0.494543
0.49632
0.496066
0.495305
0.495812
0.494543
0.499111
0.498858
0.498604
0.49835
0.499365
0.496827
0.494543
0.498096
0.498604
0.499365
0.49835
0.494543
0.489721
0.489721
0.489721
0.489721
0.491244
0.491498
0.490736
0.49099
0.485914
0.494289
0.494036
0.493782
0.493528
0.489721
0.493274
0.494543
0.492005
0.494543
0.494543
0.494543
0.489721
0.485407
0.48566
0.484899
0.484899
0.486422
0.484899
0.486168
0.481092
0.489721
0.489467
0.488706
0.48896
0.484899
0.484899
0.489721
0.488452
0.489721
0.489721
0.489721
0.484899
0.480077
0.480077
0.480585
0.480077
0.47627
0.480965
0.4816
0.480077
0.484392
0.484899
0.483884
0.484138
0.480077
0.484899
0.481219
0.48363
0.484899
0.484899
0.484899
0.480077
0.475255
0.476016
0.475255
0.475255
0.473225
0.473352
0.477032
0.476524
0.476778
0.480077
0.479823
0.479062
0.479316
0.475255
0.477539
0.480077
0.478808
0.480077
0.480077
0.480077
0.475255
0.470433
0.470433
0.470433
0.470433
0.470433
0.470433
0.472209
0.471956
0.475255
0.475001
0.47424
0.474494
0.470433
0.471448
0.472717
0.475255
0.475255
0.475255
0.473986
0.475255
0.470433
0.470179
0.465611
0.465611
0.465611
0.465611
0.465611
0.467641
0.467134
0.465611
0.467387
0.469925
0.470433
0.467641
0.467514
0.470433
0.467895
0.470433
0.470433
0.470433
0.470433
0.465611
0.465611
0.460789
0.461043
0.460789
0.46155
0.459774
0.462058
0.462819
0.462312
0.460789
0.465103
0.46485
0.464596
0.465611
0.464342
0.465611
0.460789
0.465611
0.465611
0.460789
0.460789
0.455967
0.455967
0.455967
0.455967
0.455967
0.455967
0.459139
0.458759
0.456728
0.45584
0.457109
0.460789
0.460789
0.460789
0.460789
0.460789
0.460789
0.460789
0.460789
0.455967
0.455713
0.451145
0.451145
0.451652
0.451145
0.45216
0.452414
0.452667
0.453175
0.452921
0.453429
0.455967
0.455459
0.455205
0.456982
0.455967
0.455967
0.455967
0.455967
0.451145
0.450891
0.446323
0.446576
0.446323
0.447084
0.446323
0.447592
0.448099
0.447845
0.448353
0.446323
0.448861
0.451145
0.450637
0.451145
0.451145
0.451145
0.451145
0.451145
0.446323
0.446069
0.441501
0.441501
0.442008
0.442516
0.442262
0.445181
0.44277
0.443023
0.443277
0.441501
0.441501
0.445815
0.446323
0.445054
0.445561
0.446323
0.444546
0.446323
0.441501
0.441501
0.436679
0.436932
0.437186
0.436679
0.437694
0.441501
0.436679
0.438201
0.438455
0.437694
0.436679
0.440993
0.440739
0.43947
0.439724
0.441501
0.440485
0.439978
0.436679
0.436679
0.436171
0.431857
0.43211
0.432618
0.431857
0.431857
0.431857
0.434648
0.434394
0.431857
0.433633
0.433887
0.431857
0.435663
0.436679
0.435917
0.434902
0.436679
0.431857
0.431603
0.431857
0.427034
0.427288
0.427542
0.427796
0.42805
0.427796
0.428303
0.430841
0.430714
0.428811
0.429065
0.427034
0.423989
0.431857
0.431095
0.431857
0.43008
0.430588
0.427034
0.426781
0.426527
0.426273
0.422212
0.422212
0.422212
0.42272
0.423735
0.423228
0.422212
0.427034
0.427034
0.423354
0.424243
0.419167
0.426019
0.427034
0.426146
0.425766
0.422212
0.422212
0.421959
0.421705
0.421451
0.419294
0.41739
0.41739
0.418152
0.416883
0.41739
0.416375
0.416121
0.422212
0.419674
0.41739
0.415614
0.422212
0.421197
0.422212
0.420943
0.418406
0.41739
0.41739
0.41739
0.41739
0.412568
0.412568
0.412568
0.412568
0.41333
0.412568
0.412568
0.41739
0.415106
0.412568
0.41168
0.41739
0.41739
0.414599
0.41739
0.41739
0.414599
0.412568
0.412315
0.412061
0.411807
0.407746
0.407746
0.408254
0.408761
0.407746
0.409269
0.409015
0.407746
0.412568
0.41003
0.407746
0.412568
0.413837
0.411553
0.411046
0.410538
0.407746
0.407492
0.406985
0.407746
0.402924
0.402924
0.403432
0.403939
0.402924
0.402924
0.404447
0.403812
0.407746
0.405208
0.402924
0.407746
0.406731
0.407746
0.406224
0.405716
0.402924
0.402924
0.402924
0.402417
0.401909
0.398102
0.398102
0.39861
0.398864
0.399117
0.399879
0.399371
0.399625
0.402924
0.400386
0.399117
0.402924
0.401401
0.402924
0.400894
0.398102
0.397848
0.398102
0.397595
0.397341
0.39328
0.393534
0.394549
0.39328
0.39328
0.394041
0.395057
0.394803
0.398102
0.395564
0.39531
0.398102
0.397341
0.396833
0.397087
0.39328
0.393026
0.39328
0.39328
0.392773
0.392519
0.388966
0.388458
0.388458
0.389727
0.389473
0.388458
0.388458
0.390235
0.39328
0.390742
0.388458
0.39328
0.39328
0.39328
0.388458
0.388204
0.38795
0.388458
0.387443
0.388458
0.383636
0.384144
0.383636
0.383636
0.383636
0.384905
0.384651
0.383636
0.388458
0.38592
0.383636
0.388458
0.386935
0.386428
0.383636
0.383382
0.383636
0.383636
0.383636
0.382875
0.379829
0.379575
0.379322
0.378814
0.379068
0.379575
0.380083
0.379829
0.378814
0.382621
0.381352
0.378814
0.382113
0.383636
0.378814
0.378814
0.378814
0.378306
0.378814
0.378053
0.378814
0.376911
0.376784
0.373992
0.373992
0.373992
0.374246
0.375515
0.373992
0.376022
0.373992
0.378814
0.37653
0.373992
0.377037
0.373992
0.373992
0.373992
0.373484
0.373992
0.372977
0.373992
0.373992
0.370185
0.36917
0.369931
0.369677
0.36917
0.370693
0.36917
0.3712
0.36917
0.373992
0.36917
0.37285
0.372215
0.36917
0.36917
0.368662
0.368408
0.368155
0.36917
0.367901
0.365363
0.364348
0.365109
0.364855
0.364348
0.365236
0.365871
0.365617
0.364348
0.36549
0.36917
0.36917
0.368282
0.364348
0.364094
0.363586
0.36384
0.363333
0.364348
0.363079
0.362317
0.362444
0.359526
0.35978
0.359526
0.359526
0.361302
0.361048
0.359526
0.360541
0.364348
0.36181
0.364348
0.364348
0.359526
0.359526
0.359018
0.359526
0.358511
0.359526
0.358257
0.359526
0.354704
0.354704
0.354957
0.355465
0.354704
0.35648
0.354704
0.354704
0.356988
0.356734
0.359526
0.357242
0.357749
0.354704
0.35445
0.354704
0.354704
0.353942
0.354704
0.353435
0.349882
0.350897
0.349882
0.350389
0.349882
0.351658
0.350643
0.349882
0.349882
0.353562
0.352166
0.352673
0.353815
0.349882
0.349628
0.349374
0.34912
0.348866
0.349882
0.348613
0.34506
0.345313
0.34506
0.34506
0.34506
0.346836
0.346582
0.34506
0.346075
0.347344
0.349882
0.348866
0.349882
0.34506
0.34506
0.344552
0.34506
0.344044
0.34506
0.343791
0.340238
0.340238
0.340491
0.340999
0.340238
0.340238
0.342268
0.342014
0.340238
0.342522
0.342775
0.343283
0.34506
0.340238
0.340238
0.339984
0.339476
0.339222
0.338461
0.340238
0.338969
0.336431
0.335415
0.335162
0.336684
0.335923
0.336177
0.3377
0.337446
0.337192
0.333893
0.337953
0.335289
0.338207
0.335415
0.335415
0.335415
0.335415
0.335415
0.335289
0.335352
0.335415
0.33237
0.333512
0.333385
0.333131
0.332878
0.330593
0.330593
0.330593
0.330593
0.330593
0.333385
0.330593
0.329832
0.330593
0.332624
0.330593
0.331101
0.330593
0.331609
0.332116
0.330593
0.327675
0.328817
0.330593
0.329451
0.328309
0.326025
0.325771
0.326533
0.325771
0.32704
0.326787
0.327802
0.325771
0.325771
0.325771
0.325771
0.325771
0.325264
0.325771
0.324756
0.325771
0.324502
0.323995
0.323487
0.325771
0.321203
0.320949
0.321711
0.320949
0.322218
0.320949
0.320949
0.32298
0.320949
0.320949
0.320949
0.320442
0.318919
0.320949
0.320949
0.320949
0.320949
0.319173
0.315112
0.319807
0.320949
0.316381
0.316127
0.316889
0.316635
0.317396
0.316127
0.317142
0.316127
0.316127
0.316127
0.316127
0.315366
0.316127
0.316127
0.316127
0.316127
0.314858
0.314351
0.311305
0.316127
0.311305
0.311559
0.312067
0.311305
0.312574
0.312067
0.311305
0.31232
0.311305
0.311305
0.311305
0.311305
0.311305
0.310798
0.309021
0.31029
0.311305
0.311305
0.309529
0.306483
0.306483
0.306737
0.306483
0.306483
0.308006
0.307752
0.306483
0.308513
0.307371
0.306483
0.306483
0.306483
0.305976
0.305722
0.305468
0.305341
0.305214
0.306483
0.305595
0.301661
0.302803
0.301661
0.301661
0.302676
0.301661
0.302169
0.303438
0.303184
0.301661
0.303691
0.301407
0.301661
0.301154
0.3009
0.300646
0.301661
0.300392
0.301661
0.301661
0.297854
0.299123
0.297093
0.296839
0.298108
0.296839
0.296839
0.2976
0.298616
0.296839
0.296839
0.296839
0.296839
0.292017
0.296839
0.296839
0.296839
0.296839
0.296839
0.296839
0.296839
0.294047
0.292017
0.292017
0.292017
0.292017
0.292017
0.292017
0.292017
0.292017
0.292017
0.292017
0.292017
0.292017
0.287195
0.292017
0.292017
0.292017
0.292017
0.292017
0.292017
0.288845
0.289987
0.288337
0.287195
0.287703
0.287449
0.288464
0.28821
0.287956
0.287195
0.287195
0.287195
0.282373
0.287195
0.286941
0.287195
0.287195
0.287195
0.277551
0.285672
0.287195
0.285418
0.285165
0.284657
0.282373
0.282373
0.28288
0.282373
0.283642
0.283388
0.282373
0.283261
0.282373
0.282119
0.282373
0.281611
0.282373
0.282373
0.277297
0.272729
0.28085
0.280089
0.280596
0.281358
0.277551
0.277551
0.277805
0.278058
0.278566
0.278312
0.27882
0.277551
0.279327
0.277551
0.277043
0.276535
0.276789
0.277551
0.272475
0.267907
0.276409
0.276662
0.276028
0.277551
0.272729
0.273871
0.272729
0.273236
0.272728
0.273744
0.272728
0.272728
0.274505
0.272729
0.272729
0.272728
0.272728
0.271459
0.267907
0.263085
0.272729
0.272729
0.271206
0.270698
0.267907
0.270191
0.267907
0.268414
0.267906
0.268921
0.269175
0.268668
0.268922
0.267907
0.267399
0.267906
0.267906
0.267906
0.26283
0.262576
0.258263
0.265623
0.267907
0.267145
0.265877
0.263085
0.263338
0.265369
0.263084
0.263845
0.263084
0.264353
0.263973
0.264607
0.265115
0.263084
0.263084
0.263084
0.258008
0.258261
0.257499
0.25344
0.253185
0.261943
0.263085
0.263084
0.261055
0.258768
0.258262
0.258261
0.260547
0.258261
0.259276
0.25953
0.258262
0.260039
0.258263
0.258261
0.258262
0.25293
0.253438
0.248617
0.248615
0.258263
0.256739
0.258263
0.256233
0.253437
0.253945
0.25344
0.253438
-1.88158e-16
-1.23148e-16
0.254457
0.255726
0.254453
0.254201
0.254708
0.253441
0.252423
0.253439
0.248106
0.247852
0.243792
0.24379
0.243281
0.2476
0.253442
0.252679
0.252427
0.253441
0.24963
0.249375
0.248613
0.248616
0.248614
0.00549361
0.0100592
0.0100603
0.25065
0.248621
0.250141
0.249885
0.248619
0.248618
0.247347
0.24379
0.238966
0.238709
0.238963
0.242776
0.248621
0.248621
0.248619
0.245062
0.244806
0.244551
0.243788
0.243791
0.243789
0.0144089
0.0187575
0.0187598
0.245829
0.243801
0.245318
0.243798
0.243798
0.243796
0.242524
0.238202
0.234137
0.234134
0.233626
0.238967
0.241518
0.2438
0.242018
0.241888
0.241758
0.23947
0.238964
0.238965
0.238962
0.0231078
0.0274558
0.0274593
0.0361541
0.241009
0.240123
0.238977
0.238974
0.238978
0.237701
0.237452
0.234137
0.229304
0.229046
0.229303
0.233126
0.236699
0.236951
0.236445
0.23897
0.238967
0.234147
0.234642
0.234137
0.234136
0.234133
0.0361564
0.0361588
0.0448524
0.0448583
0.23619
0.234158
0.234153
0.234158
0.232631
0.232879
0.228546
0.224465
0.223959
0.224463
0.2283
0.233022
0.232133
0.231628
0.234141
0.230331
0.230594
0.23007
0.22981
0.229303
0.229554
0.0448553
0.0535507
0.0535577
0.229344
0.230227
0.229333
0.22934
0.228571
0.228056
0.224478
0.219617
0.219628
0.219362
0.223474
0.227317
0.229347
0.223517
0.226813
0.225543
0.227416
0.227279
0.224502
0.224476
0.224463
0.224467
0.224461
0.0579034
0.062249
0.0622572
0.226297
0.224514
0.221744
0.224523
0.224514
0.223233
0.218881
0.214754
0.209877
0.214781
0.214761
0.218647
0.222254
0.21971
0.219719
0.222001
0.224489
0.220949
0.220406
0.219626
0.219615
0.219871
0.0666023
0.0709473
0.0709567
0.204976
0.219709
0.219697
0.216934
0.219697
0.218413
0.214862
0.214809
0.21015
0.21044
0.214837
0.204755
0.2149
0.217445
0.215923
0.214917
0.219662
0.215851
0.214863
0.214808
0.21529
0.214753
0.214759
0.0753012
0.0796456
0.0796562
0.200036
0.214901
0.213365
0.212889
0.214884
0.210048
0.209973
0.20507
0.208998
0.200207
0.200108
0.212132
0.210097
0.212389
0.210115
0.210049
0.210012
0.209969
0.209929
0.209869
0.209892
0.0840001
0.088344
0.0883557
0.195044
0.195445
0.210097
0.209319
0.209099
0.20856
0.205242
0.205192
0.204374
0.200308
0.195487
0.195857
0.206458
0.208089
0.205301
0.205321
0.204975
0.206207
0.206506
0.205896
0.205578
0.20501
0.0970552
0.0970423
0.092699
0.105741
0.190025
0.190488
0.190518
0.205302
0.205279
0.205314
0.203764
0.200448
0.200387
0.1956
0.191463
0.202799
0.200529
0.203298
0.200514
0.200532
0.200109
0.200028
0.201396
0.200492
0.201707
0.200303
0.199695
0.105755
0.105748
0.114439
0.114454
0.184975
0.185691
0.185065
0.185245
0.200514
0.197225
0.195677
0.192186
0.189858
0.198265
0.195747
0.197759
0.19574
0.195743
0.198536
0.195052
0.195194
0.195596
0.195719
0.19568
0.195484
0.194841
0.114447
0.123137
0.123154
0.179844
0.180175
0.185187
0.180971
0.180658
0.193987
0.19247
0.18859
0.190969
0.193482
0.190975
0.190977
0.190958
0.185032
0.190042
0.190271
0.190856
0.19098
0.190936
0.190701
0.190495
0.127495
0.131835
0.131853
0.174692
0.175672
0.180628
0.176907
0.175959
0.187983
0.186263
0.186252
0.186193
0.188437
0.186179
0.186176
0.180441
0.181607
0.187008
0.184944
0.185329
0.18568
0.187145
0.187485
0.186719
0.136193
0.140534
0.140552
0.14923
0.149255
0.171002
0.169529
0.164493
0.176246
0.175984
0.172758
0.172178
0.183247
0.181436
0.18148
0.181393
0.183627
0.181324
0.176985
0.176798
0.183076
0.179812
0.180401
0.18144
0.181377
0.181641
0.182524
0.149243
0.157937
0.157939
0.172455
0.159977
0.156232
0.167024
0.163268
0.172953
0.172805
0.169606
0.168306
0.178516
0.176536
0.17646
0.177574
0.178779
0.171965
0.171692
0.178453
0.174574
0.175825
0.176432
0.176895
0.177136
0.17716
0.162289
0.166641
0.166629
0.167922
0.155258
0.160377
0.16546
0.163332
0.168652
0.169119
0.166573
0.165469
0.164733
0.167191
0.173765
0.171409
0.171432
0.173724
0.166536
0.16623
0.173877
0.169476
0.171064
0.17175
0.17339
0.172841
0.172133
0.160136
0.156596
0.170851
0.183777
0.175314
0.17522
0.162959
0.161486
0.163469
0.16515
0.164603
0.164028
0.158724
0.161673
0.161158
0.170217
0.166192
0.166557
0.160575
0.161317
0.167937
0.1683
0.16468
0.16678
0.169105
0.168679
0.16919
0.164746
0.180513
0.165549
0.165259
0.191272
0.183196
0.183394
0.198656
0.155623
0.164233
0.166917
0.162428
0.16257
0.164057
0.154758
0.159249
0.156156
0.164826
0.161309
0.156285
0.154434
0.166547
0.16353
0.164638
0.15993
0.163847
0.16305
0.16688
0.16547
0.172098
0.197864
0.186327
0.178303
0.194174
0.190761
0.200133
0.202234
0.149829
0.151113
0.17287
0.167409
0.158683
0.160381
0.161056
0.151266
0.147924
0.15996
0.15504
0.150353
0.165146
0.159107
0.160389
0.163059
0.162824
0.156293
0.160457
0.163953
0.182053
0.198429
0.191305
0.197334
0.205277
0.144188
0.14485
0.177493
0.165559
0.158563
0.153155
0.144913
0.143755
0.140173
0.154064
0.141972
0.148409
0.164037
0.153865
0.155934
0.160366
0.164175
0.163637
0.161389
0.15515
0.162364
0.201216
0.214738
0.211701
0.19036
0.132479
0.137416
0.164475
0.149801
0.134157
0.13631
0.132079
0.147783
0.133212
0.140377
0.160684
0.149309
0.15256
0.157189
0.165617
0.169072
0.164878
0.157267
0.163558
0.151917
0.255994
0.15654
0.126097
0.124831
0.124616
0.145225
0.129927
0.11904
0.125937
0.124168
0.140693
0.131651
0.153849
0.14481
0.1596
0.168222
0.1762
0.171856
0.170138
0.164971
0.166239
0.131344
0.135194
0.123178
0.115379
0.11177
0.116033
0.106126
0.104808
0.0992786
0.111914
0.11351
0.117326
0.131809
0.148422
0.133653
0.155353
0.180116
0.183084
0.179845
0.123645
0.180583
0.170212
0.108927
0.0848515
0.0858862
0.0953104
0.100085
0.0939204
0.0896203
0.0863878
0.0926566
0.100982
0.113935
0.138826
0.150312
0.202083
0.198273
0.191624
0.110739
0.170667
0.120215
0.198701
0.250927
0.0752138
0.0595349
0.0325687
0.0561313
0.0669069
0.0768077
0.0741497
0.0702754
0.0736803
0.081016
0.097021
0.133735
0.214244
0.199552
0.140557
0.102569
0.125399
0.110854
0.20368
0.212566
0.0567298
0.0534237
0.00819408
0.0339516
0.0467526
0.0479907
0.0502712
0.0383322
0.0560162
0.0739649
0.205963
0.20088
0.0832505
0.0799585
0.0858976
0.197999
0.196795
0.0313673
0.0288318
0.0267994
-0.0172241
0.0084601
0.0043649
0.0267709
0.0207445
0.0262162
0.0211579
0.0412593
0.0567231
0.0579009
0.195962
0.0599888
0.0561555
0.191591
0.191009
-0.0393078
0.0163803
0.00757014
-0.0380763
-0.0143995
-0.0149447
-0.00245203
-0.000268745
0.0138774
0.00639148
0.0289284
0.0305138
0.190605
0.0320169
0.0332041
0.0128711
0.183427
0.183813
0.183258
-0.0606409
-0.0601644
-0.0824947
-0.00433333
-0.063929
-0.0149598
-0.0505124
-0.0145113
-0.0331856
-0.0148037
-0.00752921
-0.0092768
0.0119174
0.0104388
-0.00274046
0.00792312
-0.0145396
0.175326
0.175421
0.170936
-0.0823381
-0.104527
-0.0250467
-0.0821104
-0.0657153
-0.037214
-0.0371211
-0.0370992
-0.0362091
-0.0229037
-0.017068
-0.0186423
-0.0149397
-0.037127
0.166704
0.166717
0.16237
-0.0943062
-0.106466
-0.126613
-0.049362
-0.0595055
-0.0951918
-0.0819671
-0.0595551
-0.0513877
-0.0372846
-0.0395629
-0.0379726
-0.0534894
0.158017
0.158015
0.149315
-0.108382
-0.148781
-0.128619
-0.0717136
-0.0818627
-0.110329
-0.0899983
-0.0737633
-0.0556956
-0.0602482
-0.0606512
-0.0758724
0.149328
0.149304
0.14062
0.140612
-0.170966
-0.126556
-0.148777
-0.170966
-0.132573
-0.0940257
-0.104164
-0.134565
-0.112299
-0.104187
-0.098166
-0.0780467
-0.0802795
-0.0824885
0.140603
0.131918
0.1319
0.127557
-0.193122
-0.215252
-0.237279
-0.193144
-0.1528
-0.17501
-0.148746
-0.116321
-0.156826
-0.136577
-0.259166
-0.126488
-0.126463
-0.104325
-0.126532
-0.102419
-0.104474
0.123214
0.123197
0.118854
-0.280845
-0.215304
-0.239447
-0.193185
-0.19322
-0.177045
-0.148718
-0.175035
-0.158843
-0.261563
-0.142662
-0.14872
-0.15782
-0.144694
-0.126573
-0.126586
0.11451
0.114495
0.11015
-0.302354
-0.283816
-0.344506
-0.323364
-0.219431
-0.241685
-0.21547
-0.170977
-0.193249
-0.170986
-0.181112
-0.259902
-0.282366
-0.170961
-0.170936
-0.158825
-0.146723
-0.148734
0.105806
0.105792
0.0970961
-0.376575
-0.406127
-0.30417
-0.324939
-0.305163
-0.371548
-0.347917
-0.237759
-0.223631
-0.189187
-0.203384
-0.193259
-0.266234
-0.288844
-0.193203
-0.189105
-0.170906
-0.170915
0.0971025
0.0970896
0.0883988
0.0883929
-0.73928
-0.527978
-0.489236
-0.411299
-0.305424
-0.332599
-0.323348
-0.363056
-0.245937
-0.220617
-0.237849
-0.207413
-0.215544
-0.215452
-0.268309
-0.286641
-0.304982
-0.211313
-0.193081
-0.193041
0.0883871
0.0796951
0.0796898
-0.73928
-0.480056
-0.461007
-0.396468
-0.328026
-0.384685
-0.352208
-0.325283
-0.260163
-0.250032
-0.232776
-0.229718
-0.231671
-0.282435
-0.304626
-0.237585
-0.215148
-0.215231
0.0796845
-0.237357
0.0709913
0.070982
0.0666348
-0.73928
-0.444006
-0.378728
-0.385798
-0.346428
-0.368902
-0.344126
-0.324903
-0.254032
-0.272378
-0.252045
-0.304643
-0.255819
-0.237138
-0.25743
0.0622876
0.0622794
0.0579316
-0.73928
-0.431897
-0.312461
-0.388266
-0.361588
-0.342301
-0.321635
-0.27652
-0.282628
-0.305035
-0.2825
-0.259005
-0.279584
0.0535839
0.0535768
0.0492285
-0.73928
-0.321845
-0.410904
-0.37073
-0.362077
-0.345517
-0.32287
-0.305489
-0.305569
-0.302235
-0.280581
0.0448802
0.0448743
0.0405254
-0.73928
-0.282475
-0.410764
-0.367462
-0.367407
-0.351635
-0.341504
-0.33284
-0.321255
-0.301921
0.0361764
0.0361717
0.0318222
-0.73928
-0.290873
-0.425825
-0.382229
-0.381155
-0.361873
-0.342135
-0.324154
0.0274727
0.0274692
0.0231191
-0.73928
-0.315218
-0.453889
-0.389159
-0.404091
-0.36908
-0.371257
-0.345907
0.018769
0.0187666
0.0100647
-0.73928
-0.372345
-0.465528
-0.417019
-0.375225
-1.55992e-16
-1.98625e-16
0.0100652
0.0100641
-0.446461
-0.73928
-0.494063
-0.401465
-0.73928
-0.533782
-0.73928
