0.64687
0.64687
0.676631
0.64687
0.64687
0.673544
0.64687
0.64687
0.64687
0.64687
0.665222
0.659389
0.64687
0.64687
0.64687
0.64687
0.677147
0.6711
0.659573
0.676929
0.64687
0.64687
0.678041
0.64687
0.678459
0.64687
0.67902
0.64687
0.682442
0.64687
0.677206
0.659351
0.660747
0.660984
0.675434
0.665347
0.64687
0.64687
0.677677
0.67845
0.673202
0.661455
0.661959
0.657408
0.663909
0.664343
0.664293
0.67585
0.675153
0.665075
0.665123
0.677707
0.66586
0.676964
0.665246
0.666972
0.659373
0.656904
0.654363
0.655682
0.661609
0.661665
0.671604
0.662295
0.660759
0.662559
0.657916
0.654564
0.661988
0.661865
0.663848
0.661902
0.663955
0.663715
0.664732
0.660349
0.665138
0.663906
0.663373
0.659345
0.652983
0.649976
0.651124
0.660286
0.656721
0.658451
0.661795
0.657508
0.657845
0.65502
0.649205
0.659211
0.656858
0.659681
0.65979
0.657444
0.660539
0.656978
0.660176
0.656834
0.658608
0.66104
0.654419
0.647678
0.645376
0.645958
0.65539
0.653057
0.653981
0.65586
0.652482
0.653767
0.650413
0.647229
0.644068
0.653833
0.652789
0.653622
0.6545
0.65654
0.652874
0.654884
0.654326
0.654519
0.649973
0.643606
0.642696
0.640751
0.640921
0.651181
0.648293
0.649277
0.650491
0.64727
0.648965
0.645403
0.642988
0.639514
0.649331
0.646356
0.64997
0.648151
0.649992
0.650811
0.650676
0.648584
0.650491
0.647174
0.65024
0.645417
0.643916
0.639407
0.637773
0.636092
0.63576
0.63493
0.64599
0.642714
0.644094
0.64671
0.643316
0.644224
0.641457
0.63871
0.634403
0.644853
0.642623
0.643942
0.64525
0.645307
0.645959
0.644275
0.643891
0.644613
0.640765
0.639425
0.634607
0.634307
0.631418
0.630574
0.630841
0.626659
0.630322
0.637789
0.640949
0.639866
0.640961
0.639337
0.630081
0.639446
0.634652
0.640358
0.63888
0.640615
0.640636
0.640646
0.63997
0.641085
0.639711
0.636099
0.634617
0.634565
0.631122
0.62674
0.626704
0.626676
0.622002
0.626652
0.621994
0.626651
0.636142
0.63615
0.635333
0.629847
0.634887
0.625921
0.635851
0.631323
0.635118
0.635992
0.636001
0.635871
0.636219
0.635534
0.631421
0.631375
0.631342
0.622056
0.622035
0.622015
0.617348
0.617338
0.617331
0.621992
0.621994
0.631322
0.631317
0.628624
0.629615
0.625807
0.631335
0.626664
0.631351
0.63136
0.631364
0.631349
0.631359
0.621998
0.626738
0.626463
0.626194
0.613407
0.617375
0.617361
0.613169
0.610701
0.613647
0.617328
0.617328
0.625934
0.625682
0.626676
0.622003
0.622002
0.622
0.626669
0.626682
0.626684
0.626681
0.626676
0.61733
0.622053
0.622035
0.622019
0.608
0.608005
0.612697
0.61244
0.612662
0.607996
0.61266
0.612661
0.622008
0.622007
0.617332
0.619303
0.619177
0.619053
0.622002
0.622866
0.622009
0.622992
0.612662
0.61737
0.617113
0.616857
0.604308
0.604066
0.608011
0.603824
0.608017
0.607993
0.603323
0.607991
0.607991
0.616604
0.617334
0.612663
0.616105
0.616353
0.615859
0.619055
0.61586
0.617335
0.619302
0.607991
0.612689
0.612683
0.612676
0.600497
0.600868
0.600871
0.603339
0.600874
0.603582
0.600372
0.597422
0.603321
0.604795
0.6016
0.612671
0.612663
0.607992
0.612665
0.609964
0.612667
0.611926
0.612663
0.612664
0.604673
0.607511
0.60801
0.607761
0.59767
0.593982
0.597918
0.598664
0.598167
0.598415
0.59398
0.597175
0.601354
0.596929
0.607262
0.607992
0.60455
0.607994
0.607013
0.607993
0.607993
0.607992
0.601108
0.594102
0.603329
0.603331
0.603333
0.590538
0.593983
0.590293
0.593985
0.593988
0.593987
0.590783
0.587587
0.596682
0.593855
0.603325
0.603327
0.603321
0.600862
0.603323
0.603322
0.603321
0.596436
0.591028
0.598654
0.598655
0.598657
0.598657
0.587465
0.590049
0.587343
0.589804
0.589314
0.589559
0.584636
0.587709
0.584636
0.591273
0.594964
0.598651
0.598653
0.59865
0.596191
0.598651
0.59865
0.591519
0.591765
0.587831
0.592013
0.594719
0.594474
0.594229
0.593983
0.584637
0.584638
0.58464
0.584639
0.58464
0.579964
0.579964
0.584635
0.579963
0.587954
0.589308
0.592136
0.595209
0.593979
0.593978
0.593978
0.588077
0.5882
0.589306
0.584635
0.586603
0.589309
0.589308
0.589309
0.589309
0.579965
0.579965
0.579967
0.579966
0.579966
0.575292
0.575292
0.576029
0.576152
0.579963
0.576274
0.584634
0.58648
0.589307
0.589307
0.589307
0.584634
0.584634
0.579963
0.583652
0.583898
0.584636
0.584144
0.58439
0.575293
0.571603
0.575293
0.575293
0.575293
0.571849
0.572095
0.57234
0.576397
0.572586
0.579962
0.584635
0.583406
0.584635
0.579962
0.579963
0.579963
0.579963
0.57652
0.579963
0.579963
0.579963
0.579963
0.567177
0.57062
0.571358
0.568653
0.565947
0.571112
0.570866
0.567422
0.567668
0.567914
0.572832
0.568159
0.576643
0.579963
0.576766
0.576889
0.57652
0.575291
0.573077
0.57529
0.570618
0.575291
0.575291
0.575291
0.562504
0.56275
0.565948
0.566194
0.565947
0.562258
0.565948
0.562996
0.563241
0.563487
0.568405
0.563733
0.573323
0.573815
0.573569
0.570618
0.568651
0.570618
0.56779
0.567913
0.570618
0.570618
0.570618
0.55943
0.559553
0.559676
0.561275
0.561521
0.561767
0.559308
0.562013
0.556602
0.559799
0.559922
0.560045
0.560167
0.563979
0.568897
0.569143
0.564717
0.561151
0.564225
0.565946
0.564962
0.565208
0.565454
0.5657
0.561274
0.556602
0.556602
0.556602
0.556603
0.556603
0.556603
0.556603
0.553897
0.553774
0.556602
0.556602
0.556602
0.558569
0.558323
0.564471
0.557831
0.561274
0.561397
0.561274
0.561274
0.561274
0.561274
0.554757
0.557585
0.553405
0.553651
0.553528
0.5507
0.55193
0.55193
0.55193
0.551192
0.550946
0.547258
0.553282
0.553159
0.554634
0.556601
0.552052
0.55488
0.55488
0.558077
0.551929
0.556847
0.557339
0.551929
0.557093
0.554634
0.549962
0.547134
0.550208
0.550454
0.547258
0.547258
0.547258
0.54443
0.544553
0.547258
0.547258
0.549716
0.54947
0.549224
0.551929
0.551929
0.548979
0.551929
0.548978
0.549101
0.549224
0.551929
0.551929
0.544798
0.544552
0.544307
0.545782
0.541356
0.542585
0.542339
0.541602
0.541848
0.542093
0.545044
0.54529
0.537913
0.541355
0.547257
0.547011
0.545536
0.545782
0.546273
0.546028
0.546519
0.546765
0.540618
0.535946
0.540864
0.54111
0.537913
0.537913
0.533241
0.537913
0.537913
0.537913
0.537913
0.541478
0.541601
0.534347
0.537913
0.542585
0.542585
0.541724
0.542585
0.542155
0.542585
0.542585
0.542585
0.533363
0.530535
0.533241
0.536191
0.536437
0.530413
0.530536
0.533241
0.533241
0.533241
0.533241
0.537913
0.537913
0.537913
0.530781
0.53324
0.538158
0.537913
0.537913
0.537913
0.537913
0.537913
0.527031
0.527216
0.527339
0.53029
0.531765
0.523896
0.527585
0.527831
0.528076
0.528568
0.528322
0.53324
0.53324
0.53324
0.528568
0.532994
0.53324
0.53324
0.53324
0.53324
0.532748
0.526847
0.523896
0.523896
0.523896
0.527093
0.524019
0.520453
0.520207
0.523896
0.523896
0.523896
0.523896
0.528568
0.523896
0.528568
0.528568
0.523896
0.528568
0.528568
0.528568
0.528568
0.528568
0.528568
0.520945
0.520453
0.520576
0.520761
0.520699
0.517502
0.517379
0.517256
0.519961
0.514551
0.519715
0.51947
0.519224
0.523896
0.52033
0.523896
0.519777
0.523896
0.52365
0.523404
0.523896
0.523896
0.523158
0.516764
0.517502
0.51701
0.517256
0.51406
0.514551
0.514551
0.514551
0.510863
0.514551
0.514551
0.514551
0.519224
0.513199
0.519224
0.519224
0.516519
0.519224
0.519224
0.519224
0.519224
0.519224
0.513322
0.513568
0.513445
0.509879
0.509879
0.509879
0.510617
0.507912
0.505207
0.510371
0.509879
0.510125
0.514551
0.509879
0.509879
0.514551
0.514551
0.514551
0.514551
0.514551
0.514551
0.514551
0.509879
0.509879
0.509879
0.505207
0.505207
0.505207
0.505207
0.502379
0.505207
0.502502
0.505207
0.505207
0.505207
0.509879
0.505207
0.505207
0.509879
0.509879
0.510617
0.505207
0.509879
0.509879
0.507051
0.507174
0.509879
0.505207
0.501764
0.501887
0.500534
0.500534
0.499305
0.499551
0.500534
0.499797
0.500043
0.500289
0.505207
0.501641
0.501518
0.503977
0.506682
0.501026
0.500534
0.504961
0.504715
0.504223
0.500534
0.504469
0.498567
0.498075
0.498321
0.495739
0.495862
0.495862
0.495862
0.492911
0.495862
0.495862
0.495862
0.495862
0.500534
0.493649
0.497829
0.497584
0.497584
0.500534
0.494633
0.497706
0.500534
0.497829
0.500534
0.500534
0.493157
0.489469
0.493403
0.492911
0.49119
0.489714
0.492174
0.48996
0.491928
0.491436
0.491682
0.488977
0.495862
0.488731
0.493895
0.494141
0.491067
0.494387
0.49119
0.49119
0.494879
0.495616
0.495124
0.49537
0.48578
0.48621
0.486641
0.489223
0.489223
0.486518
0.486518
0.486518
0.486518
0.486518
0.486518
0.484058
0.484304
0.49119
0.488485
0.491313
0.488239
0.488116
0.488362
0.488485
0.49119
0.49119
0.49119
0.481845
0.481845
0.481845
0.483813
0.481845
0.481845
0.481845
0.481845
0.481845
0.480493
0.480616
0.480739
0.480862
0.48455
0.486518
0.484796
0.485042
0.485288
0.485534
0.48578
0.486026
0.486272
0.477173
0.477173
0.477173
0.477173
0.47914
0.477173
0.476927
0.476189
0.476435
0.476681
0.477173
0.477173
0.477173
0.477173
0.480985
0.481845
0.481108
0.481845
0.481845
0.481845
0.481845
0.481845
0.472501
0.472501
0.472501
0.472501
0.469673
0.472501
0.472501
0.472501
0.472501
0.472501
0.472501
0.472501
0.472501
0.472501
0.477173
0.477419
0.477173
0.477173
0.477173
0.477173
0.47496
0.477665
0.466599
0.46955
0.469427
0.469181
0.469304
0.466845
0.463156
0.467828
0.468074
0.467828
0.467828
0.469058
0.468935
0.468812
0.468689
0.472501
0.472501
0.472255
0.472501
0.472501
0.472501
0.472009
0.466107
0.463156
0.466353
0.465615
0.465861
0.463279
0.46205
0.460451
0.460328
0.463156
0.463156
0.463156
0.463156
0.465369
0.465123
0.464878
0.464632
0.467828
0.468259
0.467828
0.467828
0.467828
0.467828
0.467828
0.463156
0.463279
0.457254
0.460082
0.461927
0.460205
0.457008
0.460451
0.458484
0.457746
0.4575
0.457992
0.458484
0.458238
0.453812
0.453812
0.461804
0.461681
0.461558
0.461435
0.464386
0.463156
0.463156
0.463156
0.463156
0.458484
0.457008
0.458484
0.453812
0.453812
0.453812
0.453812
0.451107
0.453812
0.453812
0.453812
0.453812
0.450984
0.450738
0.458484
0.458484
0.458484
0.458484
0.458484
0.458484
0.458484
0.458484
0.453812
0.450738
0.453812
0.450246
0.450369
0.450492
0.450615
0.448156
0.448402
0.449631
0.449385
0.449139
0.444467
0.44791
0.444467
0.447664
0.453812
0.453812
0.453812
0.453566
0.453812
0.45332
0.449139
0.453812
0.449139
0.447418
0.450123
0.446434
0.44668
0.446926
0.447172
0.444467
0.444467
0.444467
0.444467
0.439795
0.439795
0.444037
0.439795
0.443606
0.449877
0.45
0.449139
0.449139
0.446311
0.446434
0.449139
0.449139
0.444467
0.443483
0.446188
0.4425
0.442254
0.44336
0.435122
0.439795
0.439795
0.439795
0.435122
0.435122
0.439795
0.435122
0.439795
0.445942
0.443237
0.444221
0.443483
0.443729
0.443975
0.439795
0.439795
0.442746
0.439672
0.43709
0.437336
0.439795
0.435122
0.431434
0.431188
0.435122
0.435122
0.430942
0.43168
0.435122
0.435122
0.43045
0.439795
0.439795
0.439795
0.439795
0.439795
0.439795
0.435368
0.436106
0.435122
0.436844
0.433647
0.43377
0.435122
0.43045
0.43045
0.427991
0.428237
0.427991
0.43045
0.430696
0.427991
0.427499
0.43045
0.43045
0.427376
0.424548
0.436352
0.435122
0.435614
0.43586
0.43045
0.433278
0.433155
0.43045
0.43045
0.43045
0.43045
0.42627
0.426024
0.425778
0.423565
0.424794
0.421106
0.42504
0.425286
0.425778
0.425532
0.424302
0.42713
0.427253
0.424057
0.421106
0.43045
0.43045
0.43045
0.43045
0.425778
0.427007
0.426639
0.426762
0.426884
0.421106
0.421843
0.420614
0.42086
0.421106
0.417417
0.421106
0.421106
0.421106
0.420368
0.423565
0.423811
0.420245
0.416433
0.422827
0.426516
0.425778
0.425778
0.422089
0.419138
0.423319
0.423073
0.416433
0.416433
0.416433
0.416433
0.411761
0.417171
0.414466
0.411761
0.416925
0.416679
0.416433
0.418892
0.416433
0.418647
0.418401
0.416433
0.412499
0.419384
0.422581
0.422335
0.419261
0.416433
0.41631
0.419138
0.412745
0.412007
0.411761
0.412499
0.412253
0.408564
0.408318
0.408072
0.411761
0.411761
0.411761
0.411761
0.413974
0.41422
0.412622
0.414466
0.40881
0.41631
0.419507
0.416433
0.412991
0.413482
0.413728
0.409917
0.409794
0.407089
0.407089
0.407089
0.407089
0.405244
0.40549
0.405367
0.405121
0.407826
0.407581
0.407335
0.407089
0.409794
0.409548
0.409302
0.409056
0.405613
0.402416
0.413236
0.41004
0.41004
0.407212
0.407089
0.407089
0.404261
0.402416
0.402416
0.402662
0.402908
0.402416
0.402416
0.402416
0.399343
0.402416
0.402416
0.402416
0.398728
0.402416
0.404384
0.40463
0.404876
0.402416
0.39922
0.407089
0.404138
0.404138
0.400695
0.401433
0.401187
0.397744
0.397744
0.397744
0.397744
0.398974
0.396023
0.396269
0.3959
0.39799
0.398482
0.398236
0.395777
0.397744
0.392949
0.397867
0.400449
0.400203
0.399957
0.395531
0.395777
0.394793
0.400941
0.397621
0.397744
0.397744
0.394056
0.393072
0.392826
0.393564
0.391105
0.39381
0.393072
0.393195
0.393133
0.390121
0.393072
0.393072
0.393072
0.393072
0.393072
0.390367
0.395039
0.395285
0.390613
0.391351
0.394547
0.394301
0.391228
0.3884
0.3884
0.3884
0.3884
0.3884
0.385695
0.3884
0.3884
0.386678
0.383727
0.3884
0.383727
0.3884
0.3884
0.3884
0.3884
0.383604
0.386432
0.391105
0.390859
0.388523
0.386186
0.385941
0.385572
0.388277
0.391473
0.3884
0.385449
0.383727
0.382744
0.379055
0.383481
0.383235
0.38299
0.383727
0.380776
0.380776
0.380899
0.377825
0.381022
0.383727
0.383727
0.383727
0.383727
0.377334
0.381022
0.381268
0.385695
0.382252
0.381514
0.382498
0.385203
0.382129
0.379055
0.379055
0.376227
0.37635
0.379055
0.379055
0.379055
0.379055
0.37758
0.374383
0.378071
0.374383
0.378317
0.379301
0.378563
0.379055
0.374506
0.37426
0.377088
0.376842
0.376596
0.379055
0.379055
0.373153
0.376104
0.374383
0.373399
0.36971
0.373645
0.374383
0.373891
0.374137
0.371186
0.37094
0.374383
0.370694
0.374383
0.374383
0.374383
0.371432
0.371678
0.371924
0.37217
0.372415
0.36971
0.372907
0.36971
0.366268
0.36971
0.366022
0.36971
0.36971
0.36971
0.368112
0.367989
0.367866
0.370448
0.367743
0.370202
0.36971
0.369956
0.368235
0.368358
0.368481
0.368727
0.368604
0.365038
0.366514
0.365038
0.363317
0.363194
0.363071
0.365776
0.36553
0.365038
0.365284
0.365038
0.365038
0.365038
0.365038
0.365038
0.365038
0.364792
0.365038
0.365038
0.365038
0.365038
0.360366
0.360366
0.360366
0.360366
0.360366
0.360366
0.360366
0.360366
0.360366
0.360366
0.360366
0.360366
0.360366
0.360366
0.360366
0.360366
0.360366
0.360366
0.360366
0.360366
0.355694
0.355694
0.355694
0.355694
0.355694
0.355694
0.355694
0.355694
0.355694
0.355694
0.355694
0.355694
0.351021
0.354464
0.356677
0.356431
0.356185
0.355694
0.35594
0.355694
0.355694
0.351021
0.351021
0.351021
0.351021
0.351021
0.351021
0.351021
0.351021
0.350284
0.35053
0.350775
0.351021
0.347087
0.346349
0.34721
0.353726
0.351021
0.351021
0.351021
0.351021
0.351021
0.351021
0.351021
0.346349
0.342414
0.346349
0.347333
0.347456
0.347702
0.347579
0.346349
0.346349
0.346349
0.346349
0.346349
0.343398
0.342906
0.343152
0.346349
0.341677
0.346349
0.33848
0.346349
0.346349
0.346349
0.346349
0.344382
0.338726
0.342537
0.343644
0.34389
0.344136
0.335529
0.34266
0.339341
0.339709
0.342415
0.341677
0.342169
0.341923
0.339955
0.339341
0.341677
0.338234
0.341677
0.335406
0.335283
0.341677
0.341677
0.341677
0.332332
0.338972
0.339709
0.339464
0.339218
0.332332
0.335775
0.337004
0.334299
0.337005
0.337005
0.337005
0.337005
0.335529
0.335283
0.331103
0.33516
0.337988
0.337742
0.332332
0.332332
0.337496
0.33725
0.337005
0.32766
0.32766
0.32766
0.334545
0.335037
0.334791
0.329873
0.330611
0.32766
0.331349
0.331594
0.33184
0.332332
0.332086
0.327783
0.330857
0.32766
0.332332
0.33307
0.328643
0.32766
0.332824
0.332332
0.332578
0.323971
0.323848
0.323725
0.322988
0.325447
0.330119
0.330365
0.325201
0.327537
0.324709
0.324832
0.324955
0.32766
0.32766
0.32766
0.32766
0.324463
0.321758
0.321389
0.325693
0.328398
0.322988
0.328152
0.32766
0.327906
0.320528
0.320283
0.320037
0.319545
0.319791
0.320774
0.324955
0.321512
0.317209
0.317086
0.318315
0.322004
0.32225
0.322988
0.322988
0.322988
0.318315
0.318315
0.318315
0.322988
0.319299
0.322988
0.322988
0.322988
0.316471
0.316963
0.31684
0.316717
0.316594
0.313643
0.315118
0.318315
0.313643
0.315487
0.31561
0.318315
0.318315
0.318316
0.318316
0.315364
0.315241
0.311922
0.312413
0.319053
0.313643
0.316348
0.318315
0.318807
0.318561
0.313643
0.313643
0.313643
0.313643
0.310323
0.3102
0.311676
0.309094
0.312659
0.312905
0.314135
0.313643
0.313889
0.308971
0.312168
0.308848
0.308971
0.310815
0.310938
0.313643
0.313643
0.313643
0.313643
0.310692
0.310446
0.310569
0.307003
0.306758
0.306512
0.308971
0.306266
0.30602
0.308971
0.308971
0.308971
0.305282
0.305528
0.305774
0.307741
0.307987
0.308233
0.308971
0.308479
0.309217
0.307495
0.303068
0.307249
0.302884
0.304299
0.303192
0.303069
0.302946
0.304545
0.302823
0.3027
0.305036
0.30479
0.302331
0.302454
0.302577
0.303314
0.30356
0.303806
0.304299
0.304052
0.299625
0.302823
0.299626
0.302577
0.299749
0.299626
0.299627
0.299626
0.299626
0.299626
0.299626
0.299626
0.299626
0.299626
0.299626
0.299626
0.299626
0.299625
0.299625
0.299626
0.299626
0.295936
0.296183
0.296429
0.294954
0.296675
0.294954
0.294954
0.294953
0.294954
0.294954
0.294954
0.294953
0.294954
0.294954
0.292248
0.294953
0.294953
0.29569
0.295445
0.295199
0.294954
0.292985
0.293108
0.293232
0.293355
0.290282
0.290282
0.290282
0.290527
0.290772
0.290282
0.290282
0.290282
0.286963
0.289542
0.290282
0.290281
0.289297
0.290281
0.290279
0.29028
0.29028
0.290281
0.29028
0.29028
0.28659
0.290281
0.287085
0.287207
0.283643
0.285609
0.285608
0.285607
0.28684
0.286717
0.286594
0.283398
0.285607
0.286347
0.28647
0.285607
0.285608
0.286344
0.286098
0.285853
0.285608
0.283638
0.286837
0.283762
0.279833
0.284133
0.283888
0.279955
0.280934
0.280935
0.280933
0.280933
0.282906
0.283152
0.282659
0.27971
0.276269
0.279217
0.280934
0.282412
0.282165
0.27626
-1.57072e-16
0.011664
-1.34813e-16
0.280932
0.280932
0.280933
0.280934
0.280933
0.280935
0.277243
0.276268
0.280199
0.280077
0.276266
0.276261
0.271585
0.276258
0.276259
0.276258
0.27257
0.272705
0.278972
0.276269
0.276145
0.276143
0.276262
0.279337
0.272819
0.269742
0.0217501
0.0116647
0.0116654
0.276995
0.276749
0.276503
0.27626
0.277491
0.27429
0.274415
0.272581
0.276264
0.272456
0.266906
0.271828
0.266903
0.272321
0.272074
0.269615
0.26691
0.269142
0.269388
0.273564
0.273317
0.269869
0.273068
0.266916
0.269632
0.0318361
0.0217514
0.0217528
0.271581
0.27158
0.271583
0.27158
0.271588
0.271584
0.267894
0.268894
0.268646
0.271592
0.262223
0.266903
0.261974
0.266906
0.264084
0.2642
0.26472
0.264474
0.269875
0.266805
0.266921
0.263968
0.264226
0.0419222
0.0318402
0.0318382
0.0419276
0.267643
0.267394
0.266904
0.267147
0.264938
0.265067
0.268145
0.264963
0.265205
0.265446
0.257534
0.261729
0.257532
0.261488
0.261158
0.261013
0.26125
0.260054
0.263977
0.260776
0.260297
0.0520082
0.0419249
0.052015
0.262226
0.26222
0.26222
0.262218
0.262233
0.262242
0.261818
0.261277
0.261393
0.252838
0.252837
0.257537
0.252847
0.257546
0.257597
0.2576
0.255146
0.25757
0.257558
0.254897
0.260537
0.256845
0.257471
0.0620943
0.0570547
0.0621024
0.257545
0.257532
0.257535
0.25753
0.257557
0.25757
0.257581
0.25759
0.248128
0.248133
0.248151
0.252862
0.248176
0.25288
0.252934
0.252939
0.251589
0.252898
0.252914
0.251459
0.254644
0.0721803
0.0671414
0.0721899
0.252861
0.252845
0.252833
0.252835
0.25288
0.252898
0.252914
0.248202
0.251209
0.248277
0.243401
0.243418
0.243451
0.243491
0.248204
0.243529
0.240803
0.248229
0.248281
0.248282
0.248277
0.24825
0.248266
0.0822664
0.0772281
0.0822773
0.248122
0.248175
0.248149
0.248129
0.248229
0.248986
0.244513
0.244792
0.245326
0.244975
0.245151
0.238649
0.238439
0.23825
0.238066
0.243565
0.240725
0.23788
0.243592
0.24363
0.243624
0.243612
0.0923525
0.0873149
0.0923647
0.243391
0.24366
0.241542
0.244228
0.243941
0.245062
0.238862
0.241707
0.241865
0.241899
0.241427
0.238848
0.241669
0.233868
0.233941
0.234034
0.234127
0.240639
0.237685
0.234205
0.240544
0.240327
0.240439
0.231471
0.102439
0.0974016
0.102452
0.238644
0.238682
0.238741
0.238804
0.236131
0.238942
0.236071
0.238907
0.236037
0.236546
0.236783
0.236289
0.229049
0.229182
0.228831
0.228723
0.231431
0.237477
0.234261
0.237255
0.237023
0.234451
0.228596
0.112525
0.107488
0.11254
0.233863
0.233689
0.233539
0.231902
0.233387
0.233227
0.22957
0.234305
0.233046
0.229644
0.229818
0.232624
0.232147
0.23239
0.224395
0.224169
0.224635
0.224823
0.228427
0.232841
0.231405
0.231657
0.224965
0.222256
0.122611
0.117575
0.122627
0.22904
0.229174
0.229326
0.227759
0.22751
0.229462
0.226843
0.226824
0.229683
0.226762
0.227037
0.226788
0.227261
0.219204
0.219611
0.219495
0.219528
0.225051
0.224959
0.228223
0.228
0.222257
0.219479
0.132697
0.127662
0.132714
0.224176
0.224144
0.224155
0.22239
0.222632
0.224098
0.22401
0.223856
0.223402
0.223637
0.220586
0.222877
0.223129
0.214268
0.214873
0.215399
0.215768
0.222066
0.222185
0.225205
0.218792
0.219323
0.21598
0.213394
0.142783
0.142802
0.137749
0.152869
0.152889
0.21924
0.219978
0.219622
0.215959
0.218502
0.218215
0.220254
0.220424
0.220514
0.217557
0.220625
0.217595
0.217772
0.217959
0.209325
0.210008
0.210533
0.210794
0.219081
0.216066
0.213391
0.216026
0.210804
0.162955
0.152879
0.162976
0.214271
0.215092
0.216456
0.215849
0.212996
0.213101
0.213256
0.216907
0.214889
0.214581
0.214206
0.213832
0.213514
0.204319
0.205741
0.206846
0.207456
0.212928
0.210552
0.209867
0.207628
0.207468
0.214093
0.173039
0.168008
0.173068
0.199445
0.209194
0.210167
0.210989
0.211478
0.209731
0.209659
0.209721
0.209865
0.211688
0.211674
0.210816
0.210451
0.210106
0.201828
0.203468
0.204328
0.204659
0.206664
0.207098
0.204489
0.183145
0.183121
0.18314
0.195029
0.198237
0.191481
0.204253
0.20581
0.206831
0.207456
0.206323
0.206139
0.206141
0.206351
0.207645
0.207495
0.207131
0.206712
0.200352
0.198259
0.201718
0.200349
0.200787
0.202001
0.202735
0.199621
0.2002
0.193216
0.193262
0.193225
0.203337
0.195452
0.190325
0.199634
0.203139
0.201571
0.203906
0.203956
0.201533
0.201406
0.201083
0.201107
0.201406
0.203483
0.202776
0.202037
0.198411
0.199552
0.199161
0.197387
0.196783
0.196954
0.196624
0.196783
0.203172
0.213036
0.203111
0.196442
0.192089
0.197365
0.198083
0.194976
0.198802
0.201632
0.20042
0.199968
0.195715
0.195107
0.196648
0.196816
0.199495
0.198489
0.199181
0.197981
0.198606
0.19421
0.195231
0.191752
0.191435
0.190101
0.212498
0.221821
0.216578
0.200195
0.199973
0.203924
0.195434
0.191735
0.19813
0.198032
0.199619
0.199002
0.189806
0.188512
0.191516
0.191497
0.194163
0.195433
0.20198
0.197747
0.191119
0.194424
0.186421
0.185298
0.185758
0.221445
0.229566
0.225388
0.206546
0.23631
0.231514
0.215367
0.212748
0.195316
0.190144
0.19849
0.199348
0.195416
0.197885
0.198527
0.183196
0.179436
0.186668
0.184627
0.189021
0.192358
0.19112
0.206764
0.200122
0.192975
0.188558
0.180353
0.1801
0.181104
0.227448
0.231783
0.216183
0.232756
0.225135
0.240261
0.224816
0.192608
0.198984
0.201071
0.192223
0.199813
0.196122
0.175833
0.177519
0.172085
0.183075
0.18474
0.187902
0.214857
0.198916
0.185594
0.173874
0.174229
0.167043
0.175593
0.200375
0.246052
0.233793
0.242318
0.225069
0.206355
0.204053
0.20637
0.1888
0.197851
0.167332
0.176032
0.1692
0.16359
0.177233
0.180472
0.198351
0.178612
0.162645
0.157966
0.168075
0.214496
0.21482
0.287692
0.196728
0.21696
0.217167
0.202513
0.183554
0.190645
0.157289
0.167501
0.159821
0.153794
0.16963
0.167522
0.171798
0.156442
0.151317
0.14754
0.225509
0.232021
0.171858
0.160482
0.239131
0.209616
0.184535
0.174796
0.145319
0.142576
0.156502
0.148887
0.131126
0.159519
0.1535
0.147477
0.139459
0.1343
0.121477
0.244414
0.232472
0.236143
0.12246
0.123478
0.294066
0.208776
0.169312
0.156777
0.129661
0.136201
0.138213
0.119628
0.147367
0.141496
0.117567
0.11195
0.108226
0.240519
0.244106
0.233842
0.229629
0.0977958
0.0945734
0.170649
0.159785
0.145757
0.137157
0.126933
0.123892
0.124687
0.1064
0.131041
0.0853805
0.0866073
0.0917878
0.0888976
0.121707
0.228409
0.229071
0.221735
0.0723521
0.069669
0.0711328
0.122095
0.120459
0.112973
0.108151
0.106402
0.105814
0.085489
0.0704573
0.0742117
0.0736078
0.0681321
0.221254
0.220903
0.212868
0.0517271
0.0478033
0.0502723
0.0981565
0.0945758
0.0917161
0.0865142
0.0887596
0.0526867
0.054625
0.0560366
0.057961
0.0377467
0.0535631
0.212412
0.207648
0.203182
0.0262026
0.0256396
0.0235658
0.0723423
0.0630111
0.0692842
0.0660459
0.0454457
0.0602991
0.0474851
0.0261258
0.0359602
0.0343533
0.0256686
0.0258617
0.202999
0.193111
0.193136
0.00404148
0.00341306
0.0020697
0.0477406
0.0481102
0.0482825
0.0314476
0.0329289
0.00421569
-0.0175563
0.0200689
0.019315
0.00417845
0.00420288
0.193133
0.18303
0.183034
0.18303
-0.0304132
-0.0180867
-0.0177492
-0.0185334
0.0273088
0.00803178
0.0236513
0.029759
-0.0450879
0.0101723
0.00421802
-0.0135508
-0.0312535
0.00414805
-0.0125794
0.172971
0.172955
0.172944
-0.043263
-0.0395639
-0.0397065
-0.0608534
-0.0607706
-0.00577918
0.00174612
-0.00608254
0.00542787
-0.0469794
-0.00963183
-0.0106091
-0.0292734
-0.0272926
-0.0234654
0.162885
0.162875
0.162864
-0.0597319
-0.0609473
-0.0610172
-0.0784398
-0.0764356
-0.0744432
-0.0216805
-0.018621
-0.0201817
-0.0489114
-0.025358
-0.0508856
-0.0381441
-0.0392054
-0.0393554
0.152804
0.152793
0.152783
-0.0724665
-0.0804365
-0.0823961
-0.092133
-0.091132
-0.0901316
-0.089138
-0.0395499
-0.039699
-0.0705131
-0.0528738
-0.0548968
-0.0569536
-0.0685975
0.142722
0.142712
0.142703
-0.0881568
-0.0852199
-0.10385
-0.103843
-0.103848
-0.103842
-0.103837
-0.103838
-0.0590238
-0.0610311
-0.0822992
-0.0706867
-0.069636
-0.0823303
0.13264
0.132631
0.132623
-0.103841
-0.103852
-0.125293
-0.125319
-0.125348
-0.125371
-0.125397
-0.125386
-0.14674
-0.0824402
-0.0824256
-0.103864
-0.0823788
0.122558
0.122542
0.12255
-0.1254
-0.1254
-0.1469
-0.146845
-0.146781
-0.144484
-0.141082
-0.142052
-0.168129
-0.103908
-0.125395
-0.103905
-0.103885
-0.125391
0.112477
0.112462
0.107428
-0.139108
-0.1401
-0.162576
-0.177239
-0.164432
-0.170177
-0.16067
-0.15677
-0.15873
-0.189434
-0.189637
-0.125392
-0.13811
-0.125389
-0.137111
0.102395
0.102381
0.0973472
-0.152805
-0.154797
-0.169511
-0.17634
-0.190053
-0.189882
-0.207585
-0.175404
-0.174426
-0.210538
-0.209094
-0.221213
-0.23157
-0.252283
-0.273215
-0.146862
-0.150808
-0.148817
-0.168406
0.0923131
0.0923009
0.0872661
-0.16847
-0.182249
-0.190149
-0.190138
-0.220573
-0.2058
-0.204852
-0.190146
-0.232575
-0.233353
-0.252441
-0.29514
-0.273184
-0.168286
-0.168324
-0.181167
-0.18007
0.0822313
0.0822204
0.077185
-0.195942
-0.206794
-0.197974
-0.21969
-0.23359
-0.234365
-0.221613
-0.32746
-0.341052
-0.24973
-0.25161
-0.270479
-0.319694
-0.291219
-0.189616
-0.191697
-0.193847
0.0721495
0.07214
0.0671039
-0.223528
-0.211679
-0.211487
-0.225518
-0.24741
-0.245073
-0.64687
-0.511679
-0.426998
-0.361948
-0.270008
-0.268966
-0.289344
-0.311543
-0.211145
-0.210813
-0.229281
0.0620677
0.0620596
0.0570228
-0.243073
-0.227479
-0.241319
-0.263275
-0.263035
-0.281791
-0.64687
-0.414168
-0.404427
-0.346055
-0.293405
-0.297187
-0.305956
-0.333484
-0.230558
-0.231668
-0.242377
-0.242979
0.051986
0.0519792
0.0469417
-0.26213
-0.255481
-0.258873
-0.280365
-0.288849
-0.64687
-0.337838
-0.389452
-0.337525
-0.314014
-0.321445
-0.254313
-0.252348
-0.255446
0.0419042
0.0418988
0.0318204
-0.281653
-0.272105
-0.272527
-0.277995
-0.297213
-0.312098
-0.64687
-0.283969
-0.320014
-0.367219
-0.323916
-0.270492
-0.273326
0.0318224
0.0217406
0.0318183
0.0217393
-0.301658
-0.290644
-0.309481
-0.315802
-0.321483
-0.64687
-0.333937
-0.254335
-0.361289
-0.293162
-0.29394
0.0116589
0.0217379
0.0116582
-0.326604
-0.315827
-0.339389
-0.326118
-0.356794
-0.64687
-0.259906
-0.319407
-0.32302
4.15826e-16
-4.66076e-16
0.0116575
-0.342507
-0.346094
-0.360921
-0.368547
-0.249935
-0.64687
-0.360664
-0.343991
-0.392345
-0.423605
-0.275431
-0.64687
-0.435979
-0.490254
-0.64687
-0.33248
-0.416402
-0.64687
-0.64687
-0.64687
