0.55446
0.55446
0.55446
0.55446
0.55446
0.55446
0.55446
0.617017
0.55446
0.55446
0.55446
0.55446
0.55446
0.617917
0.619536
0.55446
0.55446
0.55446
0.607131
0.612755
0.55446
0.55446
0.55446
0.62406
0.619318
0.617594
0.597864
0.614392
0.594603
0.596355
0.617217
0.620847
0.620439
0.620554
0.59667
0.597557
0.55446
0.606686
0.611144
0.615883
0.594584
0.592994
0.592478
0.619562
0.619162
0.597513
0.595125
0.599703
0.600213
0.596423
0.601288
0.594596
0.598006
0.597459
0.598123
0.59851
0.59845
0.599011
0.599572
0.593974
0.55446
0.60942
0.591893
0.595598
0.594926
0.593484
0.59528
0.59593
0.599821
0.598365
0.599501
0.597463
0.596103
0.597543
0.598174
0.595869
0.59463
0.593167
0.592483
0.599696
0.59892
0.594002
0.595398
0.591179
0.595616
0.592902
0.591258
0.589805
0.592809
0.58818
0.591048
0.594006
0.590882
0.594709
0.592345
0.591939
0.59349
0.593267
0.591573
0.590953
0.590031
0.587631
0.587169
0.592266
0.591556
0.590637
0.586881
0.589967
0.587077
0.588113
0.585427
0.584084
0.590015
0.587045
0.587647
0.586801
0.589633
0.588596
0.587963
0.590132
0.589873
0.586058
0.587344
0.586674
0.58528
0.58453
0.582664
0.583415
0.587687
0.586635
0.583028
0.585469
0.58313
0.581109
0.582456
0.579585
0.584475
0.581441
0.582682
0.585811
0.58432
0.583349
0.583757
0.584426
0.582539
0.582736
0.583272
0.581455
0.579645
0.579352
0.579029
0.582768
0.581066
0.578401
0.576614
0.574995
0.577837
0.57965
0.576639
0.578786
0.581336
0.581373
0.580044
0.578987
0.578835
0.579586
0.580874
0.579176
0.577713
0.57666
0.575282
0.57552
0.575344
0.576947
0.572777
0.576604
0.575272
0.573665
0.572106
0.570632
0.573648
0.576018
0.573231
0.574875
0.576777
0.575769
0.575835
0.574844
0.574937
0.575646
0.576424
0.57544
0.573661
0.570235
0.572112
0.571346
0.571224
0.569128
0.572105
0.570901
0.569885
0.567576
0.566232
0.566185
0.569394
0.571311
0.569807
0.57091
0.572176
0.571861
0.57154
0.571033
0.5709
0.571261
0.571271
0.570323
0.56705
0.567528
0.567086
0.567069
0.565431
0.566182
0.567573
0.56648
0.56304
0.562991
0.566914
0.562951
0.566372
0.56615
0.566917
0.567207
0.567226
0.567242
0.563659
0.566991
0.566923
0.562931
0.567102
0.566991
0.562912
0.562923
0.562476
0.56292
0.561727
0.562989
0.563037
0.558503
0.558711
0.557973
0.562911
0.562923
0.562911
0.562919
0.562941
0.560081
0.562941
0.562947
0.55925
0.562948
0.558425
0.558414
0.558472
0.558446
0.559125
0.558411
0.558501
0.553972
0.553934
0.553952
0.557715
0.559362
0.55841
0.556989
0.558424
0.556756
0.558427
0.555568
0.558423
0.556286
0.55463
0.553909
0.553933
0.553951
0.555328
0.551177
0.553905
0.552361
0.55397
0.549442
0.553207
0.549417
0.549429
0.55296
0.553905
0.553192
0.553908
0.552243
0.549393
0.553909
0.553908
0.55284
0.549441
0.548449
0.549892
0.549406
0.54919
0.549393
0.548207
0.544913
0.545145
0.549407
0.545375
0.549399
0.549395
0.549393
0.550344
0.548561
0.54571
0.547492
0.549394
0.549393
0.544906
0.544913
0.544886
0.544891
0.544898
0.544879
0.544882
0.544878
0.540389
0.540385
0.545836
0.544892
0.539905
0.543102
0.54607
0.54488
0.546779
0.544879
0.542027
0.543928
0.544879
0.540388
0.540384
0.540371
0.540379
0.541088
0.540365
0.540367
0.540363
0.535864
0.535866
0.540371
0.539662
0.535861
0.540368
0.540366
0.540364
0.538701
0.537513
0.540364
0.538224
0.535866
0.535625
0.536336
0.536805
0.535857
0.53585
0.534663
0.535848
0.531582
0.531345
0.535855
0.535852
0.531342
0.535858
0.53585
0.535848
0.532997
0.534185
0.533947
0.533471
0.531344
0.531343
0.53134
0.530866
0.531337
0.530147
0.531334
0.531332
0.526825
0.527062
0.526824
0.531336
0.531338
0.53134
0.531335
0.531333
0.528481
0.52967
0.529431
0.528956
0.526824
0.526824
0.526822
0.526823
0.52682
0.526819
0.526759
0.526699
0.527886
0.522306
0.522306
0.522305
0.522306
0.526819
0.526109
0.527772
0.525392
0.521591
0.526817
0.525153
0.526698
0.525569
0.524677
0.522306
0.523017
0.522305
0.522303
0.522302
0.523728
0.523965
0.52444
0.520756
0.517787
0.517788
0.517788
0.517787
0.522303
0.521352
0.521589
0.520637
0.517786
0.517787
0.522301
0.522301
0.521112
0.518263
0.517787
0.517787
0.517786
0.517785
0.517785
0.517784
0.513269
0.51327
0.51327
0.51327
0.512794
0.517786
0.517784
0.517785
0.516952
0.51422
0.512556
0.517784
0.517784
0.517784
0.513269
0.51327
0.513269
0.513268
0.513268
0.5141
0.510535
0.508752
0.508514
0.508752
0.508752
0.508752
0.513269
0.513268
0.511842
0.513268
0.508752
0.508752
0.513267
0.511128
0.513267
0.508752
0.508277
0.507801
0.507563
0.508751
0.510415
0.504235
0.504235
0.504235
0.508751
0.504473
0.504235
0.508752
0.507325
0.508751
0.505186
0.503522
0.508751
0.507681
0.506849
0.504235
0.504235
0.504235
0.504947
0.504234
0.504234
0.499717
0.500193
0.499718
0.499718
0.504234
0.49948
0.499718
0.499242
0.501501
0.504234
0.502808
0.50257
0.498767
0.504234
0.504234
0.501619
0.500431
0.500906
0.499718
0.501144
0.499717
0.497102
0.4952
0.495676
0.494963
0.4952
0.499717
0.497815
0.495201
0.495201
0.495201
0.498529
0.498053
0.498291
0.495201
0.4952
0.499717
0.497102
0.494487
0.496389
0.49425
0.4952
0.4952
0.490683
0.490683
0.490683
0.490683
0.490683
0.4952
0.495081
0.491634
0.491159
0.490683
0.49526
0.495319
0.4889
0.491872
0.493061
0.490683
0.490683
0.490683
0.490683
0.490683
0.490683
0.486166
0.486166
0.486166
0.486166
0.486166
0.486166
0.481649
0.490683
0.490683
0.492347
0.485453
0.486166
0.485691
0.490683
0.483432
0.486166
0.488544
0.486582
0.486166
0.486166
0.486166
0.486582
0.486998
0.481649
0.482125
0.481649
0.482363
0.481649
0.477132
0.486166
0.484027
0.486166
0.481649
0.480698
0.481174
0.48474
0.480461
0.483789
0.483314
0.481649
0.481649
0.482838
0.483076
0.479985
0.479748
0.478083
0.477132
0.477132
0.477132
0.476419
0.477132
0.472615
0.481649
0.48058
0.479985
0.477132
0.477132
0.477132
0.480223
0.474398
0.477132
0.479272
0.478797
0.477132
0.477132
0.477132
0.477251
0.477132
0.472615
0.472615
0.472615
0.472615
0.472615
0.472615
0.472378
0.468098
0.477132
0.47428
0.471664
0.472615
0.47214
0.474042
0.471427
0.474993
0.473566
0.472615
0.472615
0.472615
0.469049
0.468098
0.469287
0.468098
0.468336
0.468098
0.468098
0.467861
0.467623
0.463581
0.459064
0.470714
0.470951
0.468098
0.468098
0.468098
0.46691
0.470238
0.47
0.468098
0.468098
0.463581
0.464057
0.462868
0.464532
0.463581
0.463581
0.463819
0.463581
0.463581
0.463581
0.459064
0.454547
0.467147
0.466434
0.463581
0.463581
0.463581
0.465721
0.463581
0.463581
0.463581
0.459064
0.459064
0.459064
0.458351
0.458114
0.459064
0.458827
0.459064
0.459064
0.45003
0.45431
0.463581
0.462749
0.459064
0.459064
0.459778
0.459064
0.459064
0.4574
0.460134
0.454547
0.454547
0.454547
0.454547
0.454547
0.454547
0.454547
0.445514
0.454072
0.455261
0.45003
0.445514
0.449793
0.459064
0.459064
0.453597
0.454547
0.455974
0.451695
0.456687
0.454547
0.454547
0.450031
0.451219
0.450031
0.450031
0.450506
0.450031
0.450268
0.45003
0.440997
0.440997
0.45003
0.445514
0.44908
0.454547
0.454547
0.448842
0.450031
0.450031
0.445514
0.450031
0.450031
0.445514
0.445514
0.444087
0.445514
0.445514
0.4448
0.445514
0.445514
0.440997
0.43648
0.43648
0.43648
0.440521
0.445514
0.445514
0.450031
0.445514
0.446227
0.445514
0.440997
0.445514
0.443374
0.440283
0.440997
0.440997
0.440997
0.440997
0.440997
0.440997
0.43648
0.43648
0.431963
0.431725
0.431963
0.43648
0.440283
0.440997
0.445514
0.440997
0.442423
0.440997
0.439927
0.440997
0.43648
0.43648
0.43648
0.435529
0.43648
0.43648
0.43648
0.436242
0.432914
0.431963
0.431963
0.427446
0.427446
0.42697
0.431963
0.43648
0.43648
0.439332
0.43648
0.437431
0.43648
0.431963
0.431963
0.431963
0.431963
0.431963
0.431963
0.431963
0.429347
0.428634
0.428159
0.427446
0.422929
0.426732
0.422929
0.422929
0.431012
0.431963
0.433627
0.431963
0.431963
0.433864
0.428515
0.427446
0.428159
0.427446
0.427446
0.427921
0.427446
0.425068
0.422929
0.422929
0.422929
0.424355
0.418412
0.418649
0.427446
0.422929
0.422929
0.418887
0.427446
0.430298
0.426019
0.427446
0.42388
0.423642
0.418412
0.422929
0.422929
0.422929
0.422929
0.418412
0.418412
0.418412
0.418412
0.418412
0.413895
0.413895
0.422929
0.418412
0.419363
0.414608
0.413419
0.422988
0.425781
0.423047
0.422929
0.421027
0.418412
0.413895
0.418412
0.418412
0.417936
0.418412
0.413895
0.413895
0.414846
0.413895
0.414727
0.409378
0.409378
0.409378
0.418412
0.414846
0.412112
0.409378
0.418412
0.420076
0.418412
0.413895
0.413895
0.410566
0.413895
0.413895
0.413895
0.410329
0.410447
0.41128
0.409378
0.411042
0.404861
0.404861
0.404861
0.404861
0.413895
0.412706
0.408427
0.413895
0.411993
0.409853
0.409378
0.407119
0.409378
0.409378
0.409615
0.404861
0.40391
0.404861
0.407
0.406763
0.404861
0.400819
0.400344
0.400581
0.398442
0.401057
0.404861
0.409378
0.408189
0.407714
0.404861
0.407476
0.395827
0.405336
0.403672
0.404861
0.404861
0.404623
0.400344
0.400344
0.400344
0.400344
0.400344
0.401176
0.402959
0.395827
0.395827
0.395114
0.399393
0.401532
0.404029
0.404861
0.402246
0.39131
0.400344
0.398204
0.396897
0.400344
0.400344
0.39654
0.396302
0.397491
0.39654
0.395827
0.397015
0.397729
0.395827
0.39131
0.39131
0.39131
0.39131
0.395827
0.398917
0.400344
0.3944
0.395827
0.387031
0.386793
0.394757
0.393449
0.395827
0.395827
0.391785
0.392023
0.390359
0.392974
0.392736
0.39131
0.39131
0.39131
0.387268
0.387744
0.386793
0.391369
0.394163
0.391429
0.39131
0.382514
0.382276
0.39131
0.38917
0.39131
0.39131
0.386317
0.386793
0.386793
0.389646
0.385604
0.386793
0.386793
0.386793
0.386793
0.382276
0.382989
0.383227
0.380374
0.386793
0.388457
0.386793
0.377759
0.377759
0.377283
0.385723
0.386793
0.386793
0.382276
0.382276
0.382276
0.382276
0.382276
0.385129
0.382276
0.382395
0.382276
0.382276
0.381087
0.382276
0.377759
0.377759
0.382276
0.380374
0.373242
0.373242
0.373242
0.373242
0.382276
0.378234
0.377997
0.377759
0.37871
0.378948
0.378472
0.379423
0.379661
0.378829
0.377759
0.37657
0.377759
0.373242
0.373242
0.376095
0.375857
0.368725
0.368725
0.368487
0.368249
0.373123
0.377759
0.373955
0.373242
0.373004
0.374193
0.374668
0.373242
0.374906
0.375144
0.375381
0.373242
0.373242
0.367774
0.369914
0.370389
0.370627
0.364208
0.363495
0.363732
0.364208
0.37134
0.373242
0.371578
0.368725
0.368725
0.368725
0.368725
0.368725
0.368725
0.368725
0.368725
0.37134
0.368725
0.368725
0.364208
0.364208
0.367061
0.364208
0.359691
0.359691
0.359691
0.359691
0.359691
0.368844
0.365278
0.364208
0.364921
0.364921
0.364208
0.364683
0.364208
0.365397
0.364208
0.364208
0.36611
0.362781
0.359691
0.356363
0.362544
0.359691
0.359691
0.355174
0.355174
0.356125
0.355887
0.355649
0.36183
0.359572
0.360404
0.359691
0.361117
0.359691
0.359453
0.359691
0.359691
0.360642
0.355174
0.357551
0.359691
0.3566
0.352915
0.356838
0.355174
0.350895
0.350657
0.351608
0.350657
0.350182
0.354104
0.357789
0.357076
0.355174
0.355174
0.355174
0.355174
0.355174
0.354699
0.355174
0.350657
0.353272
0.352083
0.349468
0.348755
0.350657
0.34614
0.34614
0.345189
0.34614
0.34614
0.350657
0.354461
0.351489
0.350657
0.350657
0.350657
0.350657
0.350657
0.350657
0.34721
0.34614
0.348042
0.344951
0.34614
0.345189
0.344476
0.341623
0.341623
0.341623
0.341623
0.341623
0.350657
0.344713
0.347804
0.346853
0.347329
0.34614
0.346378
0.346615
0.34614
0.34614
0.342693
0.343763
0.341623
0.341563
0.341623
0.341504
0.341623
0.337106
0.337344
0.338057
0.337106
0.337106
0.341623
0.343049
0.341623
0.341623
0.341623
0.341623
0.342098
0.342336
0.339246
0.337106
0.337106
0.337106
0.338532
0.337106
0.337106
0.337106
0.332589
0.332589
0.332588
0.332588
0.332589
0.337106
0.337106
0.337106
0.337106
0.337106
0.337106
0.337106
0.332589
0.334966
0.332589
0.332589
0.332589
0.332589
0.334015
0.332589
0.332589
0.328072
0.328072
0.328071
0.328071
0.327596
0.333539
0.332589
0.332589
0.331875
0.332589
0.332589
0.328904
0.328072
0.330212
0.328072
0.328072
0.328072
0.328071
0.329498
0.328072
0.323555
0.323554
0.323554
0.32284
0.323078
0.328071
0.328071
0.328071
0.328072
0.328072
0.328071
0.325219
0.324626
0.323556
0.323556
0.324268
0.323556
0.322365
0.323555
0.321891
0.319037
0.319037
0.319036
0.319035
0.319036
0.319035
0.324505
0.324267
0.323554
0.323554
0.323555
0.323554
0.320702
0.321179
0.319039
0.319039
0.320464
0.319039
0.319038
0.318206
0.314518
0.315708
0.314517
0.314519
0.314992
0.31523
0.319987
0.319749
0.315593
0.319037
0.319035
0.319037
0.318798
0.317374
0.314523
0.312622
0.314521
0.314523
0.314522
0.314521
0.31095
0.310001
0.310236
0.31
0.309521
0.309998
0.307263
0.316419
0.316302
0.316895
0.312147
0.31333
0.314041
0.314519
0.314279
0.312858
0.310008
0.309888
0.310004
-1.58884e-15
6.34472e-16
0.310007
0.310006
0.308577
0.305484
0.305479
0.304529
0.305238
0.305476
0.304763
0.313803
0.313566
0.306563
0.30787
0.309997
0.309999
0.310001
0.309998
0.31
0.305484
0.307154
0.305492
0.305487
0.0133234
0.0133249
0.00727649
0.0248443
0.305492
0.304061
0.30549
0.300965
0.299484
0.300955
0.300956
0.30096
0.300952
0.300953
0.309998
0.303118
0.303356
0.305952
0.306191
0.30548
0.305479
0.305476
0.302154
0.302639
0.300979
0.299545
0.0248474
0.0248458
0.0363652
0.0363698
0.300978
0.298003
0.300975
0.296448
0.29503
0.296429
0.296425
0.297147
0.29644
0.296427
0.302861
0.298843
0.298605
0.301429
0.300242
0.300009
0.300955
0.300714
0.296448
0.299312
0.296466
0.296577
0.296513
0.0363675
0.0478861
0.0478923
0.296466
0.294799
0.291229
0.291919
0.290742
0.291655
0.291895
0.291907
0.291421
0.2954
0.294332
0.296427
0.296433
0.29644
0.296428
0.296425
0.293119
0.292906
0.293612
0.291941
0.0536496
0.059407
0.0594147
0.290058
0.290289
0.287429
0.287397
0.287415
0.287355
0.287353
0.287365
0.287379
0.29196
0.290892
0.291918
0.292375
0.291908
0.291893
0.291895
0.287454
0.288603
0.289347
0.289102
0.28743
0.0651713
0.0709279
0.0709372
0.286501
0.284595
0.283632
0.283828
0.282901
0.282807
0.282799
0.282827
0.28285
0.287453
0.287379
0.285623
0.28835
0.287365
0.287593
0.287353
0.284017
0.282901
0.282946
0.285781
0.282921
0.076693
0.0824488
0.0824597
0.282946
0.280093
0.279838
0.279308
0.278391
0.278488
0.278227
0.278282
0.277604
0.282951
0.28285
0.281925
0.282348
0.282807
0.282797
0.280584
0.279517
0.27839
0.279128
0.27856
0.281278
0.0939697
0.0882147
0.0939821
0.105491
0.278448
0.27678
0.273921
0.273118
0.272707
0.273843
0.273674
0.273632
0.273733
0.273075
0.276324
0.278319
0.278358
0.278278
0.278248
0.278233
0.275849
0.276087
0.273888
0.275341
0.275597
0.272397
0.105498
0.105505
0.117012
0.269398
0.272067
0.269439
0.269459
0.269342
0.269262
0.269084
0.269009
0.269178
0.272784
0.274504
0.273845
0.273673
0.273729
0.273636
0.269475
0.269397
0.271359
0.269437
0.269461
0.117019
0.117027
0.128532
0.266102
0.266878
0.264988
0.264969
0.265797
0.263144
0.264749
0.264333
0.264721
0.264148
0.269473
0.264929
0.269261
0.269343
0.269327
0.269177
0.269
0.264995
0.26497
0.267585
0.265812
0.128541
0.12855
0.140053
0.140072
0.25964
0.260487
0.263107
0.260409
0.260524
0.260265
0.260409
0.260079
0.259864
0.262172
0.264995
0.264852
0.261654
0.264616
0.264758
0.264351
0.264481
0.260506
0.259127
0.2624
0.140063
0.151574
0.151594
0.254906
0.257252
0.25772
0.257927
0.256112
0.254993
0.25654
0.255106
0.256036
0.262225
0.258883
0.258383
0.256098
0.255709
0.259482
0.259571
0.260555
0.259658
0.259616
0.25602
0.254154
0.255284
0.256049
0.157345
0.163095
0.163117
0.250112
0.250428
0.253931
0.254442
0.251736
0.250836
0.250692
0.25151
0.255663
0.254935
0.256016
0.252908
0.251733
0.255854
0.255591
0.255231
0.254887
0.250607
0.251501
0.251651
0.251557
0.168866
0.174616
0.174639
0.246163
0.24525
0.24689
0.250667
0.250012
0.248101
0.247014
0.247558
0.247369
0.251501
0.252621
0.248665
0.247226
0.246061
0.251159
0.251522
0.250891
0.250035
0.2469
0.247015
0.180388
0.186138
0.186161
0.240376
0.242033
0.242927
0.247562
0.244509
0.241416
0.24339
0.244403
0.243454
0.244451
0.244705
0.248416
0.245522
0.242735
0.242507
0.245235
0.247292
0.246748
0.24612
0.242223
0.240417
0.197654
0.197669
0.19769
0.239265
0.239964
0.23577
0.238098
0.236679
0.243488
0.238958
0.238236
0.239644
0.240775
0.237715
0.241064
0.242468
0.243404
0.243638
0.238221
0.238931
0.240552
0.241635
0.242504
0.237316
0.23638
0.237358
0.209193
0.209192
0.209174
0.236652
0.231491
0.234579
0.235067
0.232761
0.239635
0.235
0.233185
0.237291
0.235825
0.239602
0.240021
0.240038
0.232177
0.2332
0.234922
0.235763
0.235875
0.237885
0.239238
0.231541
0.220717
0.220705
0.220735
0.235479
0.22802
0.23193
0.234755
0.229443
0.226479
0.233879
0.228016
0.23516
0.230976
0.233734
0.237477
0.238006
0.237556
0.228073
0.228036
0.230649
0.23183
0.234278
0.234361
0.231416
0.23571
0.22515
0.232007
0.232269
0.232137
0.243376
0.235534
0.227036
0.232698
0.235574
0.228602
0.220211
0.222829
0.222036
0.2342
0.231637
0.226658
0.230703
0.235854
0.236238
0.231339
0.22453
0.226609
0.221045
0.225791
0.227552
0.234608
0.228214
0.231968
0.234566
0.217952
0.242538
0.242871
0.253142
0.25248
0.263461
0.238298
0.235053
0.240481
0.236723
0.250144
0.213055
0.217362
0.236016
0.217741
0.222542
0.230942
0.22773
0.23528
0.23043
0.221401
0.214313
0.220286
0.22291
0.2264
0.233267
0.234993
0.235317
0.226694
0.232919
0.209416
0.205439
0.252828
0.261704
0.268814
0.265745
0.240563
0.242503
0.248033
0.25576
0.206816
0.211168
0.211507
0.240127
0.230976
0.217983
0.22532
0.23641
0.231481
0.213139
0.20662
0.214264
0.216274
0.226646
0.236564
0.237
0.239066
0.229365
0.196359
0.197217
0.261238
0.2685
0.266776
0.247966
0.25193
0.260202
0.200115
0.203675
0.249592
0.208653
0.233331
0.222886
0.213637
0.236035
0.23744
0.205014
0.195002
0.205012
0.219162
0.207076
0.226156
0.247583
0.241944
0.245307
0.235813
0.188321
0.187622
0.186262
0.277771
0.28033
0.26961
0.192138
0.196369
0.26773
0.236845
0.20272
0.21889
0.238806
0.248664
0.194006
0.184956
0.194035
0.211971
0.198725
0.222122
0.255769
0.270804
0.258895
0.250651
0.174855
0.179163
0.168953
0.321813
0.182672
0.185601
0.232193
0.208041
0.194579
0.25932
0.231611
0.170955
0.179835
0.18579
0.190168
0.208162
0.320657
0.281087
0.265955
0.265083
0.159934
0.154777
0.169716
0.163436
0.209065
0.172694
0.175584
0.198582
0.183933
0.20945
0.197072
0.169859
0.165837
0.169219
0.183883
0.27721
0.268396
0.268947
0.147716
0.140821
0.150164
0.154319
0.161491
0.156624
0.156535
0.162146
0.161259
0.159822
0.151312
0.156606
0.263373
0.261354
0.262509
0.12682
0.12895
0.125592
0.134999
0.134239
0.137892
0.129063
0.136018
0.132565
0.137703
0.134571
0.131889
0.256939
0.252791
0.253332
0.114802
0.107766
0.114132
0.106643
0.117782
0.120514
0.112925
0.108989
0.110539
0.111745
0.113024
0.111873
0.110437
0.24734
0.242641
0.243192
0.093111
0.0958901
0.088424
0.0890874
0.0877726
0.0990644
0.101443
0.0894996
0.0890528
0.0896132
0.0879334
0.0893559
0.0916802
0.237151
0.231993
0.232159
0.0718569
0.0721159
0.0763159
0.0681202
0.0683636
0.0796954
0.0679359
0.0816851
0.0658823
0.0684319
0.0625864
0.0659972
0.0659581
0.067897
0.220648
0.226165
0.220644
0.0509471
0.0566202
0.0471839
0.0414627
0.0518893
0.0605182
0.0451436
0.0470773
0.0472302
0.0464202
0.0357672
0.0451742
0.0464252
0.209105
0.209104
0.214879
0.0260088
0.0204975
0.0262767
0.0186581
0.0338671
0.0261958
0.0275568
0.0252355
0.0298141
0.0137633
0.014877
0.19762
0.0251995
0.0256805
0.197586
0.1976
0.00528434
0.00515184
0.00538415
-0.00791815
0.0129552
-0.000408398
0.00680664
0.00480194
0.00134916
0.00492353
-0.00410624
-0.0155544
0.186091
0.00474986
0.186068
0.180322
-0.0138436
-0.0156418
-0.0155589
-0.0154766
-0.0230816
-0.0155056
-0.0156441
-0.0157973
-0.0157389
-0.020215
-0.0270025
-0.03636
-0.0364048
0.174576
-0.0157704
0.174552
0.168805
-0.0364464
-0.0306976
-0.0363256
-0.0363242
-0.0495869
-0.043914
-0.040193
-0.0383459
-0.0364813
-0.0514911
-0.053394
-0.064725
0.163057
-0.0364574
0.163035
0.157287
-0.0552943
-0.0571728
-0.0609645
-0.0571545
-0.0571537
-0.0779741
-0.0647328
-0.0572012
-0.0572003
-0.0656709
-0.0656675
-0.0779593
0.151539
-0.0571795
0.151519
0.14577
-0.0779227
-0.0987564
-0.07797
-0.0779588
-0.0779501
-0.098795
-0.0779811
-0.0874472
-0.0912276
-0.0779449
-0.0817179
0.140021
-0.0779137
0.140002
0.128494
-0.119572
-0.098715
-0.098659
-0.119631
-0.0930984
-0.0968021
-0.0949515
-0.112055
-0.10828
-0.0988157
-0.0986768
0.128502
-0.0986189
0.128485
0.116984
0.116976
-0.119477
-0.134738
-0.119381
-0.131047
-0.140496
-0.113905
-0.117526
-0.119512
-0.127228
-0.129129
-0.11935
-0.119303
0.116969
0.105466
0.105459
-0.140057
-0.139884
-0.148907
-0.16134
-0.136501
-0.169046
-0.151898
-0.140425
-0.140112
-0.140313
-0.142855
-0.145255
-0.13992
-0.182452
0.105452
0.0939477
0.0939415
-0.160263
-0.158866
-0.164991
-0.181304
-0.195751
-0.170876
-0.161418
-0.161348
-0.160795
-0.161165
-0.161414
-0.160401
-0.175574
-0.18219
-0.19801
0.0939353
0.0824295
0.082424
-0.180523
-0.181515
-0.193634
-0.211044
-0.217732
-0.191702
-0.17662
-0.186114
-0.179625
-0.190035
-0.180552
-0.199793
-0.216486
0.0824186
0.0709112
0.0709066
-0.200516
-0.200663
-0.236404
-0.210838
-0.228791
-0.227875
-0.246393
-0.213933
-0.20372
-0.203648
-0.202643
-0.208846
-0.20065
-0.220798
0.0709019
0.059393
0.0593891
-0.221094
-0.221207
-0.243455
-0.257811
-0.266159
-0.227733
-0.244061
-0.243624
-0.264101
-0.229126
-0.220377
-0.218151
-0.220244
-0.235112
-0.220892
0.0593852
0.0478747
0.0478716
-0.239834
-0.243405
-0.269362
-0.281651
-0.282744
-0.244248
-0.263633
-0.258147
-0.267257
-0.248008
-0.237802
-0.24079
-0.23778
-0.253743
-0.240257
0.0478685
-0.33608
-0.310091
0.0363565
0.0363542
-0.271402
-0.307424
-0.322791
-0.258985
-0.266887
-0.277342
-0.30711
-0.273538
-0.265443
-0.257155
-0.272376
0.0363519
-0.236595
-0.283945
-0.208764
0.0248352
0.0248383
0.0190776
-0.285921
-0.364519
-0.36937
-0.274824
-0.300628
-0.220076
-0.284006
-0.294263
-0.303557
-0.289361
-0.55446
-0.55446
-0.55446
-0.55446
0.0133185
0.01332
0.00727383
-0.460859
-0.55446
-0.310467
-0.202924
-0.55446
-0.335378
-0.346167
-0.379432
-0.448322
3.07849e-16
6.60308e-17
-0.55446
-0.55446
-0.236875
-0.55446
-0.283976
-0.373817
-0.55446
-0.55446
-0.55446
