0.9241
0.9241
0.9241
0.9241
0.9241
0.9241
0.9241
0.9241
0.9241
0.9241
0.876947
0.876739
0.9241
0.875511
0.9241
0.885596
0.880294
0.9241
0.875415
0.88355
0.882021
0.87938
0.888354
0.878294
0.878701
0.885704
0.885982
0.885372
0.9241
0.9241
0.9241
0.881074
0.9241
0.9241
0.9241
0.9241
0.885305
0.879842
0.889725
0.888066
0.882927
0.886347
0.885878
0.886616
0.875398
0.886533
0.880086
0.885561
0.879533
0.878583
0.879108
0.878959
0.877021
0.879439
0.878486
0.888098
0.881913
0.88792
0.875338
0.87788
0.876445
0.878741
0.883956
0.881128
0.879842
0.876435
0.879746
0.877274
0.874798
0.870775
0.874979
0.876083
0.877481
0.876536
0.876138
0.876745
0.87318
0.874831
0.886084
0.886582
0.879092
0.879826
0.876982
0.880955
0.886382
0.881289
0.874859
0.876022
0.875759
0.87246
0.873568
0.870614
0.873672
0.871076
0.869343
0.86541
0.872826
0.86904
0.871452
0.871491
0.872036
0.872528
0.869838
0.86848
0.869453
0.876671
0.879281
0.875954
0.876537
0.876173
0.873214
0.871596
0.870086
0.867612
0.865502
0.867501
0.865314
0.863884
0.860254
0.866453
0.862919
0.867063
0.867111
0.864392
0.865545
0.866529
0.863287
0.863429
0.871944
0.873497
0.872816
0.868314
0.871716
0.868624
0.869623
0.868561
0.867871
0.865345
0.86152
0.860337
0.861468
0.859323
0.857634
0.855175
0.853841
0.861948
0.858299
0.862574
0.863455
0.860606
0.860403
0.86014
0.858641
0.857696
0.858557
0.866545
0.867663
0.862987
0.866277
0.863521
0.864228
0.864382
0.855783
0.859391
0.855206
0.854559
0.85574
0.852137
0.850081
0.848562
0.857198
0.853359
0.858385
0.858088
0.856032
0.856967
0.853112
0.853984
0.85389
0.851819
0.853806
0.8621
0.858347
0.858364
0.859055
0.854041
0.858703
0.854515
0.850109
0.850739
0.850932
0.847254
0.853737
0.848586
0.845011
0.843588
0.848585
0.850296
0.853583
0.851451
0.850178
0.847776
0.849326
0.849067
0.847844
0.847884
0.849107
0.85656
0.849154
0.853762
0.854282
0.84967
0.845026
0.843633
0.846931
0.843756
0.849156
0.843883
0.83994
0.839698
0.843552
0.84745
0.843082
0.846171
0.845086
0.844232
0.843018
0.844539
0.843938
0.844393
0.845262
0.849646
0.844589
0.849402
0.844844
0.839942
0.838935
0.839451
0.84
0.84553
0.839978
0.840003
0.834869
0.834616
0.838667
0.841062
0.838396
0.839995
0.839998
0.837588
0.840006
0.840022
0.840016
0.842313
0.840031
0.834866
0.834362
0.834913
0.834105
0.84003
0.834889
0.835445
0.829795
0.829536
0.829276
0.833308
0.833576
0.837323
0.833039
0.834911
0.832504
0.83599
0.834921
0.834929
0.834925
0.836538
0.836273
0.830071
0.829789
0.829819
0.826876
0.829823
0.830352
0.829826
0.824719
0.824455
0.824728
0.829023
0.82889
0.828487
0.832238
0.828623
0.829826
0.831974
0.831177
0.829834
0.829834
0.831444
0.824986
0.824709
0.823929
0.823665
0.824738
0.824736
0.824728
0.81964
0.819641
0.819109
0.82474
0.824739
0.822599
0.827152
0.824741
0.825683
0.824744
0.824741
0.826084
0.824746
0.820178
0.819636
0.819629
0.819647
0.818579
0.819653
0.818313
0.814565
0.820451
0.814559
0.814292
0.814561
0.819653
0.819655
0.818583
0.819656
0.821531
0.819656
0.819652
0.819655
0.819656
0.814557
0.814561
0.814552
0.814548
0.814564
0.813759
0.814566
0.811486
0.811354
0.814564
0.809476
0.809209
0.808941
0.81564
0.812693
0.814568
0.814569
0.814568
0.814569
0.814567
0.814568
0.810549
0.810007
0.809475
0.809466
0.809469
0.808408
0.808675
0.807874
0.808141
0.804393
0.804125
0.803857
0.811624
0.807607
0.809481
0.809482
0.809482
0.809482
0.80948
0.809481
0.805462
0.804389
0.804387
0.804385
0.804383
0.80359
0.802788
0.804393
0.804394
0.799308
0.799308
0.799308
0.798505
0.806537
0.802521
0.804395
0.804395
0.8056
0.804393
0.804395
0.804394
0.800376
0.799304
0.799838
0.7993
0.799569
0.798506
0.798237
0.799308
0.797435
0.794223
0.793955
0.794222
0.794222
0.793152
0.801451
0.797168
0.799309
0.801718
0.800645
0.800245
0.799308
0.795022
0.795291
0.794218
0.794216
0.794217
0.794223
0.792884
0.792349
0.789138
0.78887
0.789137
0.789137
0.789137
0.796364
0.792082
0.794223
0.794223
0.794221
0.796096
0.794222
0.789937
0.790205
0.789133
0.789132
0.789132
0.789135
0.789137
0.789137
0.7882
0.784047
0.784052
0.784052
0.784052
0.783516
0.784051
0.782981
0.786996
0.791278
0.789137
0.789137
0.789136
0.79101
0.784049
0.784851
0.784583
0.784048
0.78405
0.784051
0.784051
0.780706
0.78191
0.77923
0.778963
0.778967
0.778966
0.778163
0.778431
0.778966
0.777895
0.784051
0.786192
0.784051
0.78405
0.785924
0.778964
0.780034
0.779766
0.778963
0.778965
0.77736
0.777092
0.778965
0.776824
0.773878
0.773878
0.773881
0.773881
0.77388
0.77281
0.773345
0.77388
0.78017
0.781106
0.778965
0.776289
0.773878
0.775217
0.774949
0.773878
0.773879
0.772274
0.772809
0.772006
0.77388
0.768792
0.76906
0.768792
0.768795
0.768527
0.768259
0.768795
0.767992
0.767456
0.773879
0.776021
0.771203
0.768793
0.770131
0.768793
0.769596
0.767188
0.768794
0.766921
0.766385
0.764242
0.763707
0.763707
0.763709
0.763709
0.763174
0.762906
0.763709
0.763709
0.768794
0.768794
0.766117
0.763707
0.764778
0.765314
0.765046
0.762103
0.762772
0.763708
0.761299
0.759425
0.759157
0.758889
0.758622
0.758623
0.758356
0.758088
0.75782
0.758623
0.758623
0.757017
0.763708
0.763708
0.761032
0.75996
0.758622
0.758622
0.760228
0.758623
0.758623
0.757418
0.753536
0.753536
0.753804
0.753536
0.753538
0.753538
0.753537
0.753538
0.753537
0.753537
0.750191
0.753671
0.755946
0.758622
0.753537
0.754875
0.752466
0.753537
0.750325
0.753537
0.753537
0.748451
0.748451
0.748451
0.748451
0.748452
0.748184
0.748452
0.747916
0.747649
0.748451
0.747113
0.746846
0.751128
0.751396
0.749388
0.749254
0.748451
0.745775
0.746578
0.748451
0.746042
0.744168
0.743901
0.743633
0.743365
0.743366
0.743098
0.742831
0.742295
0.743366
0.744704
0.743365
0.742028
0.74176
0.745507
0.745239
0.744971
0.740689
0.741492
0.740957
0.741224
0.738815
0.739083
0.73828
0.73828
0.73828
0.738013
0.737745
0.73828
0.737477
0.739886
0.73828
0.739618
0.736674
0.736942
0.740421
0.740154
0.735603
0.735871
0.736407
0.73721
0.734265
0.73373
0.733997
0.733462
0.733194
0.733195
0.732927
0.733195
0.733195
0.73025
0.733195
0.735068
0.7348
0.734533
0.732392
0.731856
0.735336
0.731856
0.731722
0.732258
0.733195
0.731187
0.731053
0.728109
0.728644
0.728109
0.728109
0.728109
0.728109
0.727574
0.727306
0.727038
0.729982
0.728109
0.729715
0.728109
0.728109
0.728109
0.728109
0.728109
0.728109
0.725968
0.728109
0.723826
0.723023
0.723023
0.723023
0.723023
0.723023
0.723023
0.723023
0.723023
0.721953
0.724897
0.723023
0.723023
0.723023
0.723023
0.723023
0.723023
0.723023
0.720882
0.723023
0.718741
0.718205
0.717938
0.717938
0.717938
0.717938
0.717938
0.717135
0.717938
0.716867
0.719142
0.719477
0.719811
0.719276
0.717938
0.714726
0.717938
0.717938
0.716064
0.715796
0.719008
0.713923
0.712852
0.712852
0.712852
0.712852
0.712852
0.712584
0.712317
0.712049
0.711781
0.711514
0.715261
0.714993
0.714726
0.712852
0.713655
0.711246
0.710443
0.710978
0.710711
0.708837
0.709105
0.708569
0.708302
0.708034
0.707766
0.707766
0.707766
0.707766
0.706963
0.707766
0.707766
0.710175
0.709908
0.70964
0.709372
0.70616
0.706562
0.705893
0.705625
0.705893
0.702681
0.703751
0.703484
0.702681
0.702681
0.702681
0.702681
0.702681
0.702145
0.701878
0.70161
0.702681
0.70509
0.704822
0.704554
0.702681
0.701075
0.702681
0.700539
0.700807
0.698933
0.698666
0.698398
0.69813
0.697863
0.697595
0.697595
0.697595
0.697595
0.696792
0.696524
0.697595
0.700004
0.699736
0.699469
0.697595
0.695989
0.697595
0.695454
0.695721
0.693848
0.69358
0.693312
0.692509
0.692777
0.69251
0.692509
0.692242
0.691707
0.691974
0.691439
0.687424
0.691171
0.694918
0.692509
0.694651
0.694383
0.690636
0.687558
0.690904
0.692509
0.691439
0.690502
0.689967
0.686353
0.687424
0.687424
0.687156
0.687424
0.687424
0.687424
0.687424
0.687424
0.687424
0.683141
0.687424
0.689833
0.687424
0.689565
0.687424
0.684212
0.683944
0.687424
0.686086
0.682338
0.682338
0.682338
0.682338
0.682338
0.683141
0.682338
0.682071
0.682874
0.680197
0.679394
0.682338
0.681
0.679795
0.682338
0.685015
0.685283
0.682338
0.680465
0.679929
0.682338
0.678323
0.678591
0.678056
0.677788
0.67752
0.677253
0.678189
0.678859
0.677253
0.677253
0.677253
0.67645
0.676182
0.677253
0.675379
0.675647
0.679394
0.679662
0.676048
0.675111
0.675379
0.672167
0.673238
0.672167
0.672167
0.672167
0.672167
0.674041
0.674308
0.672167
0.672167
0.672167
0.672167
0.671364
0.670293
0.671096
0.672167
0.671364
0.674576
0.672167
0.670026
0.66842
0.668152
0.667081
0.667081
0.667349
0.667081
0.668955
0.669223
0.667081
0.667081
0.667081
0.666546
0.666011
0.666278
0.667081
0.665208
0.667081
0.667081
0.667081
0.66494
0.661996
0.663066
0.662799
0.662531
0.661996
0.661996
0.663869
0.664137
0.661996
0.661996
0.661728
0.661996
0.661996
0.661193
0.661996
0.660122
0.660657
0.661996
0.661996
0.659854
0.659854
0.658248
0.65691
0.65691
0.65691
0.657178
0.65691
0.65691
0.658784
0.65691
0.65691
0.65691
0.656642
0.656375
0.656107
0.65691
0.655036
0.65691
0.65691
0.65691
0.654769
0.652895
0.651825
0.652628
0.65236
0.651825
0.651825
0.651825
0.652895
0.653698
0.651825
0.651824
0.651824
0.651022
0.651824
0.650754
0.651825
0.649951
0.651825
0.651825
0.649683
0.64781
0.647542
0.648077
0.647274
0.647542
0.647007
0.646739
0.647943
0.64888
0.648613
0.646739
0.646739
0.646739
0.646204
0.645668
0.646739
0.645802
0.645133
0.644598
0.646739
0.641653
0.645133
0.644598
0.644731
0.643259
0.641653
0.641653
0.642189
0.641653
0.641653
0.644062
0.641653
0.641653
0.640583
0.641653
0.641653
0.641118
0.640315
0.641653
0.640583
0.640047
0.639244
0.636568
0.641653
0.638174
0.636568
0.637371
0.637103
0.636568
0.636568
0.636568
0.636568
0.636568
0.636568
0.636568
0.636568
0.6363
0.635229
0.636568
0.636568
0.634962
0.634159
0.631482
0.636568
0.633088
0.631482
0.631482
0.632285
0.632017
0.63175
0.631482
0.631482
0.631482
0.631482
0.631214
0.631482
0.630679
0.630947
0.630144
0.631482
0.631482
0.629876
0.629073
0.626396
0.628002
0.626396
0.626396
0.626396
0.626932
0.626396
0.626396
0.627601
0.626396
0.626396
0.626129
0.626396
0.626396
0.625861
0.625058
0.626396
0.626396
0.62479
0.623987
0.621311
0.622917
0.622649
0.621311
0.621311
0.621846
0.621578
0.621311
0.62372
0.621311
0.621311
0.620775
0.621311
0.621311
0.620508
0.619972
0.619705
0.621311
0.621311
0.618902
0.616225
0.617831
0.616225
0.616225
0.617028
0.61676
0.616493
0.616225
0.618634
0.616225
0.616225
0.616225
0.615957
0.616225
0.616225
0.613281
0.615422
0.614887
0.614084
0.616225
0.613816
0.61114
0.61114
0.612746
0.61221
0.61114
0.61114
0.611675
0.61114
0.61114
0.61221
0.61114
0.61114
0.61114
0.610337
0.61114
0.610069
0.607928
0.61114
0.608998
0.609266
0.608731
0.606054
0.605786
0.60766
0.607125
0.606054
0.606857
0.606589
0.606054
0.606054
0.607258
0.608195
0.606054
0.605519
0.604983
0.605251
0.604716
0.604448
0.604983
0.60418
0.604849
0.600968
0.600968
0.603377
0.600968
0.602307
0.602039
0.600968
0.600968
0.601236
0.600968
0.60311
0.600968
0.600433
0.600165
0.600968
0.600968
0.599362
0.600968
0.599095
0.600968
0.595883
0.595883
0.598292
0.596686
0.595883
0.596953
0.595883
0.596418
0.595883
0.595883
0.598024
0.595883
0.595347
0.595883
0.595883
0.594544
0.594277
0.594009
0.595883
0.593474
0.590797
0.590529
0.593206
0.592403
0.590797
0.591868
0.590797
0.591332
0.590797
0.590797
0.592938
0.590797
0.590797
0.590262
0.590797
0.589459
0.58986
0.589191
0.590797
0.588388
0.585711
0.585444
0.58812
0.586648
0.587317
0.585711
0.58705
0.585711
0.585711
0.586247
0.585979
0.585711
0.585711
0.585176
0.584641
0.584373
0.585711
0.584105
0.58357
0.583302
0.580626
0.580358
0.58009
0.582499
0.583035
0.580626
0.582232
0.581696
0.581964
0.581429
0.580893
0.581161
0.581696
0.57902
0.579823
0.579287
0.580626
0.578484
0.578752
0.578217
0.57554
0.57554
0.57554
0.577414
0.577949
0.57554
0.57554
0.577146
0.57554
0.576611
0.576343
0.576075
0.577681
0.574737
0.573934
0.57554
0.574469
0.57447
0.573667
0.574336
0.570455
0.570455
0.569919
0.573399
0.573934
0.5738
0.572864
0.570455
0.570722
0.570455
0.570455
0.571793
0.570455
0.570455
0.570455
0.569384
0.569652
0.569652
0.570455
0.568581
0.570455
0.570455
0.565369
0.565101
0.564834
0.570455
0.565369
0.565369
0.565904
0.565369
0.566172
0.565369
0.56644
0.565369
0.565369
0.565369
0.564031
0.564566
0.565369
0.564432
0.565369
0.56296
0.560283
0.560283
0.560283
0.565369
0.561488
0.560283
0.560551
0.560283
0.560819
0.561622
0.561889
0.560283
0.560283
0.560283
0.560283
0.55948
0.560283
0.560283
0.558677
0.560283
0.559079
0.555198
0.555198
0.555198
0.555198
0.552253
0.557607
0.555198
0.555198
0.555198
0.554662
0.556536
0.555198
0.555198
0.554395
0.555198
0.555198
0.555198
0.555198
0.553592
0.555198
0.555198
0.550112
0.549309
0.549577
0.550112
0.549041
0.551718
0.552789
0.551183
0.550112
0.550112
0.550112
0.550112
0.550112
0.550112
0.550112
0.550112
0.550112
0.548238
0.548506
0.547971
0.550112
0.545026
0.545026
0.545026
0.544759
0.545026
0.547435
0.545026
0.547168
0.545562
0.545294
0.546097
0.545829
0.545829
0.546365
0.545026
0.543688
0.543153
0.54342
0.542885
0.542617
0.539941
0.539941
0.539405
0.539673
0.53887
0.54235
0.539941
0.539941
0.542082
0.540744
0.539941
0.541011
0.541547
0.539941
0.539941
0.538602
0.539004
0.538335
0.53887
0.537532
0.534855
0.534855
0.534588
0.534855
0.534855
0.537799
0.537264
0.535391
0.534855
0.534855
0.534855
0.534855
0.534855
0.534855
0.536461
0.534855
0.533517
0.534855
0.533249
0.534855
0.532446
0.52977
0.529502
0.52977
0.529234
0.526825
0.52977
0.532179
0.52977
0.52977
0.52977
0.52977
0.52977
0.52977
0.52977
0.52977
0.52977
0.528431
0.52977
0.528164
0.52977
0.527361
0.524684
0.524416
0.523881
0.524149
0.523613
0.527093
0.524684
0.524684
0.524952
0.525621
0.524684
0.524684
0.524684
0.526022
0.524684
0.523346
0.522275
0.523881
0.524684
0.522543
0.519598
0.519598
0.519598
0.519063
0.518528
0.519598
0.519598
0.519598
0.519598
0.519598
0.521472
0.519598
0.519598
0.520401
0.519598
0.519598
0.51826
0.517189
0.517457
0.519598
0.514513
0.514513
0.514513
0.514513
0.514513
0.514513
0.514513
0.514513
0.513308
0.515316
0.515048
0.514513
0.516386
0.514513
0.514513
0.516119
0.514513
0.513174
0.513442
0.514513
0.509427
0.509159
0.509427
0.509427
0.509427
0.508089
0.512773
0.509427
0.509427
0.509427
0.509427
0.509427
0.509427
0.509427
0.509427
0.509427
0.509427
0.509427
0.509427
0.509427
0.509427
0.504341
0.504341
0.503806
0.504341
0.504341
0.501397
0.504341
0.504341
0.504877
0.504341
0.504341
0.504341
0.504341
0.504341
0.504341
0.504341
0.504341
0.504341
0.504341
0.502735
0.504341
0.499256
0.499256
0.499256
0.499256
0.49765
0.498453
0.498185
0.499256
0.499523
0.499256
0.499256
0.500326
0.499256
0.499256
0.500594
0.500326
0.499256
0.499256
0.499256
0.497382
0.49417
0.49417
0.489085
0.493635
0.493367
0.492564
0.49417
0.49417
0.497248
0.49417
0.49417
0.494438
0.49417
0.49417
0.49417
0.496312
0.495375
0.49417
0.49417
0.49417
0.49417
0.492297
0.489085
0.483999
0.489085
0.489085
0.489085
0.488282
0.489085
0.491494
0.489218
0.489085
0.489352
0.489085
0.489085
0.489085
0.491226
0.489085
0.490423
0.488014
0.489085
0.478913
0.485873
0.483731
0.483464
0.48507
0.483196
0.483999
0.482661
0.487612
0.48614
0.482393
0.483999
0.48159
0.483999
0.483999
0.483999
0.483999
0.484802
0.483999
0.483999
0.483999
0.483999
0.478646
0.473828
0.478913
0.478913
0.47811
0.478913
0.478913
0.477575
0.478913
0.478913
0.476504
0.479181
0.478913
0.479716
0.479449
0.480519
0.478913
0.478913
0.478913
0.478913
0.473828
0.468742
0.473828
0.473292
0.473828
0.472757
0.472222
0.473828
0.473828
0.475032
0.471419
0.473828
0.473828
0.473828
0.473828
0.475434
0.473828
0.473828
0.473828
0.473828
0.468742
0.468474
0.463656
0.468742
0.467136
0.468207
0.468742
0.468742
0.467404
0.466333
0.471151
0.469277
0.46901
0.468742
0.468742
0.470348
0.468742
0.468742
0.468742
0.47008
0.463656
0.463656
0.463121
0.458571
0.461783
0.462853
0.463656
0.462853
0.463656
0.463656
0.462452
0.463656
0.464192
0.463656
0.463656
0.464727
0.463656
0.465262
0.463656
0.463656
0.458571
0.458571
0.458303
0.457768
0.453485
0.453485
0.458571
0.457634
0.458571
0.4575
0.453485
0.458571
0.458571
0.458571
0.458571
0.458571
0.458571
0.458571
0.458571
0.458571
0.458571
0.458571
0.453485
0.4484
0.453485
0.453485
0.4484
0.450541
0.453485
0.453485
0.453485
0.450407
0.453485
0.453485
0.453485
0.453485
0.453485
0.454021
0.453485
0.453485
0.453485
0.453485
0.453485
0.4484
0.4484
0.4484
0.443314
0.4484
0.447597
0.443046
0.447329
0.4484
0.447061
0.4484
0.449336
0.4484
0.4484
0.444518
0.449203
0.4484
0.4484
0.4484
0.44947
0.4484
0.443314
0.443314
0.443314
0.438228
0.437961
0.443314
0.442779
0.44037
0.441976
0.443314
0.441708
0.445188
0.444117
0.443314
0.440637
0.444117
0.443314
0.443314
0.443314
0.443314
0.443314
0.438228
0.438228
0.436087
0.433143
0.432875
0.437693
0.437425
0.438228
0.437158
0.436622
0.440102
0.439834
0.438228
0.435552
0.438228
0.438764
0.438228
0.438496
0.439567
0.438228
0.433143
0.431001
0.430734
0.428057
0.428057
0.432607
0.433143
0.431804
0.432072
0.431537
0.435016
0.434749
0.433143
0.430466
0.433946
0.433143
0.433143
0.433143
0.433143
0.433143
0.428057
0.425916
0.425648
0.422971
0.422704
0.427522
0.428057
0.426986
0.428057
0.426451
0.429931
0.429663
0.428057
0.42538
0.428057
0.428592
0.428057
0.428057
0.428057
0.428057
0.422971
0.42083
0.421633
0.417886
0.417886
0.422971
0.422971
0.421901
0.422971
0.421365
0.422971
0.424845
0.424577
0.422971
0.423774
0.423507
0.423239
0.42431
0.422971
0.417886
0.416815
0.417886
0.417886
0.4128
0.412533
0.417351
0.417886
0.416815
0.417886
0.41628
0.417886
0.417886
0.419492
0.419759
0.417886
0.418689
0.417886
0.417886
0.417886
0.4128
0.4128
0.4128
0.410391
0.407715
0.407715
0.412265
0.407179
0.4128
0.4128
0.411462
0.411194
0.413336
0.4128
0.4128
0.414406
0.4128
0.4128
0.4128
0.4128
0.4128
0.408919
0.402629
0.407715
0.407715
0.405306
0.402629
0.402094
0.406912
0.407715
0.406109
0.406376
0.40825
0.407715
0.407715
0.407715
0.409321
0.407715
0.407715
0.407715
0.408785
0.405038
0.397543
0.401023
0.402629
0.402629
0.399149
0.40022
0.401826
0.397543
0.397543
0.402629
0.401291
0.402629
0.403164
0.402629
0.402897
0.402629
0.402629
0.404235
0.402629
0.403967
0.399952
0.392458
0.396205
0.39674
0.39567
0.395402
0.395134
0.397543
0.392458
0.392458
0.396473
0.398614
0.398346
0.398079
0.397543
0.397811
0.398614
0.398882
0.399149
0.398882
0.394599
0.392458
0.387372
0.392458
0.392458
0.390584
0.390049
0.390316
0.392458
0.386837
0.387104
0.391387
0.392458
0.393528
0.393261
0.392458
0.392458
0.394331
0.394064
0.392458
0.389513
0.387372
0.382286
0.384963
0.386034
0.387372
0.386435
0.386301
0.386569
0.382019
0.382286
0.386301
0.387372
0.388443
0.387907
0.387372
0.387372
0.389246
0.388978
0.387372
0.384428
0.382286
0.377201
0.377201
0.381082
0.382286
0.382286
0.382286
0.382286
0.382286
0.377201
0.381216
0.385632
0.382286
0.382286
0.382286
0.382286
0.382286
0.382286
0.382286
0.382286
0.379342
0.377201
0.377201
0.372115
0.372115
0.372115
0.377201
0.377201
0.377201
0.375327
0.376398
0.377201
0.371312
0.377201
0.377469
0.378272
0.378004
0.377201
0.377201
0.377201
0.377201
0.374257
0.37332
0.372115
0.36703
0.36703
0.366762
0.370242
0.369974
0.372115
0.370509
0.371045
0.36703
0.372115
0.372115
0.372115
0.373186
0.372918
0.372115
0.373052
0.372115
0.364888
0.36703
0.369171
0.369439
0.361944
0.361676
0.361944
0.365959
0.366227
0.365156
0.36703
0.360873
0.361141
0.360873
0.36703
0.367297
0.36703
0.367833
0.3681
0.368368
0.368903
0.36703
0.361944
0.361944
0.364085
0.356858
0.356858
0.356323
0.36007
0.360606
0.361944
0.35552
0.356858
0.356055
0.356858
0.361944
0.361944
0.361944
0.362747
0.363015
0.361944
0.355922
0.354449
0.361944
0.363818
0.356858
0.359
0.351773
0.351773
0.351773
0.355252
0.351773
0.351773
0.351773
0.348828
0.352843
0.356858
0.357394
0.357126
0.356858
0.357929
0.356858
0.357661
0.351773
0.351773
0.350568
0.356858
0.351773
0.346687
0.346687
0.346152
0.348293
0.346687
0.345616
0.345884
0.35378
0.348828
0.351773
0.351773
0.352308
0.35097
0.350702
0.351773
0.353379
0.344813
0.346687
0.346687
0.349899
0.346821
0.341601
0.341601
0.341601
0.341601
0.341601
0.340798
0.341601
0.344546
0.346687
0.346687
0.346687
0.346687
0.346687
0.346687
0.346687
0.339728
0.340531
0.341601
0.343743
0.341601
0.343475
0.336516
0.336516
0.335981
0.335713
0.336516
0.336516
0.335445
0.342672
0.341601
0.341601
0.341601
0.341601
0.341601
0.341601
0.335579
0.336516
0.336516
0.338657
0.336516
0.336516
0.33143
0.331163
0.33143
0.33036
0.33143
0.33143
0.330092
0.337587
0.336516
0.336516
0.336516
0.336784
0.336516
0.337854
0.33143
0.33143
0.33143
0.329021
0.332233
0.33143
0.33143
0.326345
0.326345
0.326345
0.326345
0.326345
0.326345
0.326345
0.325006
0.334508
0.321259
0.33143
0.33143
0.33143
0.33143
0.33143
0.33143
0.326345
0.326345
0.326345
0.32514
0.327951
0.326345
0.321259
0.321259
0.321259
0.321259
0.321259
0.321259
0.321259
0.318181
0.318315
0.326345
0.326345
0.326345
0.32688
0.326345
0.326345
0.32233
0.321259
0.321259
0.321259
0.321259
0.321259
0.316173
0.315906
0.316173
0.31537
0.314835
0.316173
0.316173
0.315103
0.317646
0.321259
0.321259
0.32233
0.322062
0.321259
0.321259
0.318315
0.31711
0.316173
0.314032
0.316976
0.311088
0.31082
0.311088
0.310552
0.310017
0.311088
0.309749
0.311088
0.313764
0.316173
0.316441
0.317244
0.316976
0.316173
0.316173
0.311088
0.312961
0.313229
0.308946
0.312694
0.306002
0.306002
0.305734
0.306002
0.306002
0.306002
0.304664
0.306002
0.314032
0.308679
0.311088
0.311088
0.311088
0.311088
0.311088
0.311088
0.307876
0.306002
0.308143
0.303861
0.307608
0.300917
0.300649
0.300917
0.300917
0.299846
0.299578
0.300917
0.300917
0.303593
0.300917
0.306002
0.306002
0.306002
0.306805
0.307073
0.306002
0.30279
0.300917
0.298775
0.300917
0.295831
0.295563
0.295296
0.295028
0.295831
0.294493
0.294225
0.295831
0.300917
0.303861
0.298508
0.297035
0.300917
0.300917
0.300917
0.300917
0.300917
0.297705
0.295831
0.29369
0.296634
0.297169
0.290478
0.290745
0.289942
0.29021
0.289139
0.289675
0.289407
0.288872
0.293422
0.293154
0.295831
0.296099
0.296366
0.295831
0.296634
0.285526
0.292619
0.291816
0.289541
0.288604
0.290745
0.292351
0.28566
0.28566
0.28566
0.28566
0.28566
0.284857
0.28566
0.282448
0.288069
0.287801
0.290745
0.290745
0.290745
0.291281
0.290745
0.282715
0.287533
0.28566
0.286998
0.28566
0.280842
0.280574
0.281377
0.280574
0.281912
0.280574
0.279503
0.2787
0.287801
0.284187
0.283987
0.284589
0.28566
0.285927
0.28566
0.284857
0.275488
0.280574
0.278433
0.283786
0.280574
0.280574
0.280574
0.275488
0.275488
0.274953
0.274418
0.275488
0.275488
0.274552
0.280574
0.280574
0.280574
0.280574
0.280574
0.280574
0.270403
0.275488
0.275488
0.273347
0.277362
0.275488
0.275488
0.276827
0.270135
0.270403
0.270403
0.270403
0.269064
0.269332
0.270403
0.276559
0.275488
0.275488
0.275756
0.275488
0.265317
0.268261
0.270403
0.267994
0.270403
0.272276
0.270403
0.271473
0.270403
0.265317
0.264782
0.265317
0.264246
0.265317
0.265317
0.263711
0.271206
0.270403
0.270403
0.270403
0.260232
0.264246
0.266522
0.262908
0.265317
0.267191
0.265317
0.265317
0.266388
0.259964
0.260232
0.259429
0.260232
0.260232
0.258893
0.258626
0.263176
0.26612
0.265317
0.265317
0.265317
0.255146
0.260232
0.26264
0.257823
0.260232
0.261035
0.260232
0.26157
0.260232
0.254878
0.254611
0.254343
0.255146
0.255146
0.25354
0.252068
0.255146
0.260232
0.260767
0.260499
0.260232
0.25006
0.255146
0.257555
0.253941
0.255146
0.255146
0.256752
0.255146
0.255146
0.255146
0.249793
0.25006
0.25006
0.24899
0.25006
0.249257
0.248722
0.255681
0.255146
0.247919
0.255146
0.244975
0.25006
0.252469
0.251131
0.250596
0.25006
0.251131
0.25006
0.25006
0.250596
0.244975
0.244975
0.244172
0.244975
0.243904
0.244975
0.244975
0.241763
0.25006
0.244975
0.242833
0.25006
0.239889
0.244975
0.247116
0.246848
0.244975
0.246045
0.245778
0.244975
0.244975
0.239621
0.239354
0.239889
0.238818
0.238551
0.239889
0.238283
0.245242
0.238818
0.241227
0.23748
0.244975
0.234803
0.240692
0.239889
0.241763
0.240692
0.24096
0.239889
0.239889
0.240157
0.234536
0.234268
0.234
0.233465
0.234803
0.23293
0.234803
0.233197
0.237212
0.232394
0.239889
0.229718
0.234803
0.236409
0.234803
0.234803
0.235606
0.234803
0.235339
0.234803
0.229718
0.22945
0.229718
0.228379
0.228647
0.228781
0.227576
0.228112
0.232127
0.227309
0.234803
0.224632
0.229718
0.230655
0.231324
0.229718
0.229718
0.230521
0.230253
0.229986
0.224097
0.224632
0.223829
0.224632
0.223562
0.223428
0.224632
0.222491
0.223829
0.227041
0.229718
0.219547
0.226506
0.224632
0.226238
0.224632
0.224632
0.224632
0.224632
0.225168
0.219547
0.219279
0.218476
0.218744
0.221955
0.219547
0.219546
0.218476
0.219546
0.219546
0.224632
0.214461
0.219546
0.219546
0.22142
0.219546
0.219546
0.219547
0.22035
0.219547
0.214193
0.214461
0.213658
0.214461
0.213123
0.21687
0.214461
0.212052
0.214461
0.212587
0.219547
0.215531
0.209376
0.215531
0.215799
0.214461
0.215264
0.214729
0.214461
0.214461
0.209375
0.209375
0.20884
0.208572
0.208305
0.211784
0.206966
0.208438
0.207769
0.207234
0.214461
0.211517
0.20429
0.210446
0.209375
0.210312
0.210981
0.209375
0.210178
0.209375
0.202951
0.203754
0.204022
0.203487
0.203219
0.206699
0.201881
0.202684
0.202148
0.20429
0.207234
0.209376
0.206431
0.199205
0.198937
0.204289
0.205628
0.206163
0.205895
0.204825
0.204557
0.204289
0.197865
0.198133
0.199204
0.199204
0.201613
0.196795
0.197598
0.198133
0.199204
0.20429
0.201345
0.194119
0.194118
0.200274
0.20081
0.199204
0.201078
0.199739
0.199204
0.200007
0.193583
0.194118
0.194118
0.194118
0.196528
0.192512
0.19171
0.194119
0.194118
0.199204
0.19626
0.188497
0.189033
0.189032
0.195188
0.194118
0.195724
0.194118
0.194119
0.194118
0.194653
0.194118
0.188229
0.189032
0.189032
0.187426
0.191442
0.187159
0.187829
0.189033
0.191174
0.183947
0.183946
0.183946
0.183142
0.190102
0.19037
0.190638
0.189033
0.189033
0.1893
0.189031
0.189567
0.183144
0.182875
0.183946
0.186357
0.182074
0.181807
0.183948
0.186089
0.184884
0.178861
0.178592
0.178859
0.178055
0.177788
0.185016
0.185284
0.183947
0.183945
0.183947
0.184214
0.183945
0.178861
0.177521
0.181004
0.176989
0.178863
0.177792
0.178863
0.180735
0.173774
0.173504
0.173235
0.173772
0.173771
0.17993
0.17886
0.178861
0.178858
0.179661
0.178861
0.178859
0.173775
0.172435
0.171904
0.175919
0.173778
0.173779
0.173779
0.168687
0.17565
0.173775
0.168686
0.168683
0.168682
0.16788
0.168685
0.174843
0.173773
0.174306
0.173771
0.173771
0.173773
0.16869
0.166819
0.168694
0.162672
0.170834
0.168695
0.168695
0.165083
0.165607
0.165476
0.170565
0.168689
0.163596
0.163325
0.163056
0.163594
0.162526
0.168684
0.168687
0.168682
0.169486
0.168682
0.168685
0.161999
0.161205
0.161471
0.158525
0.165751
0.163612
0.159734
0.162262
0.165481
0.164407
0.158503
0.158231
0.157963
0.158508
0.157699
0.158514
0.160397
0.164667
0.1636
0.164127
0.163593
0.163595
0.163592
0.156914
0.156124
0.156389
0.153312
0.153574
0.155857
0.158529
0.160125
0.158513
0.153404
0.153405
0.153402
0.153418
0.15341
0.153428
0.155315
0.159306
0.158507
0.159035
0.158498
0.158501
0.149958
0.152248
0.150508
0.150235
0.151046
0.15131
0.149119
0.154765
0.153436
0.148303
0.148841
0.148299
0.1494
0.148342
0.148501
0.151572
0.154213
0.152346
0.153669
0.153403
0.153404
0.145004
0.14575
0.146493
0.148374
0.146234
0.145703
0.145432
0.146177
0.145894
0.148341
0.148327
0.148354
0.143189
0.14292
0.142662
0.143237
0.14192
0.145157
0.148303
0.148314
0.148298
0.1483
0.141671
0.141418
0.143301
0.141161
0.140633
0.14036
0.142412
0.143274
0.144308
0.144594
0.138061
0.138069
0.138175
0.137552
0.137075
0.140083
0.143736
0.144022
0.143456
0.143186
0.136597
0.136348
0.138232
0.136094
0.135567
0.135296
0.137312
0.138198
0.139217
0.139511
0.132916
0.132936
0.133097
0.132434
0.133057
0.135015
0.138627
0.138118
0.138335
0.138058
0.131529
0.131285
0.133169
0.131031
0.128112
0.130233
0.130009
0.13221
0.134129
0.133128
0.134433
0.127744
0.127515
0.126697
0.12731
0.126908
0.129954
0.133509
0.133818
0.133202
0.132908
0.125983
0.126471
0.126229
0.125719
0.123061
0.125183
0.12711
0.131075
0.130896
0.128865
0.12803
0.121648
0.122537
0.122346
0.121845
0.122181
0.12202
0.124902
0.127843
0.127912
0.127781
0.12774
0.121994
0.121188
0.121426
0.120672
0.119212
0.120138
0.127977
0.124612
0.122977
0.123973
0.116798
0.116625
0.117287
0.117433
0.116946
0.117056
0.119574
0.11801
0.123252
0.123626
0.122615
0.122537
0.118016
0.117085
0.116405
0.115627
0.115358
0.112982
0.117942
0.118919
0.112852
0.111901
0.112946
0.111987
0.112233
0.111952
0.114564
0.112992
0.11813
0.117744
0.11742
0.117285
0.112973
0.112994
0.111409
0.110576
0.110307
0.107943
0.114257
0.112852
0.107697
0.107903
0.106709
0.106629
0.106762
0.106885
0.109584
0.107988
0.113017
0.112702
0.112484
0.111949
0.107945
0.107983
0.106456
0.105504
0.105238
0.103947
0.105025
0.108009
0.10894
0.102066
0.102079
0.101875
0.10122
0.101603
0.101911
0.104649
0.102993
0.107939
0.107725
0.107024
0.106612
0.101557
0.102881
0.101157
0.100382
0.100125
0.0999555
0.10315
0.10408
0.0981564
0.0983812
0.098402
0.0971251
0.0957911
0.0968348
0.0979935
0.0997553
0.102944
0.101848
0.102864
0.101218
0.0967093
0.0970802
0.0977867
0.0963953
0.09489
0.0925891
0.0996559
0.098407
0.092967
0.0937923
0.0938174
0.0939972
0.0919121
0.0927246
0.0903352
0.0950098
0.0934132
0.0981016
0.0969911
0.0981722
0.0957329
0.0919061
0.0929948
0.0925854
0.0923795
0.0878568
0.0895099
0.0872012
0.087857
0.0940253
0.08868
0.0890785
0.089859
0.0899821
0.0894477
0.0874852
0.0850317
0.0905967
0.084176
0.0921221
0.0938297
0.0931648
0.0902691
0.0867077
0.0872527
0.0868523
0.082153
0.0833981
0.0813443
0.0820796
0.0824717
0.0908346
0.0793396
0.0860553
0.0898554
0.0861786
0.0861486
0.0873876
0.0862635
0.0844391
0.0802205
0.0837756
0.0873142
0.0815455
0.0877014
0.0890788
0.0850842
0.0790657
0.0810073
0.0762373
0.0756726
0.0771707
0.0756891
0.0760322
0.087952
0.0738495
0.0840293
0.0858958
0.0843735
0.0850027
0.0852782
0.0829021
0.0794489
0.0763837
0.0808019
0.0767429
0.0851951
0.0802901
0.0836545
0.0852581
0.080232
0.0747525
0.070926
0.0730148
0.0675871
0.0695674
0.0695439
0.0702233
0.067336
0.0686719
0.0834336
0.0849342
0.0839253
0.0840726
0.0847583
0.0830038
0.0808915
0.0758754
0.081934
0.075144
0.0765229
0.0710017
0.0837809
0.0811673
0.080841
0.0763446
0.0710505
0.0642725
0.0631872
0.0593883
0.064866
0.0615673
0.060583
0.0599989
0.0847299
0.084426
0.0819023
0.0858899
0.0839434
0.076394
0.0690026
0.0618963
0.0859873
0.0831877
0.076957
0.0759793
0.0839186
0.0752944
0.0675614
0.0601067
0.0556559
0.0551181
0.0512796
0.0521199
0.0520932
0.0503324
0.0503136
0.0866779
0.0856446
0.0806855
0.0887006
0.0863221
0.076186
0.0763566
0.0525562
0.0642329
0.0918846
0.0932439
0.0859825
0.0891261
0.085296
0.0773007
0.0699137
0.059172
0.049825
0.0450734
0.0414134
0.0473544
0.0385606
0.0421219
0.0401558
0.0378765
0.0378973
0.0903834
0.097984
0.0932325
0.0864861
0.101729
0.0859
0.093687
0.0771499
0.079049
0.0434136
0.0581165
0.101545
0.110817
0.102471
0.0919671
0.09942
0.0857864
0.0599307
0.040388
0.0477785
0.0351686
0.0300073
0.0341366
0.0288323
0.0283098
0.0205164
0.0281428
0.0218993
0.105986
0.101231
0.112784
0.0951905
0.0687136
0.0841873
0.0385163
0.115521
0.136249
0.121724
0.0934355
0.125259
0.10382
0.0501042
0.0384236
0.0282306
0.0180406
0.0162092
0.0162132
0.0162019
0.0169591
0.010175
0.00689531
0.0102725
0.116695
0.113534
0.0523465
0.0764255
0.180838
0.0202651
0.0432334
0.0553619
0.124909
0.122147
0.132699
0.129273
0.185733
0.134576
0.124132
-0.00429276
0.0411273
0.0264438
0.016836
0.0105059
0.0033589
0.00541644
-0.00647194
-0.00708213
-0.010809
-0.00328157
0.053824
0.133927
0.130646
0.00169951
0.000187782
0.1275
-0.0221603
0.129521
0.125968
0.126022
0.138176
0.126994
-0.0288387
-0.0275364
-0.0294508
0.000767196
-7.42309e-06
0.00155494
-0.0170725
-0.0164527
-0.0228984
-0.0295595
-0.0255414
0.125746
-0.0395075
0.125936
0.122187
0.121055
0.121746
0.123418
0.124804
-0.0485048
-0.0525049
-0.0536694
-0.0605629
-0.0570572
-0.0254603
-0.0316198
-0.0365629
-0.0413058
-0.0356995
-0.0482188
-0.0516467
-0.0609199
0.121608
0.116441
0.118745
0.116686
0.121415
0.120973
-0.0668395
-0.0807904
-0.0804414
-0.0801091
-0.0797729
-0.0539163
-0.0548961
-0.0582038
-0.0565639
-0.0596025
-0.0730139
-0.0693923
-0.0829809
-0.0822023
0.111351
0.111451
0.116835
0.116477
0.111295
0.116379
-0.0966759
-0.103989
-0.104132
-0.106839
-0.104563
-0.0803824
-0.0819004
-0.084198
-0.080785
-0.0913536
-0.0890388
-0.0950981
-0.0998899
-0.104582
0.105904
0.105879
0.111414
0.111388
0.105884
0.11132
-0.11941
-0.123798
-0.134469
-0.13052
-0.131061
-0.1069
-0.104565
-0.108404
-0.104143
-0.104397
-0.117377
-0.122737
0.100348
0.100352
0.105897
0.105903
0.0975934
0.10314
-0.136606
-0.151911
-0.151728
-0.15239
-0.152801
-0.130553
-0.128206
-0.128901
-0.127998
-0.127988
-0.140935
-0.151636
0.0948381
0.0948241
0.100365
0.100359
0.0920651
0.0976051
-0.166677
-0.171202
-0.175336
-0.1757
-0.175912
-0.152885
-0.151912
-0.154546
-0.158202
-0.151669
-0.162369
-0.175232
0.0893078
0.089296
0.0948356
0.0948506
0.0865384
0.0920766
-0.19025
-0.194693
-0.19887
-0.199064
-0.199139
-0.181771
-0.175938
-0.175503
-0.177872
-0.183837
-0.185944
-0.198894
-0.198792
0.0837803
0.0837691
0.0893072
0.0893188
0.0782474
0.0865492
-0.222341
-0.215964
-0.218147
-0.222446
-0.222452
-0.203259
-0.199166
-0.19911
-0.207386
-0.209497
-0.222392
-0.233026
-0.222328
0.0782527
0.0782422
0.0727249
0.0837796
0.0837908
0.0727201
0.081021
-0.245854
-0.241577
-0.241594
-0.245859
-0.24586
-0.226716
-0.224628
-0.222519
-0.230907
-0.245907
-0.252293
-0.2512
-0.245851
0.0727152
0.0671972
0.078252
0.0782624
0.0671927
0.075493
-0.26293
-0.26081
-0.269307
-0.269276
-0.269256
-0.245923
-0.245933
-0.254415
-0.269361
-0.26937
-0.269374
-0.269368
0.0671883
0.0616695
0.0727243
0.072734
0.0616654
0.069965
-0.286418
-0.292872
-0.292757
-0.294819
-0.292648
-0.269359
-0.269367
-0.292817
-0.277923
-0.292857
-0.292897
-0.303588
0.0616613
0.0561418
0.0561343
0.0671967
0.0672056
0.0533742
-0.316405
0.0644369
-0.316343
-0.316216
-0.316078
-0.315967
-0.30995
-0.292784
-0.292776
-0.312012
-0.307848
-0.324937
-0.327137
-0.329285
0.0506141
0.0506074
0.061669
0.0616772
0.0450834
-0.339986
0.0589089
-0.339906
-0.335438
-0.337307
-0.339185
-0.316152
-0.325933
-0.314062
-0.32901
-0.352854
-0.339888
-0.339968
-0.350694
0.0450864
0.0450804
0.0561414
0.0561488
0.0395587
0.0395534
0.0367922
-0.359311
-0.357075
0.0533809
-0.359042
-0.360668
-0.362261
-0.339424
-0.363287
-0.344033
-0.34168
-0.376467
-0.374268
-0.363466
-0.377421
-0.37212
-0.373204
0.0506137
0.0506204
0.0340309
0.0340265
0.0312649
-0.394658
-0.378735
-0.387411
0.045089
-0.387186
-0.384151
-0.385065
-0.41054
-0.375952
-0.362523
-0.362912
-0.391473
-0.397733
-0.391374
-0.393777
0.045086
0.045092
0.0285032
0.0395636
0.0284995
0.0257375
-0.411726
-0.411085
-0.4115
0.0395584
0.0367968
-0.410286
-0.407696
-0.425008
-0.431633
-0.388471
-0.38543
-0.410109
-0.410821
-0.411171
-0.411262
-0.431078
0.0229755
0.0340352
0.0229726
0.0174467
-0.424081
-0.434597
-0.438611
-0.451961
0.0340307
0.0312688
-0.432583
-0.430843
-0.442918
-0.450082
-0.408039
-0.427558
-0.429425
-0.435382
-0.430199
-0.451135
0.0174478
0.0285068
0.0174456
0.0119201
0.0119194
-0.457982
-0.462145
-0.474227
-0.46638
-0.470154
0.0285031
0.0229769
-0.456917
-0.453541
-0.471082
-0.462546
-0.430497
-0.455506
-0.449542
-0.460219
-0.470885
0.0229784
0.0119186
0.0063924
0.00639166
0.00349068
-0.487756
-0.486142
-0.480269
-0.483667
-0.502237
-0.478072
0.0229754
0.01745
0.0174489
-0.485355
-0.482268
-0.475842
-0.452824
-0.481745
-0.476906
-0.49488
5.26446e-16
-3.43936e-16
-0.508324
-0.533956
-0.501034
-0.497651
-0.530983
-0.537871
-0.555779
-0.525541
0.0174478
0.0119216
0.0119209
-0.506068
-0.497268
-0.525141
-0.531888
-0.484259
-0.522931
-0.600799
-0.578449
-0.39662
-0.390234
-0.403475
-0.475716
-0.597688
-0.379353
0.0119201
0.0063932
0.00639283
-0.657664
-0.562332
-0.60957
-0.416171
-0.525876
-0.601646
-0.9241
-0.9241
-0.9241
-0.9241
-0.9241
-0.9241
-0.9241
6.45968e-16
0.00639246
-2.94118e-17
-0.9241
-0.471238
-0.556188
-0.9241
-0.9241
-0.613686
-0.9241
-0.9241
