3.41498e-35
3.26426e-21
-2.79263e-21
-3.04421e-35
3.18794e-06
-6.22166e-35
-1.38394e-07
-2.74978e-05
1.02633e-34
-1.04275e-05
4.55543e-36
3.82354e-22
-6.91734e-35
-5.50971e-21
1.69422e-35
-3.1251e-22
2.26491e-05
-4.22668e-05
-1.50556e-06
-1.40867e-05
-1.2297e-05
2.88245e-05
1.79213e-35
3.55294e-05
3.44499e-06
-9.9092e-36
7.89933e-35
-2.73008e-05
-5.69914e-21
1.13134e-06
4.97941e-35
2.32352e-06
-2.06421e-35
-4.04979e-07
1.28078e-35
3.17114e-06
-3.79034e-35
-1.72743e-34
3.72588e-21
-1.22061e-34
1.23314e-34
1.14533e-34
-3.75323e-21
1.8382e-05
-2.48043e-06
-2.18841e-05
-2.49637e-05
-1.72583e-05
-7.05879e-06
-1.5663e-05
1.80279e-05
-9.47175e-06
1.07054e-06
-2.61619e-06
1.04572e-05
7.01311e-06
-6.95888e-34
-1.5653e-05
4.12341e-07
1.55441e-05
1.63198e-05
-1.87347e-05
1.29777e-05
2.01996e-20
4.2758e-05
-3.12703e-05
-1.80291e-05
-3.27425e-05
1.11651e-21
-2.45424e-05
-2.87572e-05
-2.04577e-05
-1.86852e-05
-1.11634e-05
-1.67626e-05
5.73197e-06
9.15357e-06
1.35068e-06
-1.15632e-33
4.49958e-06
5.61758e-06
2.10251e-05
5.56084e-05
4.4679e-05
5.01163e-05
-4.09888e-08
-4.15452e-05
-2.1276e-05
-2.94671e-21
1.77531e-34
-2.2944e-05
-2.73384e-05
-2.34781e-05
-3.00204e-05
1.55636e-07
2.36821e-05
1.51224e-05
-3.33933e-06
-1.62917e-33
4.03185e-05
7.07938e-05
5.75165e-05
-4.6189e-05
-3.19857e-05
-1.11432e-19
-3.26557e-05
7.25888e-05
-1.54926e-05
-3.17421e-05
-4.94381e-05
1.34634e-05
3.90817e-05
4.63733e-06
1.81023e-05
1.42508e-22
5.09921e-21
9.51472e-05
-5.79991e-05
-2.21742e-05
-4.71701e-05
7.48485e-05
9.91783e-05
-1.58164e-05
-4.48704e-05
4.50089e-05
2.23943e-05
1.10042e-05
2.43924e-05
-5.98758e-33
3.09342e-33
-5.69992e-05
-1.92832e-05
-4.39538e-05
7.41611e-05
8.92506e-05
5.96251e-05
-1.75435e-05
-4.17809e-05
4.35215e-05
8.77583e-06
2.85973e-05
-2.30423e-22
5.37031e-33
-1.5877e-05
-3.08725e-05
5.85615e-05
6.35939e-05
6.36678e-05
3.68097e-05
-6.19149e-06
-1.96336e-05
4.25418e-05
8.61496e-06
2.67027e-05
-6.80306e-33
3.87552e-21
-1.10808e-05
-1.80228e-05
4.61515e-05
3.90738e-05
1.88904e-05
-3.99199e-06
-9.30032e-06
3.1186e-05
1.35574e-05
1.46586e-06
2.16958e-05
-1.03748e-23
8.28533e-33
-7.91872e-06
2.9373e-05
1.2985e-05
-1.70202e-06
-4.54836e-06
-3.91756e-06
1.90633e-05
1.70002e-05
7.06335e-06
1.33151e-05
1.80103e-07
2.06212e-24
-7.35768e-22
1.32741e-05
3.66354e-06
-4.4949e-07
-1.41292e-06
-7.94099e-07
1.01884e-05
7.31653e-06
9.85233e-06
9.24956e-06
4.14735e-06
7.51775e-06
1.65099e-06
-1.94582e-08
-6.91182e-33
1.32496e-22
2.59378e-06
8.17736e-08
-4.90901e-08
7.36416e-07
4.75584e-06
3.85306e-06
1.0483e-06
5.58776e-06
5.74589e-06
3.82521e-06
1.93702e-06
-6.93975e-33
9.37117e-23
3.84032e-06
2.81011e-06
1.64467e-07
4.69699e-07
9.94605e-07
1.16862e-06
-4.15553e-23
3.74681e-06
2.79713e-06
3.03553e-06
2.36916e-06
1.36313e-06
6.7609e-08
1.41424e-25
1.05169e-06
1.41338e-06
2.86456e-07
6.8953e-07
1.89167e-07
-2.25766e-23
1.91815e-06
1.51571e-06
1.83693e-06
1.44933e-06
8.68528e-07
7.3325e-08
2.65825e-25
4.51255e-07
7.02369e-07
3.78385e-07
1.77305e-07
4.16526e-07
7.87565e-33
6.63983e-08
9.10125e-07
9.36355e-07
1.12743e-06
8.60862e-07
5.6968e-07
3.27298e-08
7.15206e-26
2.03553e-07
3.85315e-07
1.21469e-07
1.61513e-07
6.98228e-08
3.03994e-07
-1.71847e-24
2.15814e-08
4.4405e-07
3.84623e-07
5.9304e-07
4.6256e-07
1.25176e-08
-7.00976e-33
1.72739e-07
4.51892e-08
3.16248e-07
3.44547e-08
7.48402e-08
1.43057e-07
2.28273e-07
-2.1061e-24
3.97101e-09
1.50873e-07
1.28869e-07
2.33624e-07
3.56499e-09
-7.01688e-33
4.07908e-08
1.3716e-07
2.22827e-08
4.96548e-09
4.70474e-08
8.53154e-08
2.68791e-25
-3.68912e-09
-3.17745e-09
2.39244e-08
6.26952e-08
3.15619e-08
-1.3889e-09
-7.01997e-33
3.27012e-08
2.55044e-09
-5.35118e-09
-6.73284e-09
3.74464e-10
2.37985e-24
-8.97242e-09
-1.99339e-08
-1.56915e-08
-1.01937e-08
-1.50179e-08
-5.63642e-09
-7.01909e-33
-2.33725e-08
-2.21885e-08
-1.77703e-08
-3.46185e-08
2.50815e-24
-1.42522e-08
-2.8883e-08
-3.6308e-08
-4.08086e-08
-4.11499e-08
-4.89876e-09
-1.67172e-08
-7.01434e-33
-4.56096e-08
7.47106e-33
-3.13447e-08
-4.19272e-08
-5.20066e-09
-1.93145e-08
-3.53743e-08
-4.56549e-08
-5.02199e-08
-1.20993e-08
-2.97749e-09
-2.44513e-08
-7.00578e-33
-4.81193e-08
7.40384e-33
-4.73542e-08
-3.2627e-08
-3.87975e-08
-6.29789e-09
-2.38918e-08
-3.83157e-08
-4.824e-08
-5.61982e-09
-1.95445e-08
-6.99349e-33
-4.42545e-08
-4.82666e-25
-4.13035e-08
-3.72868e-08
-1.18348e-08
-2.53227e-08
-2.91146e-08
-3.15913e-09
-1.99523e-08
-3.12198e-08
-4.06238e-08
-3.64943e-09
-1.37253e-08
-6.97755e-33
-3.57754e-08
3.49853e-25
-3.36057e-08
-3.00134e-08
-9.24685e-09
-1.27373e-08
-1.90042e-08
-2.20231e-08
-4.27157e-09
-2.40665e-08
-1.41234e-08
-3.05831e-08
-4.5603e-09
-1.28783e-09
-6.95803e-33
-2.6122e-08
8.98905e-27
-2.53804e-08
-2.3552e-08
-5.26047e-09
-1.94875e-08
-1.02117e-08
-1.41071e-08
-1.71107e-08
-1.29163e-09
-1.75173e-08
-1.09403e-08
-2.0024e-08
-4.64244e-09
-9.49884e-10
-6.93502e-33
-1.80142e-08
1.0641e-25
-3.13563e-09
-7.60284e-09
-1.38509e-08
-1.43315e-08
-7.9665e-09
-1.14451e-08
-7.47675e-10
-1.18196e-08
-1.23409e-08
-3.03672e-09
-6.19085e-10
-6.90858e-33
-1.16884e-08
-1.64512e-26
-2.17061e-09
-5.55916e-09
-1.01529e-08
-9.7853e-09
-4.83521e-09
-7.21177e-09
-4.40599e-10
-7.00564e-09
-7.69595e-09
-1.98739e-09
-4.65847e-10
-6.87878e-33
3.42602e-27
-1.12425e-09
-3.26501e-09
-7.58177e-09
-7.19369e-09
-6.31702e-09
-5.54802e-09
-3.80613e-09
-5.00794e-09
-1.28739e-10
-3.3167e-09
-1.79477e-09
-5.14017e-10
-6.84572e-33
1.57514e-26
3.85735e-10
-7.52539e-10
-5.75101e-09
-4.99292e-09
-3.34807e-09
-1.97534e-09
1.18945e-25
-2.65887e-09
-5.13472e-09
-3.49179e-09
-4.97341e-09
3.26647e-10
7.32822e-10
-2.16798e-09
-7.88539e-10
-6.80944e-33
1.97593e-09
1.97174e-09
-4.4506e-09
3.89957e-10
6.8002e-33
-2.04376e-09
-6.09943e-09
-4.72578e-09
-7.50438e-09
1.90698e-09
4.94636e-09
5.21834e-09
-3.697e-09
-1.52573e-09
-2.16395e-09
-6.77005e-33
5.6364e-09
-7.54626e-09
2.83289e-09
3.37238e-26
-1.72884e-09
-8.75498e-09
-1.32999e-08
3.65338e-09
9.17199e-09
1.1525e-08
9.67844e-09
-6.85398e-09
-1.00044e-08
-4.35267e-09
-6.72759e-33
-1.19163e-08
6.66637e-33
3.0664e-09
2.04858e-41
-1.45076e-41
2.43016e-11
4.78868e-09
-7.44548e-09
-1.75051e-08
-2.24147e-08
1.51414e-08
2.03491e-08
1.93687e-08
1.88386e-08
-2.08191e-08
-9.09399e-09
-6.68214e-33
-2.48594e-08
-1.93054e-24
1.2579e-08
-3.19288e-20
7.25872e-28
2.66401e-10
1.81999e-08
3.94401e-09
-1.72025e-08
-3.5596e-08
3.41443e-08
3.30246e-08
3.279e-08
-3.21972e-08
-1.38819e-08
-6.63377e-33
-3.54077e-08
-1.6414e-24
1.39339e-08
2.91338e-08
-3.77725e-18
4.39339e-27
-2.26385e-09
4.18134e-08
1.00176e-08
-1.5383e-08
6.91255e-41
-1.65389e-40
3.45918e-11
-4.70467e-08
-4.97829e-08
4.86483e-08
-4.03483e-08
-1.66334e-08
-6.58251e-33
-3.06238e-08
6.46572e-33
1.52746e-08
3.77339e-08
3.23195e-08
1.8107e-15
-1.23983e-33
9.84112e-09
5.26048e-08
2.10758e-09
-1.94875e-09
3.50779e-21
3.69698e-24
-4.25095e-10
-3.7022e-08
-3.64085e-08
4.01699e-08
-3.09783e-08
-1.10638e-08
-6.52836e-33
2.66218e-08
1.4548e-08
-2.32599e-23
3.49927e-08
-7.83624e-09
2.01816e-14
-1.89854e-23
-5.07739e-08
2.76277e-08
-5.64689e-08
4.23578e-08
1.09567e-18
8.26526e-34
1.88453e-09
5.85624e-08
2.60111e-35
6.46437e-08
-4.71259e-08
4.13604e-08
1.15096e-07
-7.46219e-25
2.74212e-07
-6.40058e-08
-3.76789e-08
6.33158e-33
-1.46778e-07
1.99811e-33
-2.0665e-33
2.47424e-07
-3.29732e-07
1.23989e-08
-5.20441e-16
-7.8991e-09
4.43129e-29
2.87377e-07
-3.42781e-05
4.08091e-34
2.06067e-16
7.80574e-07
6.23303e-07
-3.82625e-07
-6.41113e-33
4.49478e-07
1.06075e-06
2.99561e-07
-4.09411e-07
-1.61397e-07
-2.95025e-23
2.30436e-11
-9.39397e-07
-2.42313e-33
-5.10846e-07
-9.06906e-07
-2.3555e-15
4.24212e-08
-1.7524e-24
-0.00017242
1.51382e-34
-6.33718e-05
6.23688e-20
1.99996e-06
-3.19745e-07
2.02772e-06
-1.42458e-06
-1.05808e-23
8.73048e-07
2.93961e-06
9.5768e-07
-7.40884e-07
-1.2431e-06
6.19571e-33
2.60038e-33
-4.34999e-06
-2.67527e-33
-2.06037e-06
-1.85337e-33
-2.56417e-07
2.06577e-33
-0.000160732
-0.000166744
1.18221e-34
-0.000107186
-3.17558e-05
-0.000113586
-5.27018e-35
4.95899e-06
-8.29943e-07
-1.52504e-06
8.34853e-24
-7.85577e-05
4.84059e-06
-4.0755e-06
1.95171e-06
7.12067e-07
6.48445e-06
-3.77351e-06
-3.67002e-06
-1.27262e-22
2.5861e-33
-9.1255e-06
-3.67898e-33
-1.82738e-11
7.96931e-07
2.4255e-33
-0.000177854
-0.000206607
8.55928e-35
-0.000150023
-2.03388e-05
-1.78232e-20
-0.000181114
1.1004e-05
-2.45644e-06
-4.38098e-06
2.80241e-06
-6.21087e-33
-6.98623e-05
1.20462e-17
-2.40229e-18
-1.62557e-05
1.12327e-05
-8.67187e-06
-9.59178e-06
3.30242e-06
-5.78511e-06
1.42892e-05
-4.47042e-22
-1.49414e-07
-4.89806e-33
-2.59649e-33
3.69435e-06
-5.50401e-21
-0.000213815
-0.000215711
2.92966e-22
-0.000117907
-0.000211751
-0.000171991
-1.74842e-05
-0.000135625
2.28172e-05
-6.34697e-06
-1.07016e-05
1.08956e-05
-1.05332e-22
6.93483e-06
-5.57078e-05
-0.000109015
-2.54461e-17
-2.90972e-05
6.04968e-06
-0.000181658
-2.51233e-05
-3.60302e-05
3.31023e-05
-1.9091e-05
-1.94527e-05
9.33979e-06
-8.52356e-06
2.73159e-05
4.38889e-21
6.78859e-34
-5.91193e-33
1.44428e-05
-2.59556e-33
3.55588e-21
8.34745e-06
-0.000240554
-0.000215448
6.74887e-35
-0.000113842
-0.000181397
-0.000240571
-1.87989e-05
4.1787e-05
-2.37236e-05
-1.60258e-05
3.4677e-05
1.78186e-05
-6.07598e-33
-5.79563e-05
-0.000124835
-1.23471e-34
-0.000215576
2.96611e-05
-2.18007e-05
3.71056e-22
5.92659e-33
-6.05126e-33
-1.55769e-21
1.37148e-05
8.26935e-05
6.93821e-05
-3.95764e-05
-3.7919e-05
1.35955e-05
-1.82598e-05
5.12945e-05
-2.82955e-05
-3.56795e-07
4.47147e-05
9.3695e-05
1.3117e-07
2.12517e-05
3.0916e-20
-0.000253472
7.61353e-35
-9.98875e-05
-0.000184715
-0.000235439
-0.000261481
-2.48753e-05
-4.87015e-05
7.65346e-05
3.4954e-05
-0.000115979
-7.5939e-21
-0.000214721
-0.000256063
9.89677e-05
4.16011e-05
-2.82818e-05
-2.01761e-05
2.44035e-05
0.000104281
0.000157757
-7.92141e-05
-5.74486e-05
4.69874e-05
-4.35932e-06
-8.70169e-05
-9.69603e-05
6.65798e-35
0.000124757
0.000177183
-6.8873e-34
1.86999e-05
3.83245e-05
-0.000276308
8.34669e-35
-0.000169652
-7.90309e-05
-0.000250527
-2.09302e-05
6.8537e-18
-0.000131962
-0.000231885
-0.000271631
0.000134833
-8.83633e-05
-9.46752e-05
-3.14083e-05
-6.18214e-05
-0.00022383
0.000144947
5.45546e-05
0.000222364
0.000216083
-0.000152063
-0.000111086
-5.29003e-05
-0.000177473
0.000136861
-6.5308e-34
0.000234774
3.50629e-07
2.02842e-05
-0.00029105
-0.000276729
6.36629e-35
-0.000126744
-3.06326e-05
-2.7951e-21
-0.000161722
-0.000264989
-0.000200245
-0.000154473
-0.000168584
-6.76923e-05
-0.000227927
0.000108534
-1.79569e-05
0.000249017
0.000171093
-0.00023452
-0.000150329
0.000139505
5.12677e-07
-7.34059e-35
-0.000299817
-0.000291444
3.29458e-35
-0.000139448
-4.70478e-05
-1.65737e-20
-0.000161301
-0.00025741
-0.000243229
-0.000156794
-0.000243343
-3.80216e-35
-4.3891e-21
-1.46935e-34
-5.8624e-21
-0.000102078
2.44135e-05
0.000130958
0.000178971
9.05607e-05
-0.000207676
-0.000246653
-2.43357e-33
-6.69236e-07
-0.000277484
-0.000304708
-0.000313269
2.74138e-35
-4.00683e-05
-0.000145099
-2.1249e-18
-0.000154656
-0.000204715
-0.000107412
-0.0002594
2.99358e-19
4.46586e-18
-8.01131e-06
-3.62487e-05
3.34197e-18
-1.00165e-34
-2.44422e-05
-1.68649e-05
-0.000113947
4.49557e-22
-8.44451e-22
4.78128e-18
-1.39794e-18
-1.1143e-21
-5.57261e-35
1.92902e-22
-3.09868e-18
-2.9721e-20
1.67487e-18
-6.14533e-36
-1.09607e-19
-9.6626e-19
-3.74762e-35
-3.38635e-18
-1.77988e-35
2.64227e-22
6.83435e-05
-4.30531e-05
0.000101833
2.86092e-05
-0.000169791
-0.000190025
-2.70067e-33
5.98705e-34
-0.00020148
-0.000292653
-0.000304731
-0.000325257
-2.69736e-35
-6.09179e-05
-0.00019664
1.26796e-17
-0.000116882
-1.13845e-05
-1.07319e-05
-1.58796e-05
-1.69643e-05
-6.31402e-05
-5.17307e-05
-1.21068e-17
-2.12241e-05
-3.85615e-05
-7.47253e-06
-1.31618e-05
-1.35812e-18
-4.86894e-06
-3.58211e-06
4.26105e-19
-5.12826e-06
-7.03703e-06
-1.0452e-18
-2.00808e-06
-2.29353e-06
-6.56751e-06
-1.55819e-05
-7.63301e-06
3.62788e-05
5.41203e-05
7.33138e-13
2.12214e-20
-5.89451e-06
-2.27544e-05
-2.66375e-05
-6.88211e-05
8.14822e-06
-0.00012889
-0.000108155
1.09239e-05
-4.7251e-07
-0.000245203
-0.000125997
-0.000320976
-0.000262605
-0.000334708
-1.46854e-34
-9.69792e-05
-1.51606e-05
-2.40863e-05
-3.01399e-05
-0.000106164
-7.08844e-05
-5.18793e-05
-3.41567e-05
-1.29079e-05
-1.69375e-05
-5.99285e-06
-7.85997e-06
-8.20022e-06
-1.34306e-05
-5.19442e-06
-5.30074e-06
-1.27016e-05
-2.86595e-05
2.01119e-05
1.78505e-05
6.40785e-13
-8.57709e-08
-3.19379e-35
1.15129e-06
-8.71518e-06
-3.26536e-05
-3.55151e-05
-6.18029e-05
-2.23958e-05
-8.05004e-05
2.47096e-33
3.05324e-07
-0.00017401
-0.000270943
-0.000344599
-0.000221959
-0.000339454
-7.31469e-05
-3.73114e-34
-2.39689e-05
-4.77682e-05
-5.40172e-05
-4.97011e-05
-0.000110548
-6.68179e-05
-2.16677e-05
-1.19719e-05
-1.45165e-05
-1.76897e-05
-6.55135e-06
-1.05979e-05
2.17594e-06
4.65969e-06
-1.59687e-13
-7.21374e-06
-2.00528e-06
-5.55711e-24
-5.39016e-07
-1.18793e-05
-4.47259e-05
3.92949e-24
2.32425e-35
-7.54542e-22
1.71497e-16
-4.4852e-20
2.61147e-14
8.64423e-36
-4.10219e-36
1.39493e-18
-1.50526e-18
1.07523e-19
2.6121e-35
-3.56753e-05
-3.65038e-05
-1.30283e-05
2.70152e-33
-4.05207e-06
-2.21563e-05
-0.000181142
-0.000275021
-0.000357356
-0.000140543
-0.000308204
-0.000370148
-3.80753e-05
-8.6293e-05
-8.58384e-05
-6.54843e-05
-0.000115769
-3.21756e-05
-1.96182e-05
-2.02405e-05
-4.45974e-06
-7.89074e-06
-1.4199e-05
-8.0947e-07
-3.51035e-05
-1.70118e-06
-6.45227e-07
1.39697e-07
2.07973e-06
-0.000131784
-0.000110807
1.4768e-06
8.41971e-07
1.80962e-35
3.68309e-06
5.30301e-06
3.04047e-06
-1.22321e-05
-9.00317e-23
-1.35251e-19
7.3408e-22
1.65365e-35
-1.22323e-18
2.21308e-22
-1.07567e-18
3.32724e-06
-6.27604e-06
1.62903e-06
3.5433e-13
-1.97978e-05
9.02167e-06
-8.53461e-05
-0.000160774
-0.000286181
-0.000323929
-0.000356712
-5.64966e-05
-0.00010674
-3.26411e-05
-2.37073e-05
-1.0746e-05
-2.9724e-06
-1.33751e-05
-7.48539e-07
6.86022e-07
5.49313e-06
3.14082e-06
-0.000269968
-0.00022003
6.08173e-06
8.14981e-06
6.79452e-06
1.03538e-05
5.34589e-07
6.9349e-06
1.00411e-21
7.69806e-06
6.62911e-06
6.1161e-06
3.20542e-06
8.34701e-06
5.74059e-06
1.22985e-05
2.53635e-33
7.38212e-06
4.0097e-05
-8.14756e-05
-0.000156803
-0.000254561
-0.000314143
-8.45317e-05
-4.64992e-05
-2.64799e-05
-2.00565e-06
1.86147e-06
-3.68871e-06
1.14334e-05
-0.000180416
1.29629e-05
1.39381e-05
6.62929e-06
1.47571e-05
1.01919e-05
1.49285e-05
-1.9119e-21
1.35397e-05
9.1516e-06
1.3334e-05
1.03037e-05
-6.30937e-18
-2.32314e-18
3.28128e-35
-7.13986e-18
4.59434e-35
4.76242e-35
5.85723e-35
2.10589e-05
3.38907e-05
3.14668e-13
0.000100062
8.44453e-05
2.49877e-06
-6.09319e-05
-9.63616e-05
-0.000156092
-9.86154e-06
1.04606e-05
1.33342e-05
2.26628e-05
2.23002e-05
-8.16128e-07
2.24737e-05
2.37008e-05
1.52457e-05
2.93449e-05
2.16314e-05
2.54245e-05
1.63295e-05
1.67299e-05
1.56244e-05
1.21453e-05
1.31129e-05
1.16213e-05
4.31509e-22
1.25283e-05
3.12265e-05
3.53422e-05
1.55089e-05
9.505e-05
1.78815e-13
0.000214487
0.000197229
1.73617e-05
2.72423e-05
2.80458e-05
3.6312e-05
4.17864e-05
0.000196644
4.45969e-05
2.45393e-05
4.37707e-05
4.31966e-05
4.68695e-05
2.7564e-05
2.83352e-05
3.82427e-05
2.87673e-05
2.60516e-05
4.18235e-18
5.73469e-05
3.04379e-05
0.000133404
-1.81475e-15
0.000310233
0.000156078
8.03877e-05
7.98496e-05
0.000305598
7.4234e-05
5.61445e-05
4.68539e-05
4.52683e-05
7.15235e-05
-3.94753e-18
2.40961e-05
0.000105417
4.70505e-05
0.000161197
8.04251e-34
0.000358486
0.0003079
0.000160088
0.000299739
0.000109591
7.65731e-05
6.91037e-05
0.000122468
1.80219e-34
7.21091e-05
0.000162711
0.00013194
3.72925e-34
0.000368682
0.000313912
0.000257559
0.000343735
0.000200893
0.00011109
0.000136776
0.00012968
0.000211128
1.74517e-34
0.000214581
7.07529e-05
9.91663e-35
1.32894e-34
0.000358493
0.000311555
0.000311687
0.000215901
0.000145647
0.000295446
0.000189378
5.27252e-05
0.000177933
1.13477e-34
8.18887e-05
1.41698e-35
0.000332189
0.000335195
0.000291699
0.00027417
0.000205749
0.000250319
0.000287048
0.000143868
1.05382e-34
2.8912e-05
0.000131719
0.000126267
-3.24404e-35
0.000319099
0.000316334
0.000266214
0.000242826
0.000298764
6.2798e-35
5.26667e-05
0.000183269
0.000195415
0.000296777
-8.01357e-23
0.000309535
0.000299935
0.000248257
0.000275108
0.000126302
-6.31245e-17
0.000138413
2.96659e-05
0.000231486
0.000296755
7.45895e-05
6.78301e-24
0.000288627
0.000221637
0.000280765
0.000140373
7.53921e-35
0.000126814
2.62032e-05
0.000235858
0.000289495
6.8178e-05
0.000114825
-6.90247e-35
0.000267652
0.000175012
0.000225581
0.000271474
0.000279829
0.000218156
1.41004e-20
0.000117807
1.92732e-05
6.06428e-05
0.000169644
0.000120506
-7.33724e-35
0.000260833
0.000169878
0.000223206
0.000246767
0.000269753
5.47266e-35
0.000102894
2.66898e-05
0.000209945
0.000130959
-3.3006e-20
0.00025696
0.000172702
0.00023335
0.000252176
-2.77378e-18
5.6046e-05
0.000114711
1.15928e-05
0.000210302
0.000116493
-3.12625e-20
0.000241042
0.000139284
0.000196572
0.000229393
2.41006e-18
1.83884e-05
7.27328e-05
0.000167479
-7.24796e-23
0.000219279
9.5455e-05
0.000180324
0.000213759
-1.56196e-16
2.52571e-05
0.000142523
-1.2316e-34
0.000167109
4.60565e-05
0.000138123
0.000176492
1.37349e-16
-2.074e-21
2.10373e-16
0.000167065
9.08431e-05
-4.31402e-34
3.60383e-21
4.06196e-05
-4.8155e-35
