-4.30245e-05
-4.30245e-05
-4.33173e-16
-4.30245e-05
-4.13837e-05
5.06641e-07
1.73445e-07
5.86987e-16
-4.30245e-05
-4.10426e-05
-4.04215e-05
5.72917e-07
-4.00243e-05
-3.92977e-05
8.52134e-07
5.72917e-07
1.14523e-06
-4.96183e-16
1.73581e-07
6.65414e-16
5.36829e-07
-3.87503e-05
-4.30245e-05
-4.0576e-05
-4.30245e-05
-4.30245e-05
-3.64611e-05
-3.74189e-05
-3.70745e-05
1.14583e-06
-3.7024e-05
1.14583e-06
1.43227e-06
1.71871e-06
5.73956e-07
5.73956e-07
8.58231e-07
1.1468e-06
-3.79877e-05
-4.01769e-05
-4.04721e-05
-4.00243e-05
-3.4913e-05
-3.559e-05
-3.41306e-05
-3.48564e-05
1.71875e-06
-3.40238e-05
2.0052e-06
2.29166e-06
1.71875e-06
1.14791e-06
1.14791e-06
1.4348e-06
1.72183e-06
-3.72949e-05
-3.7024e-05
-3.42409e-05
-3.24286e-05
-3.26428e-05
-3.27831e-05
-3.13584e-05
-3.20439e-05
2.29167e-06
-3.10236e-05
2.57812e-06
2.29167e-06
2.86458e-06
1.72187e-06
1.72187e-06
2.00884e-06
2.29582e-06
-3.40238e-05
-3.22031e-05
-3.1042e-05
-2.97743e-05
-3.01649e-05
-2.9714e-05
-2.86093e-05
-2.92093e-05
2.86458e-06
-2.80233e-05
3.4375e-06
2.86458e-06
3.15104e-06
2.29582e-06
2.29582e-06
2.5828e-06
2.86978e-06
-3.10236e-05
-2.93541e-05
-2.80311e-05
-2.72093e-05
-2.74996e-05
-2.67441e-05
-2.58742e-05
-2.64136e-05
-2.48126e-05
3.4375e-06
-2.50231e-05
3.72396e-06
4.01042e-06
3.4375e-06
2.86978e-06
2.86978e-06
3.15676e-06
3.44374e-06
-2.80233e-05
-2.64612e-05
-2.51409e-05
-2.46524e-05
-2.36618e-05
-2.33746e-05
-2.34707e-05
-2.22888e-05
4.01042e-06
-2.2023e-05
4.58332e-06
4.29688e-06
4.0104e-06
3.44374e-06
3.44374e-06
3.73072e-06
4.0177e-06
-2.50231e-05
-2.3594e-05
-2.24749e-05
-2.07418e-05
-2.15142e-05
-2.09572e-05
-2.05853e-05
-1.93788e-05
4.58333e-06
-1.90239e-05
4.8698e-06
4.5834e-06
5.15633e-06
4.0177e-06
4.01768e-06
4.30467e-06
4.59163e-06
-2.20231e-05
-2.07547e-05
-1.99606e-05
-1.80769e-05
-1.84088e-05
-1.85597e-05
-1.76594e-05
-1.63995e-05
5.15624e-06
-1.60337e-05
5.44269e-06
5.15594e-06
5.72884e-06
4.59165e-06
4.59172e-06
4.87863e-06
5.16569e-06
-1.90241e-05
-1.78233e-05
-1.61927e-05
-1.57497e-05
-1.58515e-05
-1.48491e-05
-1.33334e-05
-1.41969e-05
5.72929e-06
-1.30284e-05
6.01584e-06
6.3067e-06
5.73066e-06
5.1656e-06
5.16526e-06
5.45256e-06
5.73917e-06
-1.51095e-05
-1.60304e-05
-1.39022e-05
-1.34103e-05
-1.29779e-05
-1.17659e-05
-1.04166e-05
-1.15027e-05
6.30113e-06
-1.02321e-05
6.59342e-06
6.29508e-06
5.73967e-06
5.74122e-06
6.02667e-06
6.31765e-06
-1.14677e-05
-1.30433e-05
-1.14116e-05
-1.14665e-05
-9.96043e-06
-8.59159e-06
-7.59733e-06
-8.6846e-06
6.9129e-06
6.88502e-06
-6.76396e-06
7.17688e-06
6.90745e-06
6.31261e-06
6.30572e-06
6.60411e-06
6.92158e-06
-9.01289e-06
-1.02165e-05
-9.2305e-06
-7.15064e-06
-5.14945e-06
-5.88868e-06
7.4703e-06
7.36786e-06
-2.3744e-06
7.66155e-06
7.43187e-06
6.89763e-06
7.47177e-06
6.92377e-06
7.18604e-06
-6.87629e-06
-6.76335e-06
-6.93732e-06
-4.33627e-06
-5.10806e-06
-2.04588e-06
-2.3925e-06
-3.23021e-06
7.93142e-06
7.88781e-06
5.31962e-08
8.74483e-07
8.34907e-06
7.3783e-06
7.6453e-06
7.4287e-06
-2.22793e-06
-4.12921e-06
-4.01956e-06
-2.7473e-06
7.90562e-06
3.83564e-08
-9.4515e-07
1.15114e-06
-2.22008e-07
7.60311e-06
7.7483e-06
2.46527e-06
8.97136e-06
7.95109e-06
8.4344e-06
8.61682e-07
-8.64897e-07
-5.27917e-07
7.80582e-06
2.40704e-06
1.80765e-06
1.00939e-06
2.54881e-06
4.00912e-06
6.39837e-06
5.27135e-06
5.07738e-06
7.62146e-06
9.45306e-06
2.35712e-06
1.68606e-06
7.24435e-06
3.47321e-06
3.11373e-06
2.80903e-06
4.1796e-06
5.25166e-06
4.29851e-06
4.87396e-06
5.15422e-06
5.68571e-06
3.81493e-06
4.03591e-06
4.14199e-06
5.52192e-06
4.44662e-06
3.9616e-06
4.15441e-06
3.86432e-06
4.55846e-06
4.82188e-06
5.05763e-06
4.81528e-06
4.52609e-06
5.01967e-06
4.32424e-06
4.87024e-06
4.68303e-06
4.97953e-06
4.83387e-06
5.05924e-06
4.75013e-06
4.7557e-06
5.17323e-06
5.25663e-06
5.35997e-06
5.52657e-06
5.06156e-06
5.19561e-06
4.49348e-06
4.94067e-06
5.50089e-06
5.20035e-06
4.96738e-06
5.57218e-06
5.51425e-06
5.77096e-06
5.89174e-06
5.74539e-06
5.87623e-06
6.02908e-06
5.7446e-06
5.06816e-06
6.02091e-06
5.3648e-06
5.77134e-06
5.44252e-06
6.22856e-06
6.18564e-06
6.36037e-06
6.50992e-06
6.23331e-06
6.29465e-06
6.46394e-06
6.62699e-06
6.4392e-06
5.73581e-06
6.29392e-06
6.63661e-06
6.31899e-06
5.96669e-06
6.84139e-06
7.03581e-06
6.88013e-06
6.73414e-06
6.8846e-06
6.94122e-06
7.09902e-06
7.21245e-06
7.10097e-06
6.41565e-06
6.8127e-06
7.11264e-06
6.67855e-06
7.11138e-06
7.73696e-06
7.43619e-06
7.51714e-06
7.48747e-06
7.51588e-06
7.34941e-06
7.60454e-06
7.70701e-06
8.19457e-06
7.75646e-06
8.05488e-06
7.0836e-06
7.65712e-06
7.39777e-06
7.35246e-06
7.68817e-06
8.04211e-06
8.0202e-06
8.0623e-06
8.03683e-06
8.25509e-06
8.63023e-06
8.65294e-06
8.56728e-06
8.40375e-06
7.73635e-06
8.06571e-06
7.98545e-06
8.22741e-06
8.51832e-06
8.52741e-06
8.55242e-06
9.0012e-06
8.6708e-06
9.04539e-06
8.94717e-06
9.0276e-06
9.13568e-06
9.29654e-06
9.04616e-06
8.38197e-06
8.69349e-06
8.6066e-06
9.28873e-06
9.10949e-06
9.08297e-06
9.53602e-06
9.34037e-06
9.49378e-06
9.83169e-06
9.54036e-06
9.62484e-06
9.81098e-06
9.72319e-06
9.6864e-06
9.02294e-06
9.13708e-06
9.63051e-06
9.85332e-06
9.70553e-06
1.00871e-05
1.01723e-05
9.97259e-06
1.00854e-05
1.03862e-05
1.0179e-05
1.02257e-05
1.03098e-05
1.03253e-05
9.66124e-06
1.01413e-05
1.04163e-05
1.03877e-05
1.07145e-05
1.06495e-05
1.0804e-05
1.05843e-05
1.09465e-05
1.06765e-05
1.07878e-05
1.08248e-05
1.09637e-05
1.02985e-05
1.06283e-05
1.08129e-05
1.10857e-05
1.10603e-05
1.13901e-05
1.11693e-05
1.13305e-05
1.14305e-05
1.11612e-05
1.15035e-05
1.12669e-05
1.13702e-05
1.1793e-05
1.16019e-05
1.09351e-05
1.12405e-05
1.14846e-05
1.17646e-05
1.17156e-05
1.20627e-05
1.17879e-05
1.20486e-05
1.17241e-05
1.20676e-05
1.18633e-05
1.20137e-05
1.22715e-05
1.224e-05
1.15715e-05
1.18693e-05
1.21415e-05
1.24266e-05
1.23717e-05
1.273e-05
1.24095e-05
1.27075e-05
1.23191e-05
1.26453e-05
1.24699e-05
1.26154e-05
1.30881e-05
1.27857e-05
1.28781e-05
1.22078e-05
1.25024e-05
1.2783e-05
1.30795e-05
1.30519e-05
1.3398e-05
1.30515e-05
1.33841e-05
1.29012e-05
1.32163e-05
1.30901e-05
1.32559e-05
1.36236e-05
1.33953e-05
1.35162e-05
1.28441e-05
1.31302e-05
1.34157e-05
1.37259e-05
1.37211e-05
1.40391e-05
1.37288e-05
1.40593e-05
1.35748e-05
1.37044e-05
1.40225e-05
1.38398e-05
1.41739e-05
1.40244e-05
1.41542e-05
1.34803e-05
1.37562e-05
1.40538e-05
1.43638e-05
1.4354e-05
1.46531e-05
1.4393e-05
1.46664e-05
1.41982e-05
1.43642e-05
1.45757e-05
1.44724e-05
1.46965e-05
1.47923e-05
1.41166e-05
1.43942e-05
1.46991e-05
1.49954e-05
1.49438e-05
1.52368e-05
1.49942e-05
1.52456e-05
1.47694e-05
1.50268e-05
1.50956e-05
1.50386e-05
1.53724e-05
1.54304e-05
1.47529e-05
1.50503e-05
1.53525e-05
1.56022e-05
1.5552e-05
1.58246e-05
1.59046e-05
1.55805e-05
1.58915e-05
1.5344e-05
1.5571e-05
1.56002e-05
1.5885e-05
1.59602e-05
1.60685e-05
1.53892e-05
1.59654e-05
1.57453e-05
1.62661e-05
1.62334e-05
1.64276e-05
1.62361e-05
1.6526e-05
1.5887e-05
1.61872e-05
1.62162e-05
1.64797e-05
1.65659e-05
1.67066e-05
1.60255e-05
1.63836e-05
1.67785e-05
1.68444e-05
1.67862e-05
1.73006e-05
1.69249e-05
1.69001e-05
1.72075e-05
1.65145e-05
1.68118e-05
1.68514e-05
1.70962e-05
1.71889e-05
1.73446e-05
1.66618e-05
1.69637e-05
1.68942e-05
1.74038e-05
1.74248e-05
1.78243e-05
1.78717e-05
1.7426e-05
1.75917e-05
1.78517e-05
1.71409e-05
1.74405e-05
1.7472e-05
1.77233e-05
1.77704e-05
1.79827e-05
1.72981e-05
1.74688e-05
1.78879e-05
1.83289e-05
1.81434e-05
1.83999e-05
1.80224e-05
1.82355e-05
1.85084e-05
1.77799e-05
1.80753e-05
1.80879e-05
1.83561e-05
1.83941e-05
1.86208e-05
1.79344e-05
1.83317e-05
1.87598e-05
1.88951e-05
1.87572e-05
1.90006e-05
1.8676e-05
1.88766e-05
1.91523e-05
1.84343e-05
1.87122e-05
1.87105e-05
1.89959e-05
1.92497e-05
1.90615e-05
1.92589e-05
1.85707e-05
1.89624e-05
1.93124e-05
1.95303e-05
1.94173e-05
1.943e-05
1.97109e-05
1.93121e-05
1.91262e-05
1.966e-05
1.967e-05
1.97466e-05
1.9897e-05
1.9207e-05
1.95519e-05
1.98709e-05
2.00961e-05
2.00459e-05
1.99895e-05
2.01544e-05
2.03445e-05
1.98367e-05
2.01968e-05
2.02946e-05
2.01861e-05
2.04509e-05
2.05351e-05
1.98433e-05
2.01378e-05
2.04946e-05
2.06077e-05
2.07504e-05
2.06145e-05
2.08411e-05
2.10092e-05
2.0529e-05
2.0784e-05
2.09579e-05
2.08253e-05
2.10948e-05
2.11732e-05
2.04796e-05
2.06931e-05
2.11103e-05
2.10218e-05
2.12511e-05
2.14101e-05
2.12838e-05
2.14953e-05
2.16734e-05
2.11991e-05
2.14046e-05
2.16136e-05
2.147e-05
2.16582e-05
2.20479e-05
2.18112e-05
2.11159e-05
2.15615e-05
2.16089e-05
2.19832e-05
2.18877e-05
2.19903e-05
2.19936e-05
2.24582e-05
2.23116e-05
2.18657e-05
2.20394e-05
2.22492e-05
2.21427e-05
2.25943e-05
2.24493e-05
2.17521e-05
2.21427e-05
2.24705e-05
2.23428e-05
2.25254e-05
2.27039e-05
2.30121e-05
2.28917e-05
2.24802e-05
2.26923e-05
2.28769e-05
2.28074e-05
2.32077e-05
2.30874e-05
2.23884e-05
2.29016e-05
2.2774e-05
2.29363e-05
2.31666e-05
2.33705e-05
2.34513e-05
2.35823e-05
2.33919e-05
2.31355e-05
2.33655e-05
2.34866e-05
2.3488e-05
2.38277e-05
2.37255e-05
2.30247e-05
2.33094e-05
2.35474e-05
2.38286e-05
2.38636e-05
2.37873e-05
2.39811e-05
2.41204e-05
2.38168e-05
2.4054e-05
2.41173e-05
2.43784e-05
2.46246e-05
2.43636e-05
2.46393e-05
2.3661e-05
2.4394e-05
2.41709e-05
2.43402e-05
2.42095e-05
2.45387e-05
2.48047e-05
2.47235e-05
2.44196e-05
2.47594e-05
2.49864e-05
2.51844e-05
2.50017e-05
2.52342e-05
2.42973e-05
2.49307e-05
2.47208e-05
2.4697e-05
2.48421e-05
2.51703e-05
2.54191e-05
2.51934e-05
2.5423e-05
2.55581e-05
2.57313e-05
2.56397e-05
2.57023e-05
2.62778e-05
2.49336e-05
2.52879e-05
2.55624e-05
2.52215e-05
2.52617e-05
2.55516e-05
2.57853e-05
2.60107e-05
2.59295e-05
2.6022e-05
2.60967e-05
2.63027e-05
2.62547e-05
2.64965e-05
2.69159e-05
2.55699e-05
2.61106e-05
2.58309e-05
2.58789e-05
2.615e-05
2.6386e-05
2.66541e-05
2.6587e-05
2.65125e-05
2.68067e-05
2.65816e-05
2.69892e-05
2.7005e-05
2.74238e-05
2.7554e-05
2.62062e-05
2.64988e-05
2.64813e-05
2.67383e-05
2.70547e-05
2.70808e-05
2.74648e-05
2.70973e-05
2.7375e-05
2.75775e-05
2.7056e-05
2.71154e-05
2.75227e-05
2.77733e-05
2.79656e-05
2.81921e-05
2.68425e-05
2.71445e-05
2.71038e-05
2.73493e-05
2.76198e-05
2.79742e-05
2.7631e-05
2.78822e-05
2.80016e-05
2.80203e-05
2.76487e-05
2.84384e-05
2.80759e-05
2.84564e-05
2.88302e-05
2.74788e-05
2.78362e-05
2.77813e-05
2.82412e-05
2.82421e-05
2.84642e-05
2.8257e-05
2.84805e-05
2.86346e-05
2.8492e-05
2.83529e-05
2.89266e-05
2.87304e-05
2.91125e-05
2.94682e-05
2.81151e-05
2.85698e-05
2.84492e-05
2.88476e-05
2.89658e-05
2.89158e-05
2.89691e-05
2.89613e-05
2.92364e-05
2.90077e-05
2.94521e-05
2.93441e-05
2.97991e-05
3.01063e-05
2.87514e-05
2.92192e-05
2.94334e-05
2.91037e-05
2.94737e-05
2.93889e-05
2.96321e-05
2.95164e-05
2.95943e-05
2.98213e-05
2.96793e-05
3.03974e-05
2.99643e-05
3.07444e-05
2.93877e-05
2.98668e-05
2.9757e-05
3.01895e-05
3.00256e-05
2.99523e-05
3.02165e-05
3.03055e-05
3.01744e-05
3.10066e-05
3.0272e-05
3.06119e-05
3.13825e-05
3.0024e-05
3.05134e-05
3.03733e-05
3.07495e-05
3.05752e-05
3.07975e-05
3.05145e-05
3.08533e-05
3.07549e-05
3.08576e-05
3.15812e-05
3.12247e-05
3.09331e-05
3.20206e-05
3.21007e-05
3.06603e-05
3.11417e-05
3.12852e-05
3.09921e-05
3.12235e-05
3.12585e-05
3.11757e-05
3.156e-05
3.1454e-05
3.13977e-05
3.20974e-05
3.17225e-05
3.16019e-05
3.25192e-05
3.26587e-05
3.28375e-05
3.12965e-05
3.17329e-05
3.16481e-05
3.17655e-05
3.21597e-05
3.1819e-05
3.21308e-05
3.20143e-05
3.26352e-05
3.22245e-05
3.2103e-05
3.27932e-05
3.30818e-05
3.32967e-05
3.34868e-05
3.19328e-05
3.2235e-05
3.26101e-05
3.23411e-05
3.27029e-05
3.24484e-05
3.26561e-05
3.32135e-05
3.30991e-05
3.26399e-05
3.34179e-05
3.36633e-05
3.39348e-05
3.41083e-05
3.25691e-05
3.29167e-05
3.32813e-05
3.3124e-05
3.29337e-05
3.32586e-05
3.3141e-05
3.38462e-05
3.36396e-05
3.32887e-05
3.40045e-05
3.42759e-05
3.45729e-05
3.4709e-05
3.32054e-05
3.3476e-05
3.35587e-05
3.37875e-05
3.37621e-05
3.36181e-05
3.3864e-05
3.42997e-05
3.45019e-05
3.41611e-05
3.39326e-05
3.45085e-05
3.48876e-05
3.5211e-05
3.52798e-05
3.38417e-05
3.40635e-05
3.41909e-05
3.43838e-05
3.42775e-05
3.48391e-05
3.45994e-05
3.49419e-05
3.52529e-05
3.46226e-05
3.49945e-05
3.54928e-05
3.57759e-05
3.58491e-05
3.4478e-05
3.47751e-05
3.46626e-05
3.50429e-05
3.53568e-05
3.49562e-05
3.5391e-05
3.5272e-05
3.55098e-05
3.59291e-05
3.53824e-05
3.60188e-05
3.62967e-05
3.64872e-05
3.65366e-05
3.51143e-05
3.52772e-05
3.58198e-05
3.57298e-05
3.61793e-05
3.55687e-05
3.59052e-05
3.5895e-05
3.59653e-05
3.655e-05
3.60785e-05
3.68251e-05
3.70814e-05
3.71253e-05
3.71403e-05
3.57506e-05
3.61493e-05
3.64471e-05
3.6354e-05
3.67476e-05
3.62858e-05
3.65453e-05
3.65975e-05
3.7202e-05
3.6756e-05
3.74522e-05
3.76418e-05
3.77633e-05
3.76763e-05
3.78206e-05
3.63869e-05
3.67495e-05
3.70338e-05
3.69788e-05
3.73193e-05
3.69463e-05
3.72237e-05
3.7337e-05
3.80751e-05
3.82085e-05
3.84014e-05
3.79955e-05
3.82836e-05
3.856e-05
3.70232e-05
3.7345e-05
3.76032e-05
3.78739e-05
3.81169e-05
3.76283e-05
3.75855e-05
3.78068e-05
3.8064e-05
3.90701e-05
3.87184e-05
3.90395e-05
3.85942e-05
3.88503e-05
3.91586e-05
3.76595e-05
3.79547e-05
3.81975e-05
3.8526e-05
3.86277e-05
3.8319e-05
3.82487e-05
3.87048e-05
3.91354e-05
3.95987e-05
3.94521e-05
3.96776e-05
3.91733e-05
3.96092e-05
3.82958e-05
3.87531e-05
3.85678e-05
3.91035e-05
3.90885e-05
3.90233e-05
3.88526e-05
3.9334e-05
3.96008e-05
3.99922e-05
4.00972e-05
4.03157e-05
3.9773e-05
4.00848e-05
4.0324e-05
3.89321e-05
3.95954e-05
3.92139e-05
3.95427e-05
3.99778e-05
4.00539e-05
3.95626e-05
3.95888e-05
4.04814e-05
4.06341e-05
4.07545e-05
4.09538e-05
4.0354e-05
4.0695e-05
4.1015e-05
3.95684e-05
4.00515e-05
3.99164e-05
4.04739e-05
4.06076e-05
4.03306e-05
4.05963e-05
4.01189e-05
4.09926e-05
4.12308e-05
4.13744e-05
4.15919e-05
4.11716e-05
4.09607e-05
4.13436e-05
4.15331e-05
4.17435e-05
4.02046e-05
4.05704e-05
4.09541e-05
4.11975e-05
4.10292e-05
4.08e-05
4.18012e-05
4.19478e-05
4.223e-05
4.16321e-05
4.16026e-05
4.20104e-05
4.21844e-05
4.24049e-05
4.08409e-05
4.10986e-05
4.12586e-05
4.15605e-05
4.17829e-05
4.15205e-05
4.23925e-05
4.24887e-05
4.20341e-05
4.2868e-05
4.21944e-05
4.2608e-05
4.29475e-05
4.29102e-05
4.14772e-05
4.17203e-05
4.18913e-05
4.21919e-05
4.22258e-05
4.26435e-05
4.28593e-05
4.32441e-05
4.33306e-05
4.25513e-05
4.35061e-05
4.28472e-05
4.32751e-05
4.3469e-05
4.36664e-05
4.21135e-05
4.23544e-05
4.24461e-05
4.28383e-05
4.28601e-05
4.32174e-05
4.37964e-05
4.31377e-05
4.41442e-05
4.34566e-05
4.38168e-05
4.3925e-05
4.40874e-05
4.41483e-05
4.42761e-05
4.27498e-05
4.29919e-05
4.33726e-05
4.34466e-05
4.3746e-05
4.37593e-05
4.44579e-05
4.37952e-05
4.47822e-05
4.4168e-05
4.44196e-05
4.45655e-05
4.47587e-05
4.47622e-05
4.33861e-05
4.36676e-05
4.43148e-05
4.40324e-05
4.4137e-05
4.4278e-05
4.50811e-05
4.45104e-05
4.54202e-05
4.48454e-05
4.49809e-05
4.51873e-05
4.53489e-05
4.40224e-05
4.43675e-05
4.47833e-05
4.47673e-05
4.48147e-05
4.56395e-05
4.51185e-05
4.60581e-05
4.54131e-05
4.54221e-05
4.55343e-05
4.59837e-05
4.58251e-05
4.46587e-05
4.49934e-05
4.53917e-05
4.52782e-05
4.57547e-05
4.54739e-05
4.61869e-05
4.58168e-05
4.65506e-05
4.66959e-05
4.58803e-05
4.60127e-05
4.63272e-05
4.65109e-05
4.52951e-05
4.55874e-05
4.59265e-05
4.60066e-05
4.62064e-05
4.62405e-05
4.63988e-05
4.67184e-05
4.69771e-05
4.71081e-05
4.73336e-05
4.64346e-05
4.66848e-05
4.69431e-05
4.72271e-05
4.59316e-05
4.6229e-05
4.64948e-05
4.68396e-05
4.66469e-05
4.67748e-05
4.70344e-05
4.72786e-05
4.75735e-05
4.77375e-05
4.79712e-05
4.70564e-05
4.7329e-05
4.76072e-05
4.78791e-05
4.65682e-05
4.68596e-05
4.71109e-05
4.736e-05
4.73689e-05
4.76034e-05
4.77857e-05
4.83259e-05
4.82589e-05
4.86088e-05
4.76842e-05
4.7972e-05
4.8262e-05
4.84672e-05
4.72051e-05
4.74835e-05
4.77064e-05
4.79702e-05
4.79476e-05
4.81476e-05
4.83388e-05
4.89003e-05
4.88852e-05
4.92469e-05
4.83027e-05
4.86263e-05
4.896e-05
4.78423e-05
4.81033e-05
4.82786e-05
4.85694e-05
4.85097e-05
4.86986e-05
4.89249e-05
4.93915e-05
4.95883e-05
4.94591e-05
4.98861e-05
4.89191e-05
4.92422e-05
4.96299e-05
4.86977e-05
4.84802e-05
4.86633e-05
4.89027e-05
4.9216e-05
4.92786e-05
4.9054e-05
4.92389e-05
4.9549e-05
5.00346e-05
5.02066e-05
5.00194e-05
5.05276e-05
4.95758e-05
4.98763e-05
5.03388e-05
4.92076e-05
4.91191e-05
4.95354e-05
4.9868e-05
4.96882e-05
4.98714e-05
4.95296e-05
4.97978e-05
5.00385e-05
5.01527e-05
5.05794e-05
5.07958e-05
5.06966e-05
5.11724e-05
5.03244e-05
5.10064e-05
5.07953e-05
4.97601e-05
5.05165e-05
5.01808e-05
5.0207e-05
5.04662e-05
5.02963e-05
5.06128e-05
5.07172e-05
5.12071e-05
5.13355e-05
5.18244e-05
5.10807e-05
5.1626e-05
5.1404e-05
5.04032e-05
5.11709e-05
5.08437e-05
5.10648e-05
5.08111e-05
5.07753e-05
5.11734e-05
5.12636e-05
5.18216e-05
5.16789e-05
5.20365e-05
5.24623e-05
5.22996e-05
5.15953e-05
5.18332e-05
5.20301e-05
5.10518e-05
5.17866e-05
5.16813e-05
5.14892e-05
5.14815e-05
5.178e-05
5.22769e-05
5.25074e-05
5.26666e-05
5.31431e-05
5.28375e-05
5.28501e-05
5.22194e-05
5.25373e-05
5.24132e-05
5.16997e-05
5.20768e-05
5.22908e-05
5.20682e-05
5.20678e-05
5.31385e-05
5.30406e-05
5.31772e-05
5.35125e-05
5.34766e-05
5.34175e-05
5.28988e-05
5.326e-05
5.31415e-05
5.28745e-05
5.23527e-05
5.25953e-05
5.25855e-05
5.38648e-05
5.36303e-05
5.38017e-05
5.40908e-05
5.32442e-05
5.40421e-05
5.37043e-05
5.45202e-05
5.35509e-05
5.31243e-05
5.2986e-05
5.31367e-05
5.31341e-05
5.28529e-05
5.40796e-05
5.66114e-05
5.34662e-05
5.48527e-05
5.67886e-05
5.35135e-05
5.43716e-05
5.389e-05
5.31684e-05
5.34152e-05
5.31794e-05
5.53086e-05
5.30048e-05
4.30245e-05
4.30245e-05
4.30245e-05
5.41073e-05
4.30245e-05
5.95537e-05
5.83244e-05
5.85235e-05
5.68913e-05
5.77156e-05
5.55044e-05
5.417e-05
5.2106e-05
6.00115e-05
4.30245e-05
4.30245e-05
4.30245e-05
4.30245e-05
4.30245e-05
4.30245e-05
4.30245e-05
5.43806e-05
5.32506e-05
4.30245e-05
