0.00202141
0.00323426
1.31771e-41
-1.5651e-39
0.00132112
1.93002e-05
1.93002e-05
1.31771e-41
0.00363854
0.00355974
0.00295176
2.63542e-41
8.28065e-40
0.00188645
1.93002e-05
2.63542e-41
1.93002e-05
1.3201e-41
1.93352e-05
1.3201e-41
1.93352e-05
0.00360203
0.00323426
0.00354837
0.00202141
-1.5651e-39
0.003635
0.00306676
0.00189065
2.63542e-41
8.28065e-40
2.63542e-41
1.93002e-05
1.93002e-05
2.6402e-41
2.6402e-41
1.93352e-05
1.93352e-05
0.00337501
0.00282689
0.00159276
8.28065e-40
0.00328285
0.00322938
0.00363302
0.00203338
2.63542e-41
8.28065e-40
1.93002e-05
1.93002e-05
2.63542e-41
2.6402e-41
2.6402e-41
1.93352e-05
1.93352e-05
0.00195683
8.28066e-40
0.00224971
0.00283018
0.00349388
0.00327916
0.00363027
0.00161679
2.63542e-41
8.28065e-40
1.93002e-05
2.63542e-41
1.93002e-05
2.6402e-41
2.6402e-41
1.93352e-05
1.93352e-05
8.28066e-40
0.00148391
0.00264483
0.00272895
0.00344226
0.00336312
0.00363751
0.00154766
2.63542e-41
8.28062e-40
1.93002e-05
2.63542e-41
1.93002e-05
2.6402e-41
2.6402e-41
1.93352e-05
1.93352e-05
8.28065e-40
0.00155884
0.00270546
0.0027091
0.00341626
0.00341004
0.00363843
0.00146662
0.00256446
2.63542e-41
8.28049e-40
1.93002e-05
1.93003e-05
2.63541e-41
4.57592e-22
2.6402e-41
1.93352e-05
1.93352e-05
8.28062e-40
0.00158121
0.00277083
0.00333958
0.00347023
0.00362871
0.00146774
0.00269727
2.63542e-41
8.28003e-40
1.92997e-05
1.93002e-05
2.63545e-41
2.6402e-41
2.64019e-41
1.93352e-05
1.93353e-05
8.28048e-40
0.00158488
0.00276436
0.00339054
0.00338488
0.00363866
0.00160222
0.00280027
2.63539e-41
8.27874e-40
1.93e-05
2.63525e-41
1.93025e-05
2.6402e-41
2.64024e-41
1.93352e-05
1.93347e-05
8.28003e-40
0.00152031
0.00262363
0.0030474
0.00360919
0.00348974
0.0017246
0.00297036
2.63559e-41
8.27905e-40
1.93009e-05
2.63628e-41
1.92882e-05
2.64017e-41
2.64001e-41
1.9335e-05
1.93377e-05
8.27887e-40
0.00169332
0.00347231
0.00270329
0.00362448
0.00168216
0.00269426
0.0033893
2.63434e-41
8.27209e-40
1.92989e-05
1.93513e-05
2.62952e-41
2.64037e-41
2.64115e-41
1.9336e-05
1.93221e-05
0.00138754
8.27814e-40
0.00336871
0.00224894
0.00363516
0.001554
0.00269772
0.00340268
2.6421e-41
8.3895e-40
1.93369e-05
2.65245e-41
2.63908e-41
2.63387e-41
1.93335e-05
1.9393e-05
0.00347499
8.27578e-40
0.00283652
0.00143351
0.00362217
0.00158544
0.00271774
0.00341324
1.8418e-05
2.53322e-41
9.53828e-40
1.71875e-05
5.60015e-41
2.64715e-41
2.65919e-41
1.93771e-05
1.84635e-05
0.00330066
8.37096e-40
0.00217003
0.00357768
0.001989
0.00326613
1.77862e-05
2.27286e-41
1.02837e-39
1.77408e-05
1.33257e-40
2.5308e-41
1.79103e-05
5.60002e-41
1.72639e-05
0.00297362
9.51591e-40
0.00169966
0.00349003
0.00334743
0.00332325
0.00206714
0.00300861
1.47085e-41
1.07447e-05
0.00147586
8.17136e-40
1.78619e-40
2.27089e-41
1.84479e-05
1.33789e-40
1.03204e-39
0.0025649
0.0013808
0.00316979
1.43089e-05
0.00314424
0.00320899
0.0028642
0.00268952
-2.1775e-41
1.50022e-05
0.00160462
8.105e-40
1.55804e-41
1.76843e-40
8.49949e-40
0.00187289
0.00272922
9.41591e-07
0.00271335
0.0029014
0.0028963
0.00232591
0.00165073
0.00019873
1.24403e-41
0.000889869
-6.46702e-22
7.68625e-40
0.00145451
0.00233043
7.23075e-05
0.00235916
0.00265853
0.00248709
0.00172557
0.000366896
1.39172e-40
0.000995959
-1.24274e-21
0.000741693
0.00169612
0.00210623
0.00172923
0.000299352
0.00205449
0.00241128
0.002458
0.00242713
0.00211687
0.00148454
0.00172572
0.000491812
2.25724e-40
0.000991449
1.46225e-20
0.00100749
0.00155968
0.00177911
0.000472734
0.0020784
0.00230096
0.0023229
0.0020887
0.00228589
0.00129922
0.00182599
2.67674e-40
0.000578901
1.07536e-20
0.00100171
0.00173313
0.00136762
0.000534826
0.0021592
0.00221914
0.00203552
0.00223453
0.000887188
0.00151398
0.00194313
2.85476e-40
-2.62395e-20
0.00176299
0.000960017
0.00129923
0.000512548
0.00215351
0.0021683
0.00201505
0.00220757
0.000636922
0.00125808
0.00169475
0.00198786
2.93994e-40
1.33064e-18
0.00150187
0.00181717
0.0010802
0.000680411
0.00215433
0.00219486
0.0021084
0.00103647
0.000567625
0.00144272
0.00177033
0.00201981
7.57218e-20
-1.5511e-20
0.00140974
0.00184688
0.000677647
0.00105681
0.00206553
0.00216659
0.00218065
0.00205976
0.000612588
0.00108209
0.0014907
0.00182436
0.00200579
2.9827e-40
0.000577329
-1.18624e-20
0.00180636
0.0015015
0.000573989
0.00111226
0.00217523
0.00215113
0.00196157
0.00113259
0.00163009
0.00190169
0.00212814
0.000659153
2.98866e-40
-1.33266e-18
0.0015548
0.000576054
0.00110028
0.00218451
0.00179566
0.00207653
0.00168539
0.00125011
0.000775006
0.00164093
0.0021862
0.00197478
0.00213924
2.99251e-40
-1.04784e-20
0.00131174
0.000655597
0.00132548
0.00214214
0.00197876
0.00177213
0.00128166
0.000613116
0.00105898
0.00172525
0.00218353
0.00214808
0.00199618
2.99617e-40
-1.30942e-20
0.00072787
0.000826198
0.00138324
0.0020552
0.00179255
0.00215497
0.0014822
0.000558126
0.0011016
0.00182115
0.0021789
0.00205957
2.99991e-40
-1.35825e-18
0.00079242
0.0013984
0.00201379
0.0017631
0.00218683
0.00213577
0.00154715
0.00113561
0.000587477
0.00189174
0.00211487
3.00388e-40
1.61268e-20
0.000539354
0.00103711
0.0014523
0.00199117
0.00176394
0.00218684
0.00212896
0.00214108
0.00159125
0.00114671
0.000599969
0.00192852
0.00209204
3.008e-40
3.14596e-20
0.000583087
0.00107714
0.00147114
0.00199784
0.00178088
0.00218537
0.00214438
0.00158981
0.00113085
0.000601363
0.00188848
0.00210882
3.01221e-40
-1.10224e-21
0.000591053
0.00108538
0.00148745
0.0020065
0.00179557
0.00218682
0.00213953
0.0015613
0.0011025
0.000590402
0.00189275
0.00200876
0.00213265
3.01647e-40
1.57064e-20
0.000592809
0.00109568
0.0014979
0.00200942
0.00179827
0.00218691
0.0021422
0.00152466
0.00109867
0.000585342
0.00176306
0.00200743
0.00214937
3.02075e-40
-1.65788e-20
0.000592919
0.00109149
0.00148294
0.00201866
0.00179219
0.00218698
0.00215139
0.00138856
0.000677611
0.00106925
0.0017574
0.00199645
0.00213896
6.55482e-20
-2.37926e-20
0.000587286
0.0010704
0.00145879
0.00202119
0.00177722
0.0021836
0.00215971
0.00148318
0.000552799
0.00105052
0.00181374
0.00207968
3.02934e-40
7.49465e-20
0.000573628
0.00104025
0.00143104
0.00202079
0.00177689
0.00217974
0.00215416
0.00150307
0.000573886
0.00110921
0.0018653
0.00209557
3.03363e-40
3.08621e-40
0.000556458
0.0010115
0.00145486
0.00201343
0.00178144
0.00215542
0.00218694
0.00213335
0.00150273
0.000936498
0.00183892
0.000547924
0.00202252
-7.59025e-20
-4.01377e-20
0.00113234
0.000582261
0.00153695
0.00195881
0.00214672
0.0021862
0.00213729
0.00147027
0.00107533
0.00178935
0.00057967
0.00199608
3.0422e-40
-1.35617e-18
0.0008222
0.00140007
0.00202817
0.00180246
0.00166625
0.0021323
0.00218698
0.00214342
0.00147664
0.00107022
0.00177725
0.000575728
0.00199535
3.04648e-40
-2.0776e-20
0.00100083
0.000502793
0.0012375
0.00198499
0.00180943
0.00146133
0.00214966
0.00218666
0.00213358
0.00146378
0.00106873
0.00176988
0.000580903
0.00200994
3.05076e-40
4.5666e-21
0.000606883
0.000879692
0.00126647
0.00200432
0.00172994
0.00214693
0.00218692
0.00214393
0.00146508
0.00107866
0.00178107
0.00059158
0.00201793
3.05504e-40
-4.71182e-20
0.000609048
0.00103975
0.00149592
0.00201364
0.00181245
0.00214829
0.00218697
0.00215278
0.00147793
0.00109643
0.00180248
0.000588168
0.00185874
0.00205492
1.51805e-19
3.12936e-40
0.000583498
0.00118972
0.00168159
0.00200039
0.00217264
0.00214926
0.00109254
0.00150106
0.000692704
0.00171844
0.00202555
7.59025e-20
7.61361e-20
0.000660904
0.00125463
0.00166078
0.00197212
0.00218699
0.00214314
0.0021349
0.00134488
0.000528042
0.00102798
0.0017681
0.00200984
3.06784e-40
2.61768e-20
0.000705263
0.00126565
0.00175111
0.00200146
0.00218698
0.00214413
0.00214237
0.00144713
0.000578598
0.00106755
0.00177614
0.00200874
3.0721e-40
1.4109e-18
0.000644338
0.000949822
0.00145241
0.00178101
0.00201314
0.00218699
0.00214502
0.00215134
0.00146135
0.000585448
0.00108032
0.00176639
0.00198864
0.00209319
3.07636e-40
-1.76065e-19
0.000695763
0.00139495
0.00113572
0.0017771
0.00202035
0.00218646
0.00215676
0.00214007
0.0014916
0.000580869
0.00107232
0.00183103
0.00201475
3.08062e-40
2.2837e-20
0.000560721
0.0010446
0.00154354
0.00193101
0.00218639
0.0021478
0.00212385
0.0014918
0.00058013
0.00107778
0.00178706
0.00200445
3.08487e-40
3.27607e-20
0.00122909
0.000586258
0.00168701
0.00196663
0.00135103
0.00212265
0.00214779
0.00218644
0.00148896
0.00060012
0.00109918
0.0017784
0.00202798
3.08912e-40
3.17927e-40
0.000708043
0.00176411
0.00199972
0.00143948
0.000904639
0.00215821
0.00217749
0.00142249
0.000796653
0.0017646
0.00201085
0.00213455
-7.59025e-20
0.00054704
1.36331e-18
0.00200434
0.00174999
0.00129212
0.000681794
0.00215392
0.00218688
0.00104374
0.00138047
0.00171428
0.00196734
0.00213429
3.09761e-40
0.000666382
-3.22847e-20
0.00199495
0.00168022
0.000576842
0.00112095
0.00213689
0.0021869
0.00132241
0.00169106
0.00197465
0.00214143
3.10185e-40
0.000866102
7.25485e-20
4.52058e-20
0.00177431
0.00197274
0.00144785
0.000628805
0.00113119
0.00212658
0.00218662
0.00132323
0.00174763
0.00200837
0.00214263
0.000594002
0.00105903
3.11032e-40
3.20758e-40
0.00192891
0.00161504
0.000625943
0.00119639
0.0021243
0.00197918
0.00218594
0.00155687
0.00213227
0.00193148
0.00125199
0.000608264
0.000936409
3.11455e-40
2.58434e-20
0.00163631
0.000634679
0.00116355
0.00185666
0.00218692
0.00201554
0.00212448
0.00215091
0.00203635
0.00169714
0.00198266
0.00142384
0.000518283
0.00103394
3.11878e-40
2.93365e-20
0.00150938
0.000607215
0.00108924
0.00172602
0.00195551
0.00218542
0.00212723
0.00214625
0.00197648
0.00178047
0.00114488
0.00150226
0.000591113
6.17947e-20
-1.37522e-18
0.00135432
0.000674899
0.00107343
0.001705
0.00198849
0.0021868
0.00214371
0.00216059
0.00202216
0.00177307
0.00105953
0.00151171
0.000523633
3.12722e-40
3.75201e-20
0.00146354
0.000577539
0.00107097
0.0020416
0.00180129
0.00207827
0.00218352
0.002157
0.00180313
0.000975032
0.00144741
0.000576808
3.13144e-40
-7.67853e-20
0.00149144
0.00107447
0.000570635
0.00200531
0.00196524
0.00175803
0.00213597
0.0021866
0.00215249
0.00172458
0.000720535
0.00123273
3.13565e-40
2.37925e-21
0.00139514
0.000665424
0.00106998
0.00199022
0.00203665
0.00178797
0.00215465
0.00217465
0.000769956
0.00168774
0.00132173
3.13986e-40
-6.18606e-20
0.00148816
0.000562439
0.00107106
0.00197976
0.00212565
0.00203695
0.00179773
0.00218693
0.00214449
0.000904789
0.00140863
0.00175191
3.14407e-40
0.000571138
3.00684e-20
0.00147918
0.00102252
0.000540764
0.00201449
0.00215551
0.00199088
0.0017361
0.0021304
0.00218617
0.00127062
0.00152327
0.00187045
0.000976629
3.14827e-40
0.000529262
-4.64547e-21
0.00125831
0.000614964
0.00214387
0.00146541
0.00202405
0.0018177
0.00217185
0.00146096
0.00178329
0.0020392
0.00180627
0.00104356
3.15247e-40
0.000557379
1.29907e-18
0.000778272
0.00124653
0.00217771
0.00173839
0.0020321
0.00215551
0.00147239
0.00200291
0.00207706
0.00177742
0.00106812
7.59025e-20
0.000587321
4.65046e-20
0.000737353
0.00174904
0.00136617
0.00218514
0.00214849
0.00200901
0.00147949
0.00202219
0.00214723
0.00179898
0.00111003
3.16087e-40
0.000609217
3.29162e-40
0.000536634
0.00104818
0.0018662
0.00150142
0.00218586
0.00210035
0.00193792
0.00153866
0.0020546
0.0021608
0.00191783
0.0011506
3.16506e-40
0.000615652
-9.79434e-20
0.000602177
0.00113724
0.00159992
0.00218436
0.00189714
0.00211156
0.00175997
0.00153535
0.00214499
0.00202613
0.00116921
0.000633809
3.16925e-40
1.04946e-19
0.00115471
0.000615247
0.00156648
0.00120914
0.0021863
0.00185913
0.00209735
0.00189038
0.00160708
0.00212756
0.00115982
0.000642689
3.17343e-40
0.00126572
1.42755e-20
0.000639505
0.000953087
0.00158788
0.0014488
0.00218621
0.00213287
0.00196766
0.00215261
0.0017243
0.00198871
0.000620493
0.00106832
3.17761e-40
0.00150228
4.52058e-20
0.000548331
0.00107594
0.00183197
0.00155064
0.00218551
0.00209485
0.00214306
0.00184255
0.00200029
0.00058301
0.00112698
3.18179e-40
0.00189713
0.00155943
6.0272e-20
0.000585002
0.00112556
0.00190562
0.001583
0.00218662
0.00211333
0.00211477
0.000601014
0.00112087
3.18597e-40
0.00204129
0.0017975
0.00139788
-6.18606e-20
0.000583224
0.00110565
0.00151803
0.00180054
0.001918
0.00218695
0.00212038
0.00216045
0.00105647
0.000688668
3.19014e-40
0.00205746
0.00178034
0.00151854
9.10754e-20
0.000584976
0.00109764
0.00150306
0.0018562
0.00205073
0.00217969
0.00218024
0.00196454
0.00123015
0.000623985
1.14786e-19
0.00213864
0.00175778
-1.46758e-18
0.00103356
0.000555916
0.00131374
0.00171975
0.00202201
0.00215289
0.00218625
0.00202756
0.0014546
0.000820783
3.19847e-40
0.00215721
0.00200359
0.00178521
9.5059e-20
0.00152983
0.000627717
0.00103805
0.00218464
0.00169269
0.00190219
0.00211669
0.00143822
0.00103336
0.000565341
3.20263e-40
0.00214793
0.00199844
0.00176718
-5.32261e-20
0.00118968
0.000603329
0.00139176
0.00218664
0.00213061
0.00178763
0.00198941
0.00143343
0.00105285
0.000573123
3.20678e-40
0.0021866
0.00213645
0.00199972
0.00151493
0.00181114
5.40987e-20
0.000803678
0.00142856
0.00182051
0.00214362
0.00202022
0.00111915
0.000610161
3.21092e-40
0.0021822
0.00214711
0.00204006
0.00152084
0.00181916
-1.90341e-20
0.000554307
0.00105194
0.00150622
0.00184284
0.00205951
0.00112643
0.00053075
0.00214973
3.21505e-40
0.002177
0.00207136
0.00186771
0.00148767
-1.75202e-20
0.000592865
0.00112085
0.00159524
0.00199653
0.00178792
0.000882988
0.000522181
0.00111212
0.00216284
3.21916e-40
0.00217748
0.00207571
0.00179051
0.00140241
1.09447e-19
0.000605905
0.00113467
0.00139617
0.00202308
0.00172656
0.00068995
0.00216067
-7.58992e-20
0.00218484
0.00214561
0.00200444
0.00175141
0.00105534
0.00144913
-5.75898e-20
0.00071665
0.00119293
0.00203082
0.0018465
0.0015149
0.000593353
0.00215391
3.22732e-40
0.00218694
0.0021268
0.00192505
0.00160004
0.00113951
-1.87097e-20
0.000627516
0.00143383
0.00107223
0.00203583
0.00179497
0.000666681
0.00214516
3.23136e-40
0.00218516
0.00206882
0.00177661
0.00130454
1.92573e-20
0.000639823
0.00165346
0.00119086
0.00196264
0.000696559
0.0021291
3.2354e-40
0.00218479
0.00214207
0.00196871
0.00120681
0.00167633
3.41536e-40
0.000656566
0.00119868
0.0016361
0.00177385
0.00197665
0.000581707
0.00212695
0.000878911
7.58911e-20
0.00217884
0.00204101
0.00182249
0.00147578
-1.37535e-18
0.000604205
0.00106159
0.00150084
0.00190525
0.00218494
0.00212324
0.00202303
0.00114595
0.000601104
7.58912e-20
0.00214644
0.0020153
0.00178328
0.0014955
-1.70443e-20
0.000573816
0.00111272
0.00180962
0.00154625
0.00218691
0.00214327
0.00198446
0.0010798
0.000591415
3.24792e-40
0.00213882
0.00199919
0.00177621
0.00145973
-6.28381e-20
0.000623091
0.00119062
0.00165558
0.0021868
0.00213953
0.00196542
0.000536875
0.00104672
8.24061e-20
0.00213418
0.0019932
0.00177859
0.00148846
1.33278e-19
0.00066316
0.00124485
0.00169493
0.00218679
0.00213769
0.00198351
0.000672035
0.00125995
3.2575e-40
0.00213113
0.00197983
0.00172344
-9.52056e-20
0.00072778
0.00134345
0.00174181
0.0021868
0.00213902
0.00198702
0.00103683
0.000586067
0.00146452
3.26256e-40
0.00213197
0.00199107
0.00179842
0.00103104
-8.04566e-21
0.000528945
0.00146985
0.00177738
0.001103
0.00218691
0.00213137
0.00198819
0.00156773
0.000610819
0.00113356
3.26666e-40
0.0021389
0.00201363
0.00185972
0.000573506
-9.51975e-21
0.00149401
0.00176875
0.000628402
0.00111528
0.00218717
0.00213757
0.00218636
0.00199111
0.00149412
0.00053328
0.00104566
3.26645e-40
0.00211572
0.00176847
0.00201901
-4.75788e-21
0.0017534
0.00147649
0.00057915
0.00107896
0.00214842
0.00218842
0.00199274
0.00135809
0.000681811
3.25086e-40
0.00215467
0.00174747
0.00201561
-3.1294e-20
0.00178371
0.00145128
0.00103878
0.00057298
0.00214652
0.00218746
0.00206363
0.00143673
0.0010319
0.00057931
7.446e-20
0.00160424
0.00219852
0.00214972
0.00197681
4.10129e-20
0.0019881
0.00172099
0.00133369
0.000678897
0.00215924
0.00110468
0.00194429
0.000611408
3.06603e-40
0.00117018
0.00168898
0.00221528
0.00216868
0.00212346
3.75308e-20
0.00149053
0.00183895
0.00106668
0.000545929
0.00143305
0.00205117
0.00062286
7.52775e-20
0.001063
0.001836
0.0022423
0.00224095
0.00217361
0.0019127
-1.35741e-19
0.00142093
0.000742086
0.00154376
0.00210799
0.000590353
2.08541e-40
0.0012935
0.0019408
0.00230563
0.00225263
0.00207503
0.00162157
7.35576e-20
0.000536193
0.00107858
0.000606839
0.00173316
0.000908202
8.96676e-41
0.00227384
0.00153977
0.00225125
0.00243925
0.00206403
0.00120627
1.38165e-20
0.000621753
0.00032817
0.00150559
0.000978409
0.00176711
-1.63052e-39
0.00243575
0.00234921
0.0019017
0.00218939
0.00225945
0.00129575
0.00186643
0.000725919
3.95273e-20
0.000405491
0.00223045
0.0029982
0.00278951
0.00170922
0.00275578
0.0029844
0.0023581
0.000905769
0.000162444
1.06534e-19
-1.43327e-39
